geotop_simulations/templates/venosta_2024_00001/input-maps/aspect.asc
ncols         252
nrows         194
xllcorner     598250.000000
yllcorner     5144500.000000
cellsize      250.000000
NODATA_value  -9999.0
[rows 130 to 155 of 194, columns 58 to 115 of 252]
13.279724 334.146027 297.521545 287.409790 265.914368 111.104843 121.053665 132.680878 144.825272 143.761841 134.464539 134.535614 142.180542 138.026611 132.672180 128.744659 122.353348 121.534790 101.228889 87.520233 92.606644 99.505531 86.869759 327.061310 291.307678 297.407593 314.607574 319.841736 346.521301 4.763641 321.232605 305.861450 321.444092 344.213501 8.966599 45.409248 57.378696 326.249878 296.491333 335.849152 10.925873 329.239716 285.660522 298.456207 358.985413 1.818306 305.039856 153.680145 116.274216 105.619392 86.230896 39.225674 324.653778 311.675568 305.152618 309.703430 36.898445 38.040966
21.269386 354.040802 324.500549 313.850403 48.800041 83.659805 90.958031 108.158661 129.098907 140.040466 135.175934 133.855438 139.123672 134.236099 132.984207 109.460800 43.474731 3.789299 12.858093 40.370468 66.696716 91.706978 105.579514 287.335144 283.053040 285.622437 299.036560 313.870178 337.486359 0.454720 342.967590 319.694275 317.005920 335.626556 21.206879 48.190887 44.711357 348.321228 302.187012 328.196472 14.871552 3.409027 303.658722 293.097565 336.302673 104.273705 163.418442 157.395050 125.810020 104.009331 80.932625 14.036247 309.966217 304.152344 308.776001 325.093109 28.575741 15.937759
18.239403 357.977295 334.103088 338.743408 90.528870 105.326096 105.650940 99.911819 99.686165 104.420776 101.520317 94.620621 79.871674 72.705116 45.404911 0.945389 348.875885 354.523926 37.255909 70.135391 83.171562 91.986771 107.239769 280.479431 277.804871 275.927094 275.934509 284.748535 312.215271 343.616272 350.894806 332.429871 316.322510 327.987732 31.056133 44.932831 34.824490 2.010559 309.263489 312.005493 12.564697 20.973495 316.001892 290.394897 137.057648 116.117119 116.782906 121.556076 100.718460 81.532204 45.318306 346.932373 305.071869 287.761841 282.327759 304.911072 1.362221 356.391541
172.030396 215.256348 268.472473 69.943909 95.796097 107.854988 115.963608 101.215927 80.475334 61.896385 56.686665 49.973389 37.474232 41.667072 6.179924 343.974121 349.478027 80.799599 107.350616 102.430923 95.566887 93.210167 3.332367 276.773499 275.903534 277.538330 275.603149 269.405579 274.706604 296.886932 331.431122 325.007996 314.839050 328.691406 24.843658 38.905571 36.336548 8.130104 316.087769 292.793579 350.036194 29.607895 338.131409 334.418457 61.551357 53.670391 35.811165 27.097450 41.214680 48.039398 21.079384 335.174957 311.957764 292.899048 276.183380 282.812744 322.916748 4.991333
188.397003 202.150848 222.855560 176.612610 100.519257 89.098564 74.432152 60.785187 45.190666 40.168430 48.260162 49.557995 41.768150 34.629929 1.684685 12.482491 131.118027 144.868317 144.262589 135.863373 119.774734 101.947197 18.545456 263.039185 263.701111 263.786621 261.613983 259.090576 253.573029 240.000641 241.909271 270.321899 288.970398 315.719757 10.570923 29.100967 34.749508 14.338112 333.976013 307.892761 330.022522 13.852089 3.007248 17.636452 29.128822 7.584442 9.352982 9.602333 22.574135 33.785599 11.515945 335.335266 327.792053 327.686493 326.762390 322.746185 347.798035 76.712082
212.606506 244.296814 242.288193 158.749496 130.697021 122.317703 119.422173 114.627769 87.510445 59.997612 58.488983 55.624645 44.482903 39.227074 77.065460 128.119629 135.050613 141.840759 149.991074 149.960236 132.850876 30.684227 10.841873 294.848328 254.993790 243.947235 238.816940 243.333893 237.558502 224.108627 227.773102 244.457108 252.224442 257.347443 310.520538 8.732666 29.782566 15.890839 344.075562 321.623169 325.312561 357.452209 15.505753 32.072697 14.908699 347.533875 355.643036 6.829735 26.056736 35.183838 4.936028 336.734619 328.408478 330.751160 336.195557 332.195557 17.523376 64.385376
272.947571 271.114563 184.867462 144.578430 144.311920 145.561005 149.155487 155.344101 162.493835 159.866592 112.593269 81.353729 87.066475 115.513870 129.150192 133.046417 134.139618 136.047577 139.147095 137.862396 340.140381 341.303589 9.667877 19.731010 261.111053 239.021347 241.628326 243.875534 228.227844 224.775314 237.184494 245.900269 243.296219 242.370758 268.630310 324.462311 21.243095 6.830185 348.744019 336.085419 331.472900 339.884491 10.908279 27.183327 7.514778 342.299561 347.954010 16.426971 40.153759 32.384556 357.350555 336.892609 314.240784 305.567749 312.853485 309.588135 46.738476 72.746635
320.366943 325.954071 114.762344 122.716049 130.372314 123.296097 98.387032 98.092705 132.424011 170.227112 175.772430 124.947456 107.652557 121.800232 130.475555 134.568130 136.546173 108.535118 356.357788 339.412994 339.674042 340.267731 11.750664 35.160736 11.940399 257.610504 245.536758 239.942352 227.290604 236.594193 242.061539 239.605896 241.542313 248.878662 263.693420 288.836670 357.184448 348.449432 344.255829 345.915039 348.169891 350.843018 5.988152 19.767845 2.637314 341.428467 348.137878 17.263245 31.918236 19.322258 357.667969 351.073303 310.802338 267.424927 250.255081 251.322281 104.993240 82.956543
308.917664 24.205887 80.131729 83.028160 55.982872 35.259422 65.380890 106.988861 119.236565 154.347672 181.070831 165.963745 122.981003 116.913269 123.323578 124.259659 357.031769 341.896240 341.517975 339.738647 344.005554 343.020569 13.423210 36.356018 27.163940 15.484169 251.214081 236.197449 233.485855 247.940140 253.114166 260.385437 273.730347 282.318359 278.144012 261.913330 230.760345 256.526855 278.700195 300.537048 328.463318 19.323181 85.914383 100.370743 303.495178 297.314331 323.009155 8.309448 24.937233 16.276451 3.879562 2.055885 354.506348 348.332214 331.858398 225.648605 154.507782 94.192467
292.799896 40.518047 70.430931 45.761360 35.990269 71.565048 109.244049 118.442932 112.364784 114.982224 155.198639 166.885452 129.382416 116.065239 115.314621 13.861031 317.838196 330.160889 334.879669 335.328766 345.045471 346.842987 18.434952 39.348228 30.198002 38.132263 14.479813 249.443954 248.355560 259.707153 272.257050 281.622742 285.413574 277.732239 251.607712 206.819122 194.090363 210.513458 222.573029 220.229980 192.478134 163.686157 160.466370 170.509094 215.420959 250.986008 260.316193 297.089478 46.792858 45.568874 20.076057 356.185913 350.036926 3.174156 41.393284 110.265701 173.735138 110.224861
300.908295 46.387951 68.476768 64.272202 93.401176 105.810883 99.894623 78.247070 65.386154 84.929482 114.838249 147.280960 117.072083 106.705872 99.251030 306.430847 300.120300 306.890869 318.652222 325.195068 337.732788 350.006775 25.455994 39.255840 34.761803 49.652054 53.118427 284.556427 262.680573 265.854248 269.814880 264.607391 247.577026 220.013138 204.117615 187.682816 194.264511 219.811829 224.129745 209.086807 182.786301 167.334930 167.247879 198.805786 261.230957 268.087494 256.181396 204.122940 153.180862 148.435883 173.458649 214.535583 259.592285 14.111534 83.376953 97.355881 163.339142 155.452362
246.175735 126.651001 92.330521 93.316757 86.676880 65.237854 52.178513 60.279640 84.991676 98.770767 108.977165 137.514755 124.672470 106.716881 343.090729 305.414185 303.998413 300.415894 304.600769 313.645264 326.177551 351.002472 30.757446 41.643391 45.944351 60.135834 63.876602 18.572350 266.373413 260.320312 249.930145 235.244888 221.932358 206.357376 198.165955 191.245483 201.791046 220.436462 214.051987 200.834976 190.861542 185.338181 227.277603 263.447449 255.379120 257.588013 240.440674 161.121841 154.165466 162.023407 231.745575 284.190094 292.221405 356.987213 75.404846 79.337646 106.468758 158.818649
224.381439 193.880463 73.668190 44.917679 31.108032 42.349957 61.397995 88.343948 106.966919 112.419106 109.384514 121.079697 122.980347 111.793457 299.824249 299.577820 302.386353 300.757599 301.010620 304.904053 316.805481 355.054626 45.301159 58.750404 63.641792 69.051620 70.634575 51.286892 272.764771 255.397995 239.854462 235.876907 235.683304 222.041016 209.767639 211.419861 228.255020 235.673981 227.202591 225.881409 240.464096 271.318604 299.760986 314.034424 307.618164 281.201355 206.965714 135.754944 152.447189 192.697632 235.933823 237.864227 225.846680 212.453659 70.467926 68.298447 79.039665 112.351692
272.795959 297.984619 22.434692 41.492390 61.910809 87.870819 99.830109 104.614601 108.783653 114.079575 111.454636 107.654984 104.033348 44.848652 289.740967 296.195709 300.716125 298.180145 297.086273 295.976288 302.479553 14.992737 74.156921 81.345306 82.691734 82.046272 80.585213 70.009277 276.950775 267.223053 268.017029 274.292053 280.988647 294.991882 311.694794 314.406281 312.387146 312.437683 313.460144 309.985046 307.087524 314.630371 324.865814 334.070648 340.208313 330.241516 130.187973 131.591095 160.647125 200.282883 220.436111 215.445709 207.973267 230.534927 296.430847 68.094131 70.232834 52.869076
285.161255 273.461243 138.305206 134.126068 123.852631 114.778351 106.542206 103.218155 109.150787 117.205711 115.736191 111.028854 102.076286 304.993652 291.160156 295.251526 304.295990 305.685913 301.235535 295.448547 297.842560 76.980255 88.220383 77.169106 71.353294 76.076241 80.376099 72.693069 289.968872 283.519226 282.474121 281.061188 288.689758 308.977295 329.071625 337.013672 335.707794 335.659698 339.733765 338.593628 330.526978 332.143982 334.878143 336.612793 134.596512 149.061066 139.914612 142.190094 169.675278 240.300842 272.863525 275.612183 273.040588 271.312683 272.948975 79.675446 59.910622 31.516941
296.389832 176.784515 145.298248 148.004578 140.290085 131.268600 115.623230 103.984581 105.099922 112.793579 112.316925 107.298553 89.169472 299.407349 291.664734 283.454010 282.626617 288.886108 291.495789 290.766296 311.736145 45.996349 61.835236 59.855286 62.518959 71.403267 75.164574 62.806671 293.545959 273.813416 270.892395 271.559387 274.635468 283.135803 299.116150 318.294983 326.501190 326.856750 327.621826 327.513153 324.526398 323.456360 172.998734 150.208862 153.627869 160.268845 163.876190 178.488144 191.101990 252.573349 279.477051 300.924927 310.725220 296.392456 302.935120 77.286369 51.243279 53.236599
24.331245 114.751541 125.987381 131.987213 136.111755 140.749985 131.869232 110.182579 101.994957 104.785072 109.553192 107.540314 278.252533 285.486969 288.326782 287.248535 285.131348 286.012817 287.678192 288.519775 310.834839 33.143253 53.666939 61.403305 72.104362 76.490196 73.088646 64.886559 292.150238 266.160461 267.797424 267.293884 264.711823 262.433044 260.179749 254.258377 236.965134 220.931931 234.270462 259.963623 249.888931 163.797409 157.239349 153.972137 153.575043 165.302673 194.858612 222.912018 254.211288 276.234497 279.194763 293.351013 309.835205 306.135376 343.787872 56.455475 50.858727 77.392021
79.202133 93.062286 103.267548 101.493240 94.975258 96.831726 104.722488 100.185158 92.301643 90.335060 99.727959 104.825287 292.629150 294.616821 302.242462 301.170288 295.054016 297.580902 301.974579 301.639099 316.191711 40.364536 74.586189 86.658844 90.830315 85.122246 76.148582 67.041405 11.007858 271.380737 266.427185 263.961243 261.043945 255.569931 247.233246 233.130096 219.372238 233.755249 264.497681 263.225555 172.388062 146.034210 154.546677 166.931549 184.433838 205.301376 267.233215 299.262878 323.179138 319.887512 307.727509 290.740906 294.665161 305.818787 0.253891 49.168705 54.516491 66.355667
58.563171 75.051994 68.174622 56.405712 60.515739 69.585327 81.607071 88.258087 83.529076 79.824493 81.681366 63.841293 292.766602 296.713806 313.145752 323.975769 306.090637 283.749054 273.437683 266.030334 261.653870 74.600616 74.067238 75.481735 74.018127 72.219345 73.818771 72.415733 47.942520 274.635468 270.603088 273.255310 269.053040 258.819763 246.332779 239.407532 248.404694 272.238007 280.040314 250.532089 135.758835 136.995377 153.625015 176.416458 202.432983 221.099503 258.366364 299.671082 327.973419 340.684052 345.714600 318.510193 290.561340 282.040894 38.541183 67.000702 70.226944 72.601540
74.898903 82.049866 76.575905 83.878632 92.765480 94.406746 94.863403 97.693466 104.420776 100.520782 87.248718 62.866707 280.904297 281.504822 290.093445 312.344238 323.461304 289.241150 251.241348 244.009659 241.639786 206.896240 69.753380 68.514557 62.318939 70.444962 78.191177 78.757477 71.257042 270.557007 264.848267 262.428375 261.942017 257.199097 250.844391 249.948257 251.690155 254.572388 246.969162 173.927551 129.173660 130.486008 148.937805 180.291824 224.313858 250.092163 266.870178 282.475891 304.362488 331.411896 356.275482 349.855438 308.445374 225.672058 178.386459 159.213654 101.260895 92.180550
144.848068 119.873734 114.973160 119.412842 116.516373 107.291954 97.989326 91.807739 91.639595 93.547127 88.976349 66.675568 280.051941 274.655731 263.571259 257.936798 275.679810 301.422516 287.061340 285.980011 295.023407 328.846191 58.043694 69.591003 65.564613 72.503387 72.259659 65.986710 64.204018 269.046967 256.309082 251.529724 249.970749 245.245804 244.464951 245.457870 242.376221 238.240524 224.375549 164.279083 124.656586 127.274170 151.934814 213.690063 268.535889 275.304321 274.672913 271.288635 273.728943 292.116089 348.063354 30.627220 62.525566 155.259033 169.508514 177.365540 130.295746 95.718597
155.235260 128.049896 99.940575 88.775337 84.485092 80.483223 73.372139 68.948349 66.346497 71.668350 84.157951 48.282616 281.241394 280.099426 283.353882 273.602966 264.304688 279.993042 287.878693 283.379272 288.588562 323.808716 63.790188 69.904770 63.412937 68.807465 68.632530 64.574493 61.685783 351.185669 252.795639 247.786850 244.189133 233.972626 232.088974 234.384750 234.041611 227.497025 211.313950 168.371384 132.531372 141.031845 197.874161 267.960205 281.185364 274.240631 270.460815 268.686859 265.230286 266.280823 279.893921 80.944397 91.802902 115.628418 135.293823 153.344437 121.192482 68.509041
164.211288 160.191223 139.010834 120.835922 106.181030 106.344788 107.916451 102.867104 99.720444 99.069069 98.771324 293.050598 279.873230 282.222412 298.092102 316.842865 315.415955 297.565125 279.487366 269.841858 268.234131 267.190186 97.398178 99.948196 100.122734 91.383224 79.764572 71.254509 63.061493 40.854721 263.302673 240.092575 234.244324 220.191208 221.792816 226.817047 225.000000 213.971954 194.433258 166.557983 146.994797 165.910614 233.664139 261.142029 274.203156 277.877686 279.373962 276.976562 268.076904 252.631607 223.633575 104.524155 66.879150 74.091171 80.362465 67.579575 60.366085 23.017563
162.607727 167.047241 164.825836 160.785568 147.584961 142.951416 145.228104 138.110840 120.661583 112.020943 107.600426 292.384155 280.510864 276.183990 281.950317 306.189270 341.606934 338.615387 302.128052 282.248291 267.341431 243.138077 96.109947 96.105667 97.013763 73.714310 56.888657 60.690639 57.106098 37.126060 24.443954 247.036224 223.272552 210.866241 218.807816 222.002213 212.005386 201.677704 180.503464 161.313873 164.656967 232.747772 275.883423 282.832947 288.234619 290.404236 291.682312 294.798615 287.887573 233.159210 206.073532 198.793549 132.284454 75.256439 57.842754 39.847919 19.057701 353.345581
155.799591 157.196777 157.819153 149.263123 142.197876 142.107422 137.295197 107.340256 96.264870 100.306030 93.853477 296.498413 288.584930 271.769897 260.864288 262.270752 299.327179 345.169067 326.416687 312.637634 287.273712 285.049866 76.122467 69.312042 49.796799 32.078236 53.198650 65.280273 53.890423 40.319557 46.802902 60.488503 211.934784 213.932144 215.147263 212.858398 204.857437 198.251892 179.422333 169.343155 245.446579 287.451233 296.980225 297.265076 298.183411 300.340515 298.553436 292.973206 235.328400 171.641937 202.358734 217.427826 206.802460 108.047821 26.367706 0.535461 351.609558 350.144958
74.744881 30.645744 43.204994 79.137451 92.495407 88.585579 41.820171 75.256439 95.460556 95.752029 324.594604 300.995544 308.659790 297.743225 263.295380 250.698868 252.609055 290.291107 321.695374 330.832397 326.956573 325.586060 55.743347 72.304840 76.243790 89.118599 90.855095 77.380676 57.219315 46.064854 43.223957 39.110321 25.426872 284.983978 213.430573 209.043549 206.038147 203.154755 202.779465 245.772247 281.631470 284.782715 284.193512 279.529175 277.533447 279.256744 272.437805 224.167969 164.552948 173.889771 246.822556 259.624146 250.385788 270.570068 344.623749 4.286102 336.674652 300.842346
