geotop_simulations/templates/venosta_2024_00001/input-maps/aspect.asc
ncols         252
nrows         194
xllcorner     598250.000000
yllcorner     5144500.000000
cellsize      250.000000
NODATA_value  -9999.0
[rows 104 to 129 of 194, columns 174 to 231 of 252]
261.166199 233.698624 195.101105 164.163483 173.012527 178.994904 163.794006 151.121643 134.574249 120.110146 119.584839 157.493408 188.283478 186.352158 174.949249 154.128357 141.744431 134.948517 149.923004 169.905029 161.996918 151.539825 147.277100 152.031815 164.691803 173.799286 155.579376 136.077225 129.542786 141.021454 111.875595 321.686127 327.965424 316.213409 320.873352 328.775024 334.093506 337.979401 339.313782 346.897217 7.666801 20.119637 32.085369 35.031643 15.846214 3.345795 357.847046 329.718323 325.947174 341.809204 345.180573 338.357239 344.495605 342.582031 346.052917 2.300545 356.003021 348.544525
218.135300 200.370789 188.319870 175.373123 174.982849 168.808487 159.866333 156.948700 149.175720 135.872452 131.389694 147.082794 171.269958 184.003296 175.096222 155.544891 150.951706 146.652496 147.241699 161.632019 164.054596 156.401733 152.036224 159.557312 172.374847 178.024750 162.407776 142.816650 123.790047 312.380188 342.467896 338.594299 303.580750 297.863220 303.851013 313.822876 324.352966 335.136292 341.010132 350.776062 7.125015 22.456940 29.054604 20.826424 348.581543 344.134277 354.829529 352.316010 315.000000 324.825287 345.952148 341.508148 343.874573 344.292847 352.720215 9.038071 2.370033 340.266510
184.807953 188.305359 189.697388 180.511963 172.891373 166.003540 160.235260 157.520569 152.708191 143.011230 133.696075 130.914383 148.411346 175.339447 171.945282 157.067902 156.213486 157.236389 156.314407 155.172668 155.600555 154.111435 152.439087 159.050476 176.086884 172.319183 160.312485 148.854614 132.643188 302.557861 325.898590 357.674652 340.880890 299.112854 297.454285 301.657166 309.721375 324.918640 343.015259 349.310913 357.108734 4.085617 12.359512 14.781075 327.667877 329.358704 347.288147 6.468826 338.579102 306.721588 331.306610 342.501953 342.072083 342.252899 351.544159 13.446167 22.195457 332.203735
182.083344 188.578690 190.427200 176.454498 170.685211 169.906677 165.308807 160.446365 155.482712 152.592422 150.166565 136.739929 131.911255 155.315491 163.116211 157.651825 157.884033 159.135590 166.521744 157.451080 141.225830 130.407394 126.652084 235.848602 190.296112 109.289200 152.038391 315.543365 331.374023 331.561829 331.985474 351.619812 356.899170 346.280304 345.026306 346.234802 347.636292 351.456085 352.098389 341.207703 339.702423 345.298737 10.093521 23.482018 317.990356 312.614075 336.319519 8.882149 12.555824 295.448853 291.153748 330.435852 342.665192 342.286713 345.224091 13.949608 30.462803 339.973907
185.962952 190.157288 186.048508 168.238190 169.764694 178.070343 172.437714 162.873260 155.183716 153.046356 154.493073 151.218155 141.436234 141.009003 148.797806 150.839798 154.320724 159.462952 178.069031 157.079895 115.463348 77.602753 88.442787 204.589172 262.038330 10.748299 334.959229 322.689667 333.597382 338.362915 338.778015 346.798920 353.091858 350.490540 350.505646 355.094849 1.647026 16.601715 16.494888 330.625977 321.640717 332.684387 15.255119 36.760609 315.322510 299.491974 323.976379 7.450249 27.897270 340.620972 289.242371 305.341888 336.785919 346.359283 346.328674 11.768288 35.449451 350.664063
188.488953 184.426971 174.534485 162.780075 170.566528 183.727356 178.307022 168.137924 158.786987 151.783539 151.319092 158.560699 156.966339 145.842529 136.474197 112.287155 85.621155 61.116482 265.788666 47.964767 92.765541 104.891785 97.282326 316.726349 310.435608 335.610382 341.559326 327.360138 330.413330 338.395355 342.654541 345.746918 348.438782 350.894165 354.524109 359.356262 7.767914 30.018368 34.286877 335.459381 300.246399 314.741150 26.848846 47.478024 317.766785 293.669556 309.705872 359.369019 27.593437 19.658157 297.165741 289.340729 320.693176 348.661926 347.412292 9.263466 36.520470 352.717957
183.223511 168.055817 163.592377 165.889709 175.355438 180.667175 176.075562 171.994598 166.999313 155.443649 145.462341 150.845444 148.305298 87.848450 44.488445 44.541645 46.702724 40.232624 29.886559 179.434372 125.006081 56.045841 41.292912 317.854187 308.957703 323.730560 333.911896 326.680267 328.978119 338.115631 344.361420 345.721436 348.331726 353.467102 357.510437 359.844177 11.393303 37.333195 46.403599 0.000000 290.173157 293.071442 26.252388 44.920753 325.720825 294.928467 303.474976 344.647217 33.957142 41.439518 315.855103 280.460571 289.869141 339.443970 342.177826 357.266052 28.420635 353.444366
176.903503 164.785583 161.859894 169.325897 176.587387 177.622253 171.795349 170.937454 171.147095 156.850555 94.487923 7.370346 2.137680 15.637779 24.187355 36.596630 39.432354 21.050674 0.907448 357.709503 0.606926 359.800690 345.892914 339.343658 323.594482 323.883301 327.680389 317.894531 323.524506 338.383301 339.728333 339.266205 349.835815 356.669739 354.727051 357.988373 21.155945 53.516895 60.484703 6.852470 301.051910 293.757507 359.228394 40.974995 334.267059 297.099548 303.823181 336.474121 32.760399 33.076302 350.034576 296.613281 281.861511 315.248047 338.402039 347.302063 18.141464 359.104828
172.598114 166.120850 163.855347 170.364044 173.732513 178.459305 173.416595 355.622803 357.491516 350.151459 344.619263 348.601227 5.984955 27.645977 31.667217 36.138134 20.397209 356.259583 348.313293 355.126495 3.748001 357.401001 341.157257 339.510315 335.376434 330.817047 333.786438 314.639648 310.908997 338.239807 332.982300 328.405884 347.527466 355.643677 351.833649 359.864868 45.279945 74.346825 66.801407 351.193207 313.207642 307.373108 341.897614 28.782467 349.326904 301.542786 297.748444 324.609253 27.249439 26.714092 357.745422 336.370605 301.528656 294.530029 318.999542 338.262482 16.678383 12.438644
151.927551 134.508606 67.511131 67.511131 316.615479 310.927246 316.066833 328.361084 347.111816 349.479218 343.846069 349.854462 12.079529 30.302681 31.776932 16.626213 348.602112 343.846558 344.551361 352.004456 5.025352 355.679688 338.617218 335.077393 336.756348 335.522461 343.645569 333.920685 313.613495 333.663818 342.661652 339.744904 345.927429 349.761169 353.779785 27.042503 80.196877 85.038513 49.123493 334.265259 322.782227 319.030945 338.237640 12.046761 3.491684 314.396210 298.596802 314.816345 28.040890 24.560516 349.539307 355.585571 339.353943 294.420959 287.486298 308.962311 20.633522 24.298073
67.496964 67.496964 67.511131 315.901001 321.085602 321.391815 319.142548 320.013123 333.933167 346.546753 340.778442 349.091309 17.676109 27.338112 19.340736 350.006989 329.728027 335.389160 346.181396 353.326843 6.265938 351.298431 332.020508 329.841003 331.667114 336.672729 348.355835 354.410126 323.972626 317.012085 341.598602 353.710693 350.904541 350.585083 12.304680 60.757317 78.131104 75.926895 10.680336 314.785156 322.393036 323.439484 329.278381 1.452255 10.993179 331.871948 309.423523 322.369568 22.091362 4.369591 340.346191 0.594429 0.912430 337.833649 306.432129 291.187927 358.355591 16.691910
67.511131 67.511131 62.253937 296.160095 305.845947 320.646973 323.275879 316.461304 327.704041 341.565063 336.188354 347.566772 20.730957 20.112587 356.002686 333.710083 325.177399 331.427460 346.875366 357.290497 4.151283 356.376953 325.412903 315.647400 322.705322 332.739868 346.140198 5.846954 347.380676 299.065918 316.411926 351.831848 354.331787 4.241791 42.990448 60.312820 60.378128 59.245941 354.789337 303.197571 313.292145 326.786316 328.457306 346.504272 3.332451 343.433929 321.048523 332.808777 13.318382 343.351471 335.897766 359.569214 356.064270 353.053009 349.726990 325.322510 332.014099 355.405212
23.269531 355.614655 338.861938 304.585022 295.554749 307.785736 317.800293 318.165222 329.683228 338.198608 337.750977 347.167053 354.936401 352.525757 346.133118 334.259277 330.832397 335.740753 343.774719 355.627075 359.587799 8.358070 337.559998 300.825195 308.369049 324.462311 335.510193 7.367477 11.659294 312.011749 302.706848 333.899811 354.126038 27.667873 58.440628 52.917503 45.450428 42.624462 6.929466 303.651062 302.359497 325.203979 336.107758 336.515869 344.423340 342.312622 330.461212 349.079834 13.796112 319.963928 312.841309 339.019135 339.201721 349.496033 4.995377 350.874023 333.792297 345.715912
26.299408 6.356918 328.641205 306.414917 300.565369 302.057373 302.924713 313.126526 326.198029 333.434937 341.565063 334.624084 329.606750 336.732788 342.231903 336.801392 335.947479 339.489502 340.440430 353.720001 355.249634 13.802086 3.934105 297.511047 290.556030 309.998047 326.062866 3.507286 14.921196 329.924469 299.779968 311.491699 348.690063 39.756954 52.962715 30.738873 22.045914 31.695625 23.690689 311.042969 286.733582 300.098053 333.856232 330.434937 325.371429 329.885162 333.326935 5.810638 21.139824 333.382050 302.980164 308.512634 320.471405 339.338013 1.900108 354.563416 341.405670 351.648621
24.304550 356.987213 346.759491 325.548065 294.044220 291.665955 291.661133 297.979492 312.550354 325.251190 340.016907 318.543213 307.504150 319.033417 334.207214 335.088196 338.167114 338.188385 336.670441 353.105377 355.215454 18.468033 24.331734 311.000458 291.782532 304.992004 328.554596 6.446754 14.385872 335.631287 302.341980 292.627472 327.809265 51.685482 48.625645 20.189880 17.290764 38.524315 26.565052 337.495667 297.294739 283.578613 315.000000 325.523926 323.495514 325.242004 332.022461 13.185760 18.155006 347.119690 332.070465 319.437073 311.121460 327.405182 -9999.0 -9999.0 -9999.0 -9999.0
10.569992 343.376404 349.701752 2.633301 359.317932 331.035980 293.280640 309.068481 332.677429 351.783051 354.424133 308.682251 283.963013 294.164307 323.314545 335.597290 340.576233 339.827515 336.333801 349.661438 359.101318 33.324322 37.641602 322.543671 303.410950 309.661316 332.762665 14.983467 15.281609 339.875000 320.866699 283.891174 283.656799 52.016502 45.142883 18.434952 26.677837 41.393005 12.621231 348.400085 326.166077 301.173706 312.212524 317.842133 316.987366 323.877502 328.789856 6.092773 5.082352 338.697083 338.370911 340.252197 330.996307 0.578728 -9999.0 -9999.0 -9999.0 -9999.0
357.622528 341.047333 344.624939 9.876381 22.718338 17.347618 312.288025 306.194397 330.885223 8.416374 17.869545 332.927917 276.581940 272.750458 292.220154 323.183014 337.044250 339.211304 340.855530 348.716888 10.885529 46.631401 40.969040 320.938232 298.732941 306.060425 333.095581 27.216110 19.358994 335.837555 332.897675 288.232483 270.440735 13.433151 36.453926 19.287285 33.624886 37.613956 9.890602 349.204865 332.741028 313.852600 314.136292 315.704834 311.246613 318.407837 323.737976 345.917847 350.537689 336.063782 338.070404 349.628571 2.058769 -9999.0 -9999.0 -9999.0 -9999.0 -9999.0
337.271027 339.702423 341.057739 25.051544 37.576015 22.954857 337.508728 293.648376 310.579681 7.151299 23.150497 10.256821 298.694885 272.538116 267.695984 270.670898 290.347839 313.508240 338.023437 358.325165 26.495770 37.622845 32.717369 335.009155 293.752350 296.604065 329.819427 36.971245 29.905373 336.728455 331.252075 325.939087 269.378204 277.139496 14.672363 23.228264 35.130981 35.019413 20.744011 350.599213 323.333679 314.597229 310.625244 311.783264 310.439392 313.994934 320.923035 334.953278 341.139069 -9999.0 -9999.0 -9999.0 -9999.0 -9999.0 -9999.0 -9999.0 -9999.0 -9999.0
312.179016 329.439606 345.511505 33.504745 27.930691 18.537811 10.791168 297.541443 298.336517 348.481323 26.060997 32.652412 327.297699 266.299438 246.028168 231.210892 236.811218 256.239197 290.154205 351.103516 28.815693 26.426991 28.405781 353.025085 291.716919 285.214905 319.159637 40.018917 32.396687 350.647034 330.913208 351.715698 335.409882 291.070740 320.138123 21.773811 32.301441 29.617058 27.715218 2.894516 323.310272 319.144623 314.892303 312.075836 311.610138 312.175720 318.670837 356.268616 -9999.0 -9999.0 -9999.0 -9999.0 -9999.0 -9999.0 -9999.0 -9999.0 -9999.0 -9999.0
314.288269 317.747498 353.490112 32.150852 20.913422 19.013329 30.983326 312.370911 292.205994 326.717438 30.260906 46.914253 22.959717 277.284027 267.814209 269.755676 267.750854 263.208679 271.351074 311.363647 28.037895 27.570137 26.218777 9.209068 301.044983 283.958282 304.586182 52.125015 37.593086 348.988159 311.135986 342.125854 9.396599 309.190887 291.751099 349.552185 22.710793 27.467609 32.171867 8.031654 336.180420 332.707611 327.203033 321.444641 315.167297 306.260529 285.697815 -9999.0 -9999.0 -9999.0 -9999.0 -9999.0 -9999.0 -9999.0 -9999.0 -9999.0 -9999.0 -9999.0
321.147888 307.612518 350.238220 30.256435 20.706718 21.381393 43.699783 327.978271 292.475250 311.213135 24.580849 50.145458 38.931889 310.998779 285.708618 291.656006 301.347595 297.790436 286.021057 295.769348 8.204102 27.349876 28.981869 14.595909 324.177673 290.597229 302.336456 42.901093 34.845734 352.522675 290.766968 304.398071 22.628220 352.752747 276.383484 287.161926 4.218292 29.744881 30.913277 8.205193 343.408081 340.346191 333.886078 326.893311 315.566162 264.220520 -9999.0 -9999.0 -9999.0 -9999.0 -9999.0 -9999.0 -9999.0 -9999.0 -9999.0 -9999.0 -9999.0 -9999.0
346.279816 307.301758 330.972809 20.737740 21.918221 22.514977 37.652218 346.417053 303.797424 315.789154 12.270554 42.400314 33.636719 1.491287 274.990631 254.452255 254.326477 264.632629 270.771912 272.992187 313.319427 24.075500 31.407654 13.351463 349.350189 300.622986 302.342712 30.927029 36.753677 2.368546 296.955475 278.471130 343.833008 14.012039 321.554932 280.382385 309.447021 22.071739 27.092068 9.885872 348.808594 342.280273 338.102325 341.272980 -9999.0 -9999.0 -9999.0 -9999.0 -9999.0 -9999.0 -9999.0 -9999.0 -9999.0 -9999.0 -9999.0 -9999.0 -9999.0 -9999.0
9.439491 328.489227 316.932556 8.369675 28.606369 25.889244 32.118683 0.355873 301.994934 306.266083 6.771652 35.682915 31.135723 24.959488 338.741516 290.999329 254.116150 239.911041 242.732590 242.260574 250.493256 327.804260 26.248234 15.500084 10.233971 322.741364 303.192261 32.084064 47.334133 8.039444 317.276611 298.201630 305.152985 353.157227 6.881721 303.378845 283.608093 346.669739 22.871780 12.621231 349.483948 337.308167 342.897278 31.034363 -9999.0 -9999.0 -9999.0 -9999.0 -9999.0 -9999.0 -9999.0 -9999.0 -9999.0 -9999.0 -9999.0 -9999.0 -9999.0 -9999.0
16.440376 352.591034 325.788330 357.502686 33.257927 29.722439 39.305801 14.222473 302.337646 296.140625 348.051453 28.593754 34.751263 31.222595 347.624207 334.789398 341.188110 294.470673 254.094299 248.221237 255.211319 273.814087 356.766876 18.859619 21.375267 350.130768 318.073334 18.992744 32.960888 358.898285 337.410919 328.012207 312.846313 330.973511 16.778458 355.127563 296.208374 309.020752 24.901329 25.239212 349.992004 -9999.0 -9999.0 -9999.0 -9999.0 -9999.0 -9999.0 -9999.0 -9999.0 -9999.0 -9999.0 -9999.0 -9999.0 -9999.0 -9999.0 -9999.0 -9999.0 -9999.0
14.997887 1.068825 345.190308 4.596405 32.627148 36.649246 50.633110 17.253761 309.047913 308.799988 337.917664 10.634758 28.941017 20.741325 343.313782 338.055084 353.380951 354.650818 314.913696 281.760498 268.644867 271.525879 308.250824 14.053200 18.954231 5.204552 344.552032 8.301842 15.255119 352.409424 348.568359 341.697388 319.033417 321.264679 5.157616 5.253799 334.776062 323.185028 -9999.0 -9999.0 -9999.0 -9999.0 -9999.0 -9999.0 -9999.0 -9999.0 -9999.0 -9999.0 -9999.0 -9999.0 -9999.0 -9999.0 -9999.0 -9999.0 -9999.0 -9999.0 -9999.0 -9999.0
11.836029 357.817810 354.877625 15.517441 29.336216 36.450306 49.498981 21.956406 302.385010 294.516632 316.090057 350.965515 22.547379 15.799156 344.556763 341.390900 347.345001 359.085175 337.507050 320.250275 299.438477 277.192719 283.250641 350.951111 14.210289 16.414124 352.622101 0.327400 6.194916 350.968933 352.923615 346.840820 330.794189 321.019165 345.647217 5.258675 3.094055 -9999.0 -9999.0 -9999.0 -9999.0 -9999.0 -9999.0 -9999.0 -9999.0 -9999.0 -9999.0 -9999.0 -9999.0 -9999.0 -9999.0 -9999.0 -9999.0 -9999.0 -9999.0 -9999.0 -9999.0 -9999.0
