geotop_simulations/templates/venosta_2024_00001/input-maps/aspect.asc
ncols         252
nrows         194
xllcorner     598250.000000
yllcorner     5144500.000000
cellsize      250.000000
NODATA_value  -9999.0
[rows 78 to 103 of 194, columns 58 to 115 of 252]
200.567657 207.621078 217.386429 220.406967 210.944687 187.214264 131.820175 100.847351 94.387497 95.539185 95.505478 97.758942 99.763931 95.493591 94.184914 107.160347 199.885162 208.442932 203.051300 191.689362 261.808319 278.252533 286.028687 298.036194 290.797180 271.375977 259.721283 240.352463 222.946457 219.328537 206.940887 197.553543 203.464279 210.800461 222.078171 231.576492 199.949020 143.243042 129.081940 127.298874 125.800186 128.387589 135.153809 133.579742 137.340973 143.368774 141.907928 171.384354 282.633362 307.897827 314.798706 322.047333 319.939209 309.405548 273.434937 254.328751 248.350327 234.283554
86.339600 195.660034 218.276337 214.589508 211.533844 201.139832 165.567429 141.828156 128.142334 122.776871 112.047180 105.608315 108.876602 112.219269 106.742859 110.303406 214.271149 207.582031 205.346176 190.007980 251.281418 257.751831 248.863052 229.330399 231.049530 242.702667 229.519501 214.535309 209.269409 209.828644 202.572876 203.300964 209.621979 211.239212 214.158264 210.102646 190.215240 146.035797 129.006393 126.269211 119.143280 118.601807 124.972595 130.666412 136.929443 137.072662 152.342575 281.967834 304.542969 304.388611 309.113342 321.016663 319.827484 332.369110 330.117157 271.080933 250.750473 236.222458
52.987869 86.375244 198.864929 205.820984 209.250366 201.166962 175.533691 155.834839 142.007843 142.678955 133.509720 124.525131 123.225266 123.407822 123.873550 135.000000 203.198593 192.528809 200.772247 186.818207 247.505310 249.131271 230.186737 218.414520 221.315201 220.320740 213.012482 208.457932 205.581528 199.575821 194.149475 202.566376 209.044632 209.338531 215.504608 216.807495 201.364853 154.924225 134.054611 133.690109 125.893875 117.566437 115.942291 122.552376 133.033035 133.384399 267.843445 295.594025 305.188721 305.589020 304.789551 313.852783 318.957947 340.325897 5.931526 313.390259 259.368103 248.482590
52.197208 55.910267 68.385223 189.711182 203.455460 198.600067 185.300934 169.024353 151.727966 155.257278 147.418579 141.864716 146.431625 136.124680 135.229645 176.185928 188.130096 191.309937 198.225067 183.900497 246.687439 243.648392 221.442673 219.253738 214.773590 204.513855 204.173859 204.941513 201.166672 192.508911 191.426483 203.386597 210.499832 213.794769 224.558701 224.767090 205.160248 166.209137 132.544571 127.979630 131.169312 128.328110 121.607498 122.041588 129.171249 166.102814 290.157593 296.451599 296.609375 296.148438 298.122131 299.720581 305.981659 334.457977 20.895668 17.080231 277.804077 260.882141
50.837219 49.193779 47.752487 56.743252 156.202820 191.944031 187.257431 175.518723 156.618240 155.982208 146.646530 128.252716 127.426437 123.507309 134.746475 204.193207 187.125015 197.684387 192.994614 180.351501 233.360611 228.728867 211.946350 212.956238 203.991974 198.574432 201.525391 202.647430 205.465698 199.615204 194.375275 207.289474 221.380692 231.407913 234.744492 222.409195 206.595154 183.061523 130.150162 117.084167 122.783401 125.795959 123.295181 122.301773 129.417374 271.685303 286.199646 287.273499 283.701508 279.141663 283.010864 285.025757 281.270538 297.572876 32.471191 44.659634 358.498199 272.484161
46.632523 50.982403 52.641182 48.964653 53.003342 83.813263 169.798553 170.283875 150.316864 139.127594 116.960190 58.836052 51.821659 68.240997 95.844566 203.886505 186.709839 195.124008 186.340195 177.904755 213.586639 214.202133 203.749496 203.290115 197.298584 198.801056 202.990295 205.210251 212.764801 204.792450 195.356995 215.378479 236.494995 238.597702 232.331650 220.210449 213.456726 194.808380 140.763611 124.309372 126.190018 130.959137 127.130142 122.430283 157.067902 286.627930 282.925079 278.228088 279.531860 280.550232 279.616272 273.190247 256.834900 250.661819 337.109436 49.693756 14.602997 297.561707
46.231197 53.302433 48.741184 43.123184 48.337444 48.245937 38.113739 34.282516 36.548016 28.799278 9.481964 19.157677 43.495205 53.899055 58.020874 104.252007 192.364746 187.917511 183.489319 182.174744 187.804108 199.467194 202.431000 202.159393 199.679016 203.634125 206.788986 206.823273 209.279633 206.294220 207.953400 226.201828 233.256577 228.335556 225.087204 218.161209 215.011200 194.697327 142.101593 129.811829 131.480545 145.091064 142.182709 135.170837 284.174530 292.556885 282.439575 275.248352 275.531281 276.197632 272.976685 265.135498 250.891617 246.737335 255.844940 28.319733 10.272209 324.103882
67.212570 68.625053 67.017853 70.095261 76.168198 68.887703 29.664684 13.016724 11.125954 6.761887 359.653442 11.661034 32.256477 45.535458 56.433407 63.566063 173.064209 184.830414 183.704620 188.615646 168.197571 177.455200 203.198593 210.008911 205.596375 204.026505 206.959595 206.932327 210.526581 223.693802 232.348984 233.254181 231.585632 227.275452 226.548157 221.698135 214.339661 187.511230 141.276474 131.223572 132.381058 150.707657 161.158905 217.135986 279.372070 275.421997 260.119690 256.216156 259.003723 260.340088 255.859985 253.171936 257.561768 261.057251 265.997681 314.017883 0.697746 336.043762
139.376831 115.315506 117.399292 122.210434 99.125008 43.883991 0.690277 2.780167 7.824821 2.408447 357.784149 15.467422 38.103119 53.034927 61.590847 62.565170 69.984947 182.862396 186.441589 185.117310 165.256439 162.645966 191.993347 207.002411 204.211761 198.434952 204.918030 209.475891 216.356140 232.358398 233.739044 230.962845 231.446762 225.828812 227.988251 225.406342 212.574066 177.771057 137.959595 129.091797 129.601181 140.440338 176.315857 247.540497 256.959778 248.822433 260.021515 268.596619 260.879242 244.857346 239.966721 240.719070 249.379257 266.765259 276.444977 293.577698 342.346741 335.772247
165.722107 142.150299 118.729271 66.288635 10.372063 359.177216 356.754333 5.332161 11.630692 7.384941 6.745583 35.178520 58.343346 64.983109 64.138687 66.928093 72.699471 127.568588 188.011230 175.601288 164.357758 159.319305 174.975922 196.363129 219.518707 223.657379 209.450195 211.966644 210.635406 225.000000 229.184921 228.388550 226.799835 221.601364 226.208984 220.927872 201.185638 170.139954 140.957779 124.162659 122.921326 126.497650 296.547424 283.835510 282.724365 290.288147 296.645020 301.338348 304.930054 290.264526 272.052979 260.895844 262.409302 273.544769 282.768799 289.287842 319.516663 330.264191
135.258087 84.011848 10.184036 350.571655 354.340515 359.000305 9.841644 32.590626 44.104828 39.623295 56.452339 78.080559 81.476120 80.874451 80.967560 81.780296 81.435478 92.808487 188.642792 172.130920 161.854431 151.172150 160.201126 185.863861 237.022278 261.187103 73.300758 175.940643 193.840698 222.125122 230.736496 227.832413 223.838760 214.155182 216.579575 208.308640 187.910217 169.327332 155.387177 129.805573 116.247330 158.827423 249.590118 280.971436 289.001709 293.571350 295.163452 297.053864 305.651611 315.889618 316.338867 301.540466 288.701294 286.505890 286.617554 285.081848 298.176178 318.251953
7.148918 356.925262 350.994354 344.554291 0.943954 46.055328 99.605202 122.574059 143.452682 163.128052 158.533798 146.616730 130.236359 116.679871 110.370972 104.710541 102.699585 112.768684 181.613541 178.814728 164.744873 148.897171 147.875000 172.874985 223.315323 218.640869 178.142410 158.643219 176.141327 216.334442 227.168518 224.571152 218.174347 207.320892 205.251038 195.038589 181.111938 173.003906 171.469238 166.976059 153.219818 186.828156 262.827026 266.096100 266.577484 269.271423 266.200775 261.472717 265.717712 279.625244 304.725952 311.745880 299.219238 288.405396 279.271606 269.587067 239.931412 180.942291
9.615067 359.374512 20.772255 139.864517 158.272903 139.609344 131.898041 138.191833 151.315247 166.218399 170.226364 162.138535 151.494080 142.838486 139.077972 133.834427 128.995682 135.000000 172.715973 179.615479 170.788971 156.485443 141.801315 164.180817 200.432831 196.147720 186.781097 173.898911 173.130005 207.827393 224.527466 225.197571 219.453751 210.636642 199.237228 183.427185 176.743683 177.360764 175.198212 180.305115 198.722656 285.294678 303.981262 307.392822 299.374023 275.013123 245.413956 238.816330 247.566071 257.515991 271.703949 291.497589 292.584778 287.988678 284.749084 266.962006 181.708466 170.122162
124.176987 153.688950 145.695709 150.163422 164.724030 158.105606 133.478271 131.807755 146.031219 157.708252 167.048645 161.084473 152.896133 149.071075 147.729340 146.812653 146.447174 148.240524 159.962799 168.476288 170.928497 161.878143 135.744064 152.198547 164.606918 170.155182 193.417572 182.267944 177.792542 204.609161 224.169540 223.952026 221.557785 213.850174 198.668091 166.695801 167.745728 186.775009 200.142181 278.046082 303.250305 301.237488 302.881744 310.173553 315.198242 328.501465 294.346191 269.239807 267.211304 268.593353 271.254456 276.216858 280.443665 284.538361 283.294128 220.060791 143.301300 164.009613
154.695618 163.912140 152.488007 139.227478 153.010803 167.571594 147.555939 138.395767 151.772903 155.682022 158.268311 156.801407 152.114685 147.500488 145.124664 141.341644 156.166840 154.374512 135.000000 118.739792 123.690063 122.905243 83.927544 86.987213 120.454636 135.000000 134.585709 106.927513 185.056396 214.732086 218.224350 218.269180 222.035141 219.694016 191.551010 158.416962 164.442322 273.652222 303.685852 318.152710 318.474304 301.475708 292.636353 290.133911 299.448486 332.589935 340.580688 319.708801 295.909515 280.155701 280.211426 285.214050 285.245514 284.232605 263.758087 147.680389 138.179825 158.649536
150.640045 166.314011 166.552643 128.420898 125.934830 152.812622 152.249268 146.841354 161.019897 160.890350 155.042831 152.536270 148.746994 137.726318 120.439728 1.215820 337.211823 348.901306 6.598717 21.554901 22.671341 357.436218 12.885170 36.170254 61.978001 108.622536 198.234985 113.164001 270.121765 322.034424 186.686813 220.770096 226.853043 218.505447 189.134094 204.396759 314.492981 313.856018 306.062988 311.216614 321.417542 314.814880 310.340424 309.573181 298.484863 302.826599 325.380524 335.015961 324.801514 290.346466 279.311432 285.769592 289.295166 272.945862 173.422165 145.971451 142.152664 151.534836
146.897736 173.087219 182.339813 137.933838 124.299576 129.580307 138.078796 138.358246 152.149231 156.324402 148.976318 132.521210 52.943470 354.166504 353.042023 348.772644 344.234009 350.983948 6.372856 22.512718 27.061108 6.458817 10.859505 35.380272 48.410946 59.444038 145.304840 146.392563 230.527542 243.234177 70.795364 286.433075 244.536652 219.405197 224.111771 263.519775 273.722900 277.561432 284.328247 291.718811 303.988159 315.000000 315.878967 320.565979 321.920532 300.165497 300.388489 328.465210 344.561371 321.877625 293.529480 285.255127 269.747620 184.242661 159.002151 157.343231 148.025848 139.942154
132.233932 175.618286 185.051697 146.346985 134.496933 130.863907 132.706329 132.713959 125.284981 118.308319 359.715668 356.369019 350.464783 339.763184 344.121704 348.105438 345.412079 350.682037 8.195480 27.597298 37.132587 29.385002 17.342575 43.126507 54.702858 59.931419 76.537598 137.511230 228.703232 239.395370 315.000000 320.355835 280.954041 234.019318 249.649185 250.444336 250.152084 258.218811 264.772583 271.382996 277.292053 288.873535 300.939636 304.570831 319.275848 316.092010 298.995972 303.361267 331.455750 333.168457 310.817291 260.104065 185.842499 160.945221 160.368790 168.967529 165.804504 132.054901
109.243629 150.255127 177.575943 151.005432 137.195572 132.185654 129.856125 131.185928 117.503876 328.298584 323.901581 336.934509 343.209290 336.460358 334.262604 344.357758 347.410675 350.859467 14.808380 41.482403 54.472134 46.334606 20.695450 52.078922 69.216347 78.690063 85.144646 102.164871 250.129776 258.647705 256.759460 252.758545 200.498413 183.996643 244.502701 252.268036 255.111404 258.690063 259.079102 262.015137 264.805573 265.104126 274.090546 290.686218 303.102264 314.507507 309.360535 293.447327 299.754578 317.685974 300.677277 163.710297 166.200516 162.420593 159.388184 169.727631 181.576553 154.041931
112.678459 121.187920 154.983109 148.216324 132.598679 118.734306 101.428680 77.711678 341.763855 331.147705 331.862000 332.821228 336.838165 336.197693 330.900299 336.311615 348.805908 2.354866 32.628452 63.175907 73.387238 53.004730 11.976135 37.964588 45.612110 58.944496 76.569221 36.505394 321.041351 278.553162 215.837646 221.820175 162.981445 140.527542 242.619934 245.095230 249.443954 254.291367 255.937576 259.148071 262.585388 262.682556 262.653137 272.542114 284.132385 293.270874 303.667297 299.955872 285.271667 210.323608 142.431412 140.696793 156.659790 171.855270 160.272141 163.017303 183.447388 170.151688
133.188629 135.937912 142.094223 133.451843 118.116203 109.867043 94.606300 335.514465 329.383087 335.803741 338.061523 339.737091 340.815582 334.071960 337.683594 339.992920 352.038574 23.996124 55.127701 79.695152 82.146683 29.397327 0.757835 33.441750 39.716000 47.744308 55.625313 47.588566 238.533829 166.954041 221.878891 226.909149 173.767548 132.182144 240.138733 248.772354 252.624924 253.266846 254.725830 254.282028 253.843719 256.875366 253.999390 252.527908 251.729218 245.276718 243.886093 246.275986 222.305710 155.568787 142.701721 138.945190 144.005936 169.586426 169.578156 158.423920 177.748871 178.950348
137.109619 150.020538 159.753387 139.548035 121.772202 109.573128 325.491486 317.442108 324.002228 335.003296 340.921814 345.063507 345.701294 331.250336 337.400177 349.776672 11.770470 62.956863 85.933182 87.858231 65.704224 354.245422 2.580406 45.358654 50.644070 57.189293 62.834560 63.133987 144.467865 210.170898 226.879868 184.199097 198.087906 203.964111 219.805573 256.694763 259.286865 259.763123 257.988525 254.370102 254.687180 256.102844 252.911072 248.289642 237.243011 225.775269 222.462234 217.378357 192.863785 148.385178 140.690643 145.593781 139.284073 157.722870 180.179230 158.720398 169.581558 185.651154
131.750107 147.528809 171.612976 152.792999 128.157227 340.346191 320.851105 316.900116 320.131714 328.701324 342.953644 351.731567 346.651276 328.906799 328.717346 7.125015 64.934494 83.184425 79.637817 60.536686 25.165436 355.968445 19.300812 55.244087 60.380859 69.925049 72.882950 70.099030 61.805595 234.448654 172.430634 179.051498 281.087494 316.681793 91.406830 260.784729 264.929565 266.751556 264.398010 258.572876 253.363602 250.470139 250.242783 246.122787 235.547455 228.126862 219.890274 208.430542 191.104889 152.642365 129.028442 135.000000 136.422745 148.721313 181.179840 166.304123 168.879883 185.527542
115.475891 130.555817 161.284485 240.945389 323.270782 325.376709 321.276428 319.716125 320.570892 314.879517 328.087677 349.959625 349.363922 337.932098 339.861572 44.028976 66.037514 59.541687 44.492970 29.442314 18.369881 18.121857 47.015789 64.896255 67.858765 71.797646 74.414001 75.106827 74.729904 220.545456 114.221542 275.615356 260.718384 217.595566 115.682999 248.172058 254.542160 257.997711 259.446106 252.671005 241.178680 235.441238 232.400513 228.263687 222.744064 216.530594 207.725128 199.517151 193.341461 171.090271 131.261841 111.415497 113.146706 129.384140 169.223663 171.827240 174.634369 191.130661
99.041679 90.000000 331.170349 324.394501 315.331573 315.486786 317.871643 319.096558 325.832275 317.188599 306.790100 328.763763 345.683929 346.801086 11.287376 38.995678 44.610237 42.208878 32.478245 39.155960 52.423428 63.199165 69.970749 71.927673 73.528046 76.020653 80.149368 82.121902 82.014839 117.746063 92.003822 261.076660 209.969452 191.507294 146.577469 221.028397 249.180588 251.126816 246.411148 240.758911 237.561768 232.082779 224.856049 221.782211 213.392578 206.904648 202.607498 197.441284 196.202866 183.316010 161.850815 124.215698 104.098930 111.016953 144.331406 166.847580 185.630676 228.257217
101.663712 2.963150 315.967468 325.124664 319.172241 305.367279 306.810486 307.331879 316.256866 331.129791 321.421509 307.152893 320.007965 341.273163 26.156776 44.531654 50.194427 57.020676 63.404030 84.400658 100.360146 124.290131 119.977959 95.644623 86.801300 82.670250 81.853729 82.454575 84.115303 183.839722 144.545273 235.139893 174.910645 183.907318 161.375504 172.466827 250.147980 246.020630 236.802429 232.495865 234.849014 232.559570 227.886414 226.832199 215.720505 207.603607 201.141327 194.920578 196.192474 186.109650 177.360977 160.736450 131.157547 120.029091 132.469238 158.230164 212.471191 248.004578
