geotop_simulations/templates/venosta_2024_00001/input-maps/aspect.asc
ncols         252
nrows         194
xllcorner     598250.000000
yllcorner     5144500.000000
cellsize      250.000000
NODATA_value  -9999.0
[rows 26 to 51 of 194, columns 116 to 173 of 252]
29.962185 28.201630 36.289307 28.848984 19.737801 19.619087 349.282654 317.920715 318.893127 321.907959 327.402161 327.178650 324.661377 341.522522 334.903748 321.070007 349.657349 4.168312 1.841957 336.156708 315.462036 287.838135 256.982056 247.177933 253.187042 268.425659 -9999.0 -9999.0 -9999.0 -9999.0 -9999.0 -9999.0 -9999.0 -9999.0 -9999.0 -9999.0 -9999.0 -9999.0 -9999.0 -9999.0 -9999.0 -9999.0 -9999.0 -9999.0 -9999.0 -9999.0 -9999.0 -9999.0 -9999.0 -9999.0 -9999.0 -9999.0 -9999.0 -9999.0 -9999.0 -9999.0 -9999.0 -9999.0
30.937168 33.982887 33.037949 26.304024 22.117668 20.772255 355.466492 327.315002 332.779419 329.075073 324.473877 328.582062 328.671326 353.641113 354.160522 309.777802 330.620544 16.286713 9.242012 348.548431 331.475311 325.458191 317.558319 283.633362 256.413208 223.434937 -9999.0 -9999.0 -9999.0 -9999.0 -9999.0 -9999.0 -9999.0 -9999.0 -9999.0 -9999.0 -9999.0 -9999.0 -9999.0 -9999.0 -9999.0 -9999.0 -9999.0 -9999.0 -9999.0 -9999.0 -9999.0 -9999.0 -9999.0 -9999.0 -9999.0 -9999.0 -9999.0 -9999.0 -9999.0 -9999.0 -9999.0 -9999.0
45.234818 38.027229 25.463348 21.171463 28.100014 22.699593 354.931366 314.292664 326.867737 332.363892 317.492828 322.622864 334.855225 1.018486 0.000000 305.654053 317.045410 15.255119 3.691383 353.238770 337.854004 334.029694 321.287903 317.008026 307.095978 195.600830 -9999.0 -9999.0 -9999.0 -9999.0 -9999.0 -9999.0 -9999.0 -9999.0 -9999.0 -9999.0 -9999.0 -9999.0 -9999.0 -9999.0 -9999.0 -9999.0 -9999.0 -9999.0 -9999.0 -9999.0 -9999.0 -9999.0 -9999.0 -9999.0 -9999.0 -9999.0 -9999.0 -9999.0 -9999.0 -9999.0 -9999.0 -9999.0
38.477264 22.902847 18.675690 12.238808 28.567162 27.165909 352.986237 312.876282 322.822113 340.687164 318.740417 329.747375 2.661232 5.194427 357.010498 310.045044 320.319580 2.190575 1.659554 1.134422 351.705841 347.932220 316.985199 313.143188 358.636078 -9999.0 -9999.0 -9999.0 -9999.0 -9999.0 -9999.0 -9999.0 -9999.0 -9999.0 -9999.0 -9999.0 -9999.0 -9999.0 -9999.0 -9999.0 -9999.0 -9999.0 -9999.0 -9999.0 -9999.0 -9999.0 -9999.0 -9999.0 -9999.0 -9999.0 -9999.0 -9999.0 -9999.0 -9999.0 -9999.0 -9999.0 -9999.0 -9999.0
22.452469 17.198540 22.205902 7.648460 34.034237 40.076561 340.392151 303.647522 310.183960 337.292755 316.758240 328.617310 21.464615 12.828781 350.342041 310.805359 316.043854 359.289764 10.304848 20.224861 7.359955 347.570282 310.885071 308.570221 28.904121 -9999.0 -9999.0 -9999.0 -9999.0 -9999.0 -9999.0 -9999.0 -9999.0 -9999.0 -9999.0 -9999.0 -9999.0 -9999.0 -9999.0 -9999.0 -9999.0 -9999.0 -9999.0 -9999.0 -9999.0 -9999.0 -9999.0 -9999.0 -9999.0 -9999.0 -9999.0 -9999.0 -9999.0 -9999.0 -9999.0 -9999.0 -9999.0 -9999.0
17.195663 23.994545 33.596722 6.624580 40.780903 48.764034 330.677338 301.153809 299.875977 315.683228 312.825256 329.669189 26.274212 10.060692 345.093353 311.695862 313.124481 6.977028 21.037514 32.200993 20.632271 334.142273 305.208191 314.620544 38.693989 -9999.0 -9999.0 -9999.0 -9999.0 -9999.0 -9999.0 -9999.0 -9999.0 -9999.0 -9999.0 -9999.0 -9999.0 -9999.0 -9999.0 -9999.0 -9999.0 -9999.0 -9999.0 -9999.0 -9999.0 -9999.0 -9999.0 -9999.0 -9999.0 -9999.0 -9999.0 -9999.0 -9999.0 -9999.0 -9999.0 -9999.0 -9999.0 -9999.0
11.378143 29.704712 33.901489 5.696083 42.378242 48.529190 331.878784 305.698608 311.190704 317.578552 320.257416 347.464264 17.158989 359.417358 339.904785 319.024475 331.334808 9.017090 6.962479 30.057644 29.085434 327.751556 302.186035 293.700134 -9999.0 -9999.0 -9999.0 -9999.0 -9999.0 -9999.0 -9999.0 -9999.0 -9999.0 -9999.0 -9999.0 -9999.0 -9999.0 -9999.0 -9999.0 -9999.0 -9999.0 -9999.0 -9999.0 -9999.0 -9999.0 -9999.0 -9999.0 -9999.0 -9999.0 -9999.0 -9999.0 -9999.0 -9999.0 -9999.0 -9999.0 -9999.0 -9999.0 -9999.0
320.984955 31.495735 24.399933 15.359100 53.184513 53.809364 331.056091 301.532959 310.005707 320.120789 322.969604 354.071808 12.535454 352.016693 332.625183 322.290955 346.206177 357.480896 7.533112 46.694168 33.376244 326.023437 -9999.0 -9999.0 -9999.0 -9999.0 -9999.0 -9999.0 -9999.0 -9999.0 -9999.0 -9999.0 -9999.0 -9999.0 -9999.0 -9999.0 -9999.0 -9999.0 -9999.0 -9999.0 -9999.0 -9999.0 -9999.0 -9999.0 -9999.0 -9999.0 -9999.0 -9999.0 -9999.0 -9999.0 -9999.0 -9999.0 -9999.0 -9999.0 -9999.0 -9999.0 -9999.0 -9999.0
213.407822 242.041000 3.310944 33.606621 56.666622 35.453232 341.347748 310.693176 306.847961 316.677094 327.134827 17.383766 69.915627 290.157593 286.760925 289.552002 324.090271 330.007263 33.342545 69.923264 -9999.0 -9999.0 -9999.0 -9999.0 -9999.0 -9999.0 -9999.0 -9999.0 -9999.0 -9999.0 -9999.0 -9999.0 -9999.0 -9999.0 -9999.0 -9999.0 -9999.0 -9999.0 -9999.0 -9999.0 -9999.0 -9999.0 -9999.0 -9999.0 -9999.0 -9999.0 -9999.0 -9999.0 -9999.0 -9999.0 -9999.0 -9999.0 -9999.0 -9999.0 -9999.0 -9999.0 -9999.0 -9999.0
239.643204 257.670837 287.689819 38.700645 36.815399 10.522995 349.992004 321.854858 312.362915 322.654694 106.151939 145.107834 165.064240 208.911118 237.654083 232.490372 252.038071 282.659973 72.937141 -9999.0 -9999.0 -9999.0 -9999.0 -9999.0 -9999.0 -9999.0 -9999.0 -9999.0 -9999.0 -9999.0 -9999.0 -9999.0 -9999.0 -9999.0 -9999.0 -9999.0 -9999.0 -9999.0 -9999.0 -9999.0 -9999.0 -9999.0 -9999.0 -9999.0 -9999.0 -9999.0 -9999.0 -9999.0 -9999.0 -9999.0 -9999.0 -9999.0 -9999.0 -9999.0 -9999.0 -9999.0 -9999.0 -9999.0
256.229370 254.839981 232.238724 253.300751 0.212997 359.474365 357.817230 331.178680 294.533142 163.003693 143.461288 154.017853 182.720551 226.432098 244.798874 243.651855 250.301376 245.733780 113.808350 -9999.0 -9999.0 -9999.0 -9999.0 -9999.0 -9999.0 -9999.0 -9999.0 -9999.0 -9999.0 -9999.0 -9999.0 -9999.0 -9999.0 -9999.0 -9999.0 -9999.0 152.130310 135.752197 118.835503 103.479988 99.752426 -9999.0 -9999.0 -9999.0 -9999.0 -9999.0 -9999.0 -9999.0 -9999.0 -9999.0 -9999.0 -9999.0 -9999.0 -9999.0 -9999.0 -9999.0 -9999.0 -9999.0
267.856750 254.867691 231.832932 242.793472 264.187500 312.420837 14.036247 141.968262 165.406403 159.959290 143.936783 146.490982 193.657654 224.108047 233.831650 241.069885 245.431198 226.007050 141.877930 -9999.0 -9999.0 -9999.0 -9999.0 -9999.0 -9999.0 -9999.0 -9999.0 -9999.0 -9999.0 -9999.0 -9999.0 -9999.0 -9999.0 -9999.0 274.253845 172.042480 154.505341 135.000000 136.650726 129.568542 -9999.0 -9999.0 -9999.0 -9999.0 -9999.0 -9999.0 -9999.0 -9999.0 -9999.0 -9999.0 -9999.0 -9999.0 -9999.0 -9999.0 -9999.0 -9999.0 -9999.0 -9999.0
303.884766 314.376282 320.005829 285.649475 253.127274 204.198807 163.990128 149.273148 144.960449 161.420731 155.314713 123.053162 185.059875 233.441925 246.858490 257.155579 246.821091 206.983261 155.136307 -9999.0 -9999.0 -9999.0 -9999.0 -9999.0 -9999.0 -9999.0 -9999.0 -9999.0 -9999.0 -9999.0 -9999.0 -9999.0 -9999.0 163.312256 161.957489 172.603363 177.675613 150.834045 152.073975 149.625748 139.615189 -9999.0 -9999.0 -9999.0 -9999.0 -9999.0 -9999.0 -9999.0 -9999.0 -9999.0 -9999.0 -9999.0 -9999.0 -9999.0 -9999.0 -9999.0 -9999.0 -9999.0
291.835236 314.750885 340.393433 340.201111 324.462311 136.372101 141.207169 146.839935 144.865814 163.950989 184.590546 138.660400 146.082565 241.720016 257.299866 258.250000 222.574799 193.021301 190.682800 133.017471 115.180527 121.434570 109.820869 78.356567 45.000000 -9999.0 -9999.0 -9999.0 -9999.0 -9999.0 322.711884 138.937225 150.037811 154.653824 158.198593 176.490509 194.466827 172.680969 146.231766 143.389206 136.677094 -9999.0 -9999.0 -9999.0 -9999.0 -9999.0 -9999.0 -9999.0 -9999.0 -9999.0 -9999.0 -9999.0 -9999.0 -9999.0 -9999.0 -9999.0 -9999.0 -9999.0
290.107513 309.606934 339.388428 0.000000 22.994896 91.577995 114.785431 136.184235 155.018768 175.023743 200.687653 173.565262 146.901611 239.654755 248.328125 233.675125 202.166351 196.046844 207.500244 158.724228 133.107300 151.734161 162.101761 166.919250 167.600342 179.743073 218.194412 234.747086 144.955811 168.006653 174.245438 153.667969 142.056976 136.277084 143.180786 173.566315 210.386536 199.087250 145.277954 128.920410 121.456825 331.101318 -9999.0 -9999.0 -9999.0 -9999.0 -9999.0 -9999.0 -9999.0 -9999.0 -9999.0 -9999.0 -9999.0 -9999.0 -9999.0 -9999.0 -9999.0 -9999.0
291.086029 299.271057 327.964508 125.380272 112.587311 108.370789 108.655212 117.645973 143.567871 183.937805 210.465546 194.743561 188.947586 268.257263 259.755920 238.030472 216.869904 210.901062 222.039062 147.864227 113.713593 133.952026 152.955215 167.767639 172.610947 180.395142 193.404968 192.008636 174.378754 161.517395 160.079178 155.017303 150.292984 130.583939 122.905243 157.217590 216.198288 212.927856 162.996857 145.820923 322.402893 320.042450 330.452026 -9999.0 -9999.0 -9999.0 -9999.0 -9999.0 -9999.0 -9999.0 -9999.0 -9999.0 63.251896 111.315323 115.318756 119.340569 130.042175 133.043045
262.781250 234.975128 161.051422 165.949020 151.580597 122.436531 114.525352 113.114807 123.450333 179.283844 220.881058 228.984314 268.080200 284.650696 279.105072 275.088806 268.082886 261.242615 263.716339 108.292778 96.554726 99.317841 107.901360 130.788666 153.964233 169.674286 186.319702 192.846298 189.970032 187.024734 157.030182 142.314728 154.036560 147.842209 130.601288 146.783051 229.946976 236.381470 206.040985 300.797424 322.370453 333.983215 343.093658 -9999.0 -9999.0 -9999.0 -9999.0 -9999.0 -9999.0 -9999.0 85.825233 124.958954 150.265961 119.524742 62.856224 -9999.0 -9999.0 -9999.0
241.303680 212.780182 160.103958 153.970413 162.517136 124.293503 108.246368 113.145065 123.258316 177.295120 244.734741 263.043579 286.715515 301.055084 295.424835 303.039398 326.870270 324.666412 304.542969 73.477745 80.644508 74.960915 84.130402 91.626259 97.440956 116.109428 157.340637 187.990402 194.616852 201.405899 177.840149 147.383041 151.572845 152.896133 140.268341 153.738632 248.298737 266.374939 309.014526 326.583649 331.069916 344.824127 358.129791 -9999.0 -9999.0 -9999.0 -9999.0 -9999.0 -9999.0 -9999.0 128.075500 136.959045 172.986938 189.767273 164.197479 97.740341 -9999.0 -9999.0
303.635162 313.903564 72.407578 114.030960 158.065216 147.528809 114.427124 112.646278 126.480576 219.152740 275.846252 288.654327 294.394379 311.829956 313.792114 294.891876 228.990906 204.443954 229.649368 14.620872 40.638428 50.858002 58.417809 56.742577 47.821327 46.489353 50.398731 78.558960 170.203796 201.600311 198.765930 154.126205 135.950882 142.498764 142.388092 180.000000 259.943146 286.559174 317.804077 342.271973 352.282257 353.003906 -9999.0 -9999.0 -9999.0 -9999.0 -9999.0 -9999.0 -9999.0 128.025070 120.386276 127.685806 166.373016 185.503204 183.735077 189.147079 134.740753 64.945999
301.935120 331.767487 70.896255 92.184349 124.084122 154.685486 131.352936 106.107811 109.241333 246.974503 269.920746 286.650085 295.262543 295.339478 271.423218 190.469177 177.586151 194.550171 241.400543 287.166809 44.620564 80.187271 95.698013 105.301651 107.085297 99.344673 83.842529 78.120689 97.862137 184.414810 233.648880 225.000000 89.483833 112.310539 130.442581 196.645035 259.041687 273.469116 290.702148 346.397980 31.850498 8.673172 -9999.0 -9999.0 -9999.0 249.651505 196.733597 208.474213 171.995270 128.867203 123.722229 128.336395 144.147079 162.743805 180.623383 204.704102 210.430878 153.232483
246.592194 195.277557 117.146980 102.169746 100.623367 118.795197 126.905548 99.366508 88.223396 238.426620 245.206497 245.407578 245.109497 213.261429 181.116013 175.993073 191.026093 237.825668 268.650879 264.857239 117.828178 106.906723 113.554535 132.610077 142.454300 144.174103 152.932861 144.222473 126.805740 151.139862 243.361771 231.237793 105.021843 103.638496 111.136955 194.649902 252.716705 257.047485 254.930206 264.887146 21.647919 6.494942 -9999.0 323.332550 228.218628 186.146637 180.447617 203.545364 189.777588 112.029762 100.463539 110.224861 126.757477 137.813553 162.809235 201.591858 220.078171 232.912155
276.821167 52.125015 98.721329 87.394554 59.408287 45.957745 50.449886 69.248459 75.325821 112.100136 234.104996 234.113724 222.394974 190.309601 185.411865 200.574890 226.837738 270.721558 272.971558 206.916565 142.708649 114.384506 90.286194 87.002960 111.890884 126.767090 137.983765 140.868683 140.262390 160.045212 232.354752 219.837219 136.104736 135.717163 150.549805 186.831726 250.101608 254.772812 248.631973 240.291733 205.301376 152.723236 136.051178 146.584076 172.273376 182.090149 184.796799 210.325348 218.442032 121.865982 92.745300 100.536362 123.917435 139.856598 158.075729 193.413483 229.838165 243.089035
286.931824 44.763241 61.581558 39.871807 36.203560 44.373840 58.209465 69.647621 74.668266 82.185188 219.170425 236.723251 229.070160 202.604034 209.377899 230.182419 249.122635 271.669250 277.885529 125.095818 133.279617 127.220863 105.675186 88.487373 92.240868 102.278763 107.860092 110.862221 123.231712 157.950684 228.536652 218.669373 135.000000 136.178162 169.153870 204.007141 247.759277 254.800629 243.767181 222.125641 194.243469 177.753067 161.081711 142.240295 153.641785 179.944962 191.104706 213.287537 222.913773 175.601288 97.452080 93.503532 106.782646 123.980316 150.347641 204.125351 247.484528 256.969543
260.912842 153.778030 77.883141 57.983776 70.649689 86.177315 92.141953 89.532288 85.167931 88.709770 143.873291 239.553574 241.801407 226.823410 227.785919 247.425858 265.750732 268.506409 258.763672 91.150360 87.047531 108.676704 133.679581 127.427048 116.341141 117.327179 122.391388 119.349869 113.585510 136.591141 224.422943 213.438187 142.668442 126.337952 171.043793 220.047394 243.499542 248.558502 232.611938 217.987183 211.437744 186.190918 148.763580 125.063614 133.224869 158.601288 185.206345 216.966461 227.976700 220.644089 96.803131 82.238884 86.329086 101.334885 135.000000 219.289413 253.936890 259.491028
208.107117 190.321533 168.590164 130.345276 122.716896 107.015915 101.038177 97.164230 91.359306 86.401230 99.013206 237.167816 245.354858 231.229141 221.820175 247.514801 266.386688 261.472015 223.332825 159.845795 94.852325 99.586823 124.156586 138.728287 136.173630 137.522003 133.981018 119.596573 102.418747 103.429573 202.636337 208.384949 162.471161 125.261673 162.533173 219.036819 232.125015 236.474838 220.746170 222.491501 228.610962 198.125244 154.192108 122.200760 123.840057 134.683456 160.361237 220.314102 236.998917 230.451233 152.001770 107.106239 104.134323 114.572205 143.681335 215.516113 243.545349 247.326859
201.095001 223.181702 178.655273 110.964226 119.279968 106.059990 93.669525 79.992020 73.390762 78.037476 87.108353 230.012192 247.507477 241.753265 252.782700 272.933105 274.118195 239.001587 207.339767 208.568878 112.137161 94.024658 100.583588 115.953377 117.566086 108.741341 86.253838 69.102234 68.927277 66.356056 82.370285 194.995087 173.344177 127.358368 140.401596 212.881241 229.010727 233.159409 226.604340 236.569977 233.900208 207.364151 166.733521 125.853989 118.577812 125.515182 147.528809 224.400696 247.888138 237.308014 158.198593 123.350327 117.876007 125.034561 154.344330 212.148224 239.926956 248.570175
