geotop_simulations/templates/venosta_2024_00001/input-maps/sky.asc
ncols         252
nrows         194
xllcorner     598250.000000
yllcorner     5144500.000000
cellsize      250.000000
NODATA_value  -9999.0
[rows 140 to 167 of 194, columns 63 to 125 of 252]
0.839315 0.824015 0.811081 0.803228 0.792345 0.782401 0.770403 0.748013 0.714931 0.696542 0.708606 0.732144 0.747356 0.763437 0.786621 0.813747 0.824809 0.821116 0.792614 0.758437 0.731329 0.706794 0.696595 0.703578 0.731219 0.763739 0.798049 0.823301 0.840843 0.850921 0.850217 0.847979 0.856270 0.879253 0.903268 0.914935 0.907869 0.895570 0.889695 0.906298 0.934062 0.966872 0.983011 0.979631 0.964922 0.955908 0.962147 0.973924 0.977576 0.961284 0.925677 0.887628 0.861323 0.834070 0.795894 0.753649 0.715070 0.686235 0.671605 0.673265 0.686113 0.711583 0.743370
0.846301 0.829151 0.813495 0.799623 0.785722 0.770451 0.751626 0.727451 0.707733 0.701739 0.719039 0.740419 0.758630 0.780648 0.809937 0.846985 0.862838 0.856713 0.820297 0.784685 0.747156 0.715737 0.698372 0.703661 0.727024 0.759036 0.788285 0.807909 0.819454 0.817052 0.805387 0.798073 0.804512 0.822386 0.841259 0.854622 0.854799 0.854535 0.859395 0.886470 0.918222 0.947773 0.957517 0.946420 0.925248 0.926586 0.952764 0.975118 0.980868 0.965288 0.914330 0.862109 0.835811 0.813070 0.787130 0.752175 0.715671 0.686496 0.671544 0.676094 0.689482 0.711805 0.738225
0.863647 0.838680 0.815602 0.794477 0.772342 0.751786 0.733720 0.715000 0.702410 0.705850 0.724481 0.742056 0.764109 0.791829 0.831359 0.875587 0.894782 0.880664 0.840610 0.799531 0.754847 0.722013 0.703104 0.706891 0.726408 0.753578 0.779030 0.795488 0.800306 0.794517 0.784377 0.777886 0.782695 0.798700 0.817914 0.832224 0.844938 0.859454 0.877262 0.903909 0.921563 0.932470 0.916602 0.890042 0.868699 0.878024 0.913380 0.957631 0.975091 0.967403 0.916521 0.851853 0.816220 0.797939 0.774846 0.745362 0.712157 0.686629 0.677164 0.676004 0.691992 0.710846 0.728890
0.874836 0.839661 0.806759 0.777596 0.754803 0.731551 0.715279 0.704016 0.697428 0.707231 0.726088 0.746551 0.767790 0.799781 0.849150 0.894408 0.908861 0.889467 0.848245 0.800001 0.753939 0.720556 0.705593 0.706524 0.725200 0.747758 0.770221 0.787747 0.796744 0.795653 0.791026 0.789851 0.794118 0.806180 0.821637 0.841894 0.870181 0.898979 0.921395 0.934280 0.933485 0.923790 0.888054 0.859613 0.842442 0.849710 0.872470 0.920057 0.961234 0.968456 0.928893 0.863631 0.813097 0.788882 0.763975 0.737028 0.707637 0.683700 0.674774 0.680244 0.698201 0.717682 0.736274
0.864003 0.825495 0.789079 0.757589 0.732574 0.716329 0.702749 0.695362 0.695403 0.709490 0.729535 0.752888 0.774538 0.808425 0.861333 0.903787 0.913271 0.890770 0.845460 0.797342 0.752164 0.719715 0.704256 0.704284 0.723263 0.745841 0.769677 0.789400 0.804476 0.811835 0.816952 0.822658 0.830560 0.841882 0.862234 0.890564 0.921493 0.940389 0.946675 0.941975 0.926873 0.898310 0.863036 0.836553 0.829839 0.838236 0.850085 0.889808 0.943398 0.967680 0.947044 0.886257 0.826813 0.795096 0.770600 0.735314 0.708748 0.690341 0.684004 0.691398 0.708925 0.730499 0.758411
0.829025 0.798540 0.769239 0.742430 0.720672 0.704731 0.694851 0.689743 0.694141 0.710122 0.731479 0.756891 0.780419 0.816921 0.870284 0.908687 0.915500 0.891007 0.845553 0.798114 0.754511 0.721315 0.705621 0.704121 0.721798 0.742263 0.770966 0.797936 0.821470 0.842317 0.859287 0.868125 0.877118 0.893168 0.915861 0.937600 0.950158 0.949472 0.942578 0.920859 0.890789 0.861390 0.836390 0.824882 0.821502 0.829044 0.840328 0.881709 0.933264 0.963727 0.954588 0.904851 0.848851 0.807547 0.773505 0.745600 0.725991 0.706528 0.700327 0.704892 0.720508 0.750953 0.797783
0.799535 0.778825 0.756633 0.732295 0.711233 0.695709 0.685440 0.685155 0.694851 0.710548 0.732891 0.758920 0.786105 0.826462 0.880927 0.916198 0.921642 0.896314 0.847467 0.797932 0.756508 0.724027 0.708215 0.703453 0.718432 0.740274 0.767827 0.796354 0.825924 0.852124 0.873548 0.888087 0.901833 0.918812 0.936747 0.948893 0.948111 0.929935 0.898144 0.866060 0.844384 0.833493 0.827756 0.822318 0.820682 0.829842 0.848505 0.896683 0.941941 0.972307 0.964419 0.924971 0.866897 0.820184 0.794444 0.775179 0.758637 0.740069 0.731747 0.729254 0.743335 0.780757 0.845624
0.788972 0.771891 0.752514 0.728724 0.706938 0.690170 0.680766 0.683516 0.697616 0.717131 0.744741 0.767970 0.795976 0.834403 0.887340 0.922620 0.926869 0.902667 0.849438 0.798490 0.758939 0.729000 0.712299 0.705397 0.715884 0.735616 0.762808 0.791592 0.818042 0.842798 0.863008 0.878677 0.895567 0.915422 0.935118 0.936122 0.910736 0.864578 0.822833 0.809358 0.813410 0.821018 0.827850 0.830791 0.830806 0.842034 0.861539 0.913613 0.962547 0.989025 0.979347 0.944161 0.887567 0.846090 0.829484 0.815837 0.800291 0.788835 0.773027 0.765216 0.782014 0.835550 0.906605
0.789295 0.769780 0.750337 0.727387 0.704487 0.686547 0.678518 0.683137 0.703242 0.734222 0.762197 0.784698 0.805563 0.837900 0.888038 0.925551 0.929366 0.907382 0.847433 0.793578 0.756262 0.730246 0.712762 0.706949 0.715700 0.733120 0.760045 0.786216 0.810548 0.829048 0.843939 0.860483 0.881341 0.906928 0.919440 0.903146 0.848017 0.794206 0.771258 0.777145 0.798179 0.815796 0.832725 0.847627 0.860116 0.871850 0.893571 0.938884 0.983755 0.994879 0.990966 0.961080 0.908567 0.878521 0.867975 0.859725 0.847953 0.833493 0.817759 0.809138 0.833706 0.887074 0.946670
0.795681 0.771636 0.748531 0.725819 0.703028 0.685041 0.678091 0.685235 0.709636 0.747364 0.779969 0.799267 0.809909 0.829511 0.874063 0.919440 0.928589 0.913120 0.855622 0.800685 0.761891 0.734985 0.714947 0.708779 0.715210 0.733379 0.758603 0.783926 0.804627 0.819457 0.831712 0.846582 0.870876 0.896308 0.899682 0.863805 0.803492 0.762185 0.750801 0.762129 0.783563 0.811691 0.841878 0.871494 0.901388 0.928116 0.939390 0.967747 0.988480 0.993844 0.988028 0.961110 0.917792 0.901513 0.894575 0.889751 0.880432 0.863699 0.847089 0.846812 0.882021 0.927369 0.957836
0.799361 0.775298 0.750369 0.725415 0.702598 0.685541 0.677006 0.684481 0.709530 0.751725 0.785816 0.802669 0.810737 0.821847 0.862890 0.913175 0.929671 0.919663 0.867606 0.809424 0.772856 0.739566 0.719446 0.709879 0.715500 0.730183 0.754188 0.778005 0.798928 0.812795 0.824737 0.837324 0.860720 0.880544 0.874784 0.832103 0.778423 0.747649 0.743231 0.755307 0.774112 0.799987 0.838894 0.888818 0.935234 0.973105 0.985517 0.987063 0.983705 0.982408 0.968736 0.942917 0.918789 0.912265 0.910826 0.912145 0.907338 0.893446 0.883991 0.896083 0.929286 0.955308 0.956460
0.802044 0.780725 0.755623 0.728549 0.702984 0.684381 0.674903 0.680355 0.706493 0.750783 0.785076 0.801840 0.808855 0.816965 0.855811 0.910244 0.929993 0.923593 0.879505 0.818917 0.781548 0.749525 0.727298 0.712181 0.715003 0.726131 0.744017 0.765718 0.784923 0.799839 0.810670 0.821652 0.841601 0.851318 0.839061 0.796387 0.758995 0.741758 0.743494 0.751077 0.766817 0.791393 0.836756 0.896679 0.953374 0.992221 0.994723 0.990389 0.972595 0.957334 0.943801 0.927276 0.916296 0.916065 0.923778 0.933137 0.938453 0.934893 0.935574 0.952723 0.970483 0.973237 0.956502
0.794919 0.777987 0.755525 0.728615 0.700339 0.680138 0.671605 0.677337 0.704500 0.752603 0.786707 0.805287 0.813303 0.819977 0.855978 0.908953 0.927527 0.920928 0.873890 0.815035 0.783508 0.756871 0.732934 0.717257 0.714817 0.722288 0.733305 0.747782 0.762854 0.775751 0.787600 0.799898 0.813619 0.814693 0.797868 0.767324 0.746683 0.743006 0.747383 0.757077 0.772512 0.799518 0.848177 0.897706 0.946116 0.985890 0.993439 0.987917 0.969627 0.948181 0.932707 0.924348 0.918817 0.926257 0.943246 0.960993 0.966757 0.965387 0.969649 0.979498 0.985456 0.984058 0.963248
0.766106 0.754529 0.739348 0.719455 0.694364 0.674232 0.666100 0.673357 0.703079 0.752922 0.789994 0.811145 0.819970 0.824561 0.855199 0.904150 0.922718 0.912154 0.860860 0.810651 0.786675 0.766128 0.743805 0.726225 0.719426 0.719355 0.724750 0.731997 0.738846 0.745997 0.757829 0.770318 0.778667 0.776998 0.765330 0.749752 0.743477 0.749352 0.757289 0.770052 0.793434 0.828332 0.869201 0.898558 0.923191 0.954761 0.974129 0.979202 0.968507 0.955169 0.941273 0.938457 0.942356 0.955718 0.971285 0.983982 0.983994 0.976893 0.974011 0.976106 0.979226 0.977846 0.961208
0.739534 0.733321 0.721232 0.702136 0.680284 0.666309 0.662508 0.675103 0.702523 0.747389 0.784778 0.812305 0.826355 0.836385 0.865242 0.903235 0.917922 0.904368 0.851383 0.806761 0.786220 0.773250 0.755101 0.736963 0.726889 0.721348 0.719876 0.720771 0.723252 0.724283 0.730641 0.738938 0.748858 0.752800 0.747373 0.746088 0.753754 0.762420 0.775861 0.796675 0.825628 0.861206 0.884950 0.894890 0.897354 0.906628 0.929911 0.958441 0.972164 0.973169 0.965468 0.969136 0.975782 0.984852 0.990005 0.991298 0.986824 0.973188 0.951997 0.938404 0.942848 0.951572 0.945230
0.726661 0.721345 0.710535 0.692240 0.671375 0.659505 0.663286 0.683432 0.706665 0.734359 0.767098 0.799503 0.824907 0.845954 0.880603 0.908491 0.916225 0.899508 0.847130 0.805565 0.785372 0.773619 0.757555 0.744069 0.735146 0.728130 0.725206 0.721691 0.719182 0.716952 0.715241 0.723055 0.730323 0.736184 0.741187 0.749647 0.762075 0.777647 0.797058 0.821795 0.849015 0.872999 0.884348 0.878873 0.869068 0.869557 0.899904 0.943299 0.977200 0.988267 0.990061 0.992130 0.992786 0.993312 0.991473 0.987452 0.977573 0.959774 0.928038 0.907427 0.908314 0.920747 0.928330
0.725874 0.720314 0.711337 0.691207 0.670751 0.661768 0.672613 0.696033 0.719024 0.731135 0.747049 0.773518 0.803831 0.838597 0.882692 0.907028 0.909554 0.887559 0.830178 0.790879 0.773036 0.766518 0.755240 0.747052 0.743240 0.739049 0.736097 0.730526 0.726553 0.719922 0.712858 0.713773 0.717406 0.726091 0.738449 0.756201 0.772826 0.790620 0.810451 0.828457 0.848232 0.857432 0.855730 0.845365 0.841723 0.858468 0.893994 0.951091 0.985432 0.993227 0.991058 0.986842 0.983605 0.980526 0.967541 0.955994 0.947675 0.937692 0.919244 0.902172 0.894846 0.902724 0.913498
0.731325 0.728743 0.719665 0.698882 0.679303 0.672924 0.687313 0.712423 0.732417 0.739469 0.743704 0.754513 0.783910 0.822558 0.873755 0.900891 0.901040 0.867957 0.804113 0.769754 0.761827 0.755304 0.749110 0.746493 0.749668 0.753794 0.756224 0.750849 0.744324 0.734420 0.721937 0.711509 0.712356 0.721081 0.737604 0.757329 0.776496 0.794170 0.807568 0.820933 0.825751 0.821962 0.811265 0.810014 0.824084 0.861598 0.916255 0.970495 0.991279 0.991977 0.976936 0.958585 0.948876 0.941267 0.922962 0.911650 0.912403 0.919113 0.914777 0.900743 0.886956 0.887258 0.897560
0.745354 0.744371 0.734980 0.710756 0.688968 0.684979 0.698891 0.723719 0.746343 0.751905 0.755836 0.760158 0.774046 0.803931 0.854921 0.886175 0.882279 0.837995 0.779207 0.754802 0.756313 0.749452 0.748286 0.755925 0.764986 0.775581 0.780216 0.773171 0.762653 0.750087 0.735729 0.720094 0.713157 0.718487 0.731204 0.748669 0.768597 0.784750 0.793060 0.794392 0.790074 0.781516 0.778336 0.790862 0.818300 0.872903 0.937023 0.979889 0.989856 0.977347 0.942855 0.914969 0.904693 0.897622 0.886184 0.876465 0.886015 0.905488 0.910553 0.899913 0.881059 0.873063 0.881959
0.771888 0.775780 0.770391 0.731723 0.704197 0.695215 0.702575 0.726775 0.755539 0.771523 0.777050 0.785188 0.795293 0.818265 0.844826 0.874261 0.870974 0.828577 0.779760 0.757578 0.753451 0.758419 0.764403 0.775326 0.787967 0.795231 0.795039 0.787372 0.777193 0.763602 0.745623 0.726793 0.716384 0.715507 0.719310 0.734998 0.753258 0.762575 0.765299 0.763155 0.755588 0.754239 0.762626 0.783639 0.820584 0.883935 0.941273 0.972031 0.973094 0.946413 0.905883 0.884155 0.878638 0.872200 0.864889 0.855953 0.870679 0.896795 0.910594 0.902464 0.881888 0.866164 0.869675
0.816306 0.829886 0.810040 0.758872 0.719962 0.703388 0.705500 0.725270 0.757601 0.786608 0.804936 0.817391 0.829150 0.842000 0.858601 0.883802 0.876171 0.834181 0.791903 0.771082 0.767369 0.771122 0.781561 0.791721 0.800357 0.804725 0.802540 0.795373 0.786703 0.773686 0.753563 0.732973 0.718227 0.710420 0.712674 0.722056 0.733368 0.737115 0.736171 0.731407 0.730480 0.738847 0.757381 0.785904 0.832385 0.892455 0.938412 0.959289 0.950616 0.915631 0.877572 0.859433 0.851354 0.844109 0.841116 0.838780 0.856423 0.888453 0.910722 0.909838 0.890699 0.868216 0.859393
0.862394 0.880474 0.845304 0.778892 0.726207 0.709436 0.712483 0.726326 0.746492 0.775623 0.815080 0.846641 0.863601 0.881866 0.904255 0.921197 0.910830 0.864295 0.818888 0.792954 0.786256 0.782743 0.786830 0.795153 0.801221 0.806246 0.803493 0.797304 0.790527 0.780789 0.762570 0.738234 0.716866 0.706361 0.706978 0.714260 0.721313 0.723149 0.720832 0.718935 0.721069 0.734165 0.754267 0.789852 0.842309 0.902473 0.946398 0.955128 0.935726 0.895826 0.861221 0.843931 0.831914 0.825623 0.822728 0.822380 0.838339 0.871568 0.905460 0.911863 0.900957 0.874884 0.857348
0.892108 0.905580 0.864756 0.779498 0.727459 0.722839 0.727288 0.734531 0.745052 0.756130 0.796791 0.832359 0.875386 0.911110 0.926647 0.949122 0.950986 0.917215 0.864451 0.829703 0.806871 0.789204 0.779550 0.784786 0.790672 0.797435 0.796975 0.797197 0.795899 0.789178 0.772774 0.745079 0.716017 0.705580 0.706338 0.716385 0.721061 0.722994 0.717976 0.722086 0.729333 0.745256 0.765212 0.801690 0.850833 0.916662 0.959934 0.958712 0.924295 0.880517 0.852896 0.837683 0.823448 0.815667 0.810793 0.808292 0.816989 0.847371 0.890204 0.908603 0.905175 0.886262 0.860370
0.903931 0.913954 0.870359 0.782539 0.734102 0.737878 0.748308 0.752146 0.750838 0.744779 0.760392 0.797842 0.845540 0.900224 0.934194 0.965380 0.982941 0.973237 0.930639 0.878972 0.836000 0.797023 0.775495 0.771944 0.778708 0.790809 0.800868 0.809827 0.814971 0.808063 0.786909 0.747494 0.712256 0.703672 0.709145 0.721121 0.731182 0.737534 0.737166 0.746017 0.752809 0.762686 0.784854 0.806886 0.858078 0.932523 0.965296 0.962629 0.921490 0.871669 0.849876 0.833428 0.821259 0.810822 0.802236 0.796352 0.797068 0.820086 0.860858 0.893270 0.900780 0.889835 0.868485
0.904329 0.915099 0.878143 0.796106 0.750062 0.753001 0.767116 0.773931 0.765767 0.752338 0.741902 0.752463 0.785868 0.845319 0.907434 0.971265 0.997407 0.998370 0.975539 0.925162 0.879134 0.838264 0.808349 0.792489 0.796521 0.810368 0.825544 0.837124 0.837071 0.824545 0.792765 0.744317 0.708726 0.705090 0.715421 0.730077 0.747985 0.762096 0.770148 0.780295 0.791989 0.801769 0.810267 0.833149 0.883316 0.946506 0.968945 0.964826 0.923153 0.873386 0.846925 0.831863 0.819704 0.807778 0.796789 0.787938 0.783585 0.796059 0.827436 0.867858 0.885797 0.885962 0.870318
0.904009 0.920136 0.893568 0.823268 0.774602 0.772162 0.784633 0.794712 0.786616 0.771551 0.757901 0.746586 0.757441 0.799087 0.866586 0.949369 0.994475 1.000000 0.984085 0.947453 0.909800 0.884799 0.862655 0.846072 0.838196 0.842303 0.849880 0.854464 0.851366 0.835200 0.795535 0.742964 0.711204 0.706523 0.718734 0.735253 0.763484 0.788955 0.810546 0.834941 0.855055 0.870140 0.881025 0.899148 0.930552 0.959879 0.969430 0.962686 0.932158 0.892651 0.864505 0.841202 0.824466 0.810147 0.796269 0.785389 0.779552 0.782726 0.802589 0.835217 0.861159 0.869258 0.864442
0.904366 0.924519 0.908612 0.849481 0.802049 0.795837 0.803754 0.811374 0.810223 0.803130 0.786795 0.767391 0.768602 0.787469 0.840100 0.918380 0.977557 0.991163 0.965021 0.924731 0.896846 0.899144 0.891361 0.880403 0.869768 0.861363 0.856769 0.856460 0.851347 0.836177 0.798633 0.750419 0.722376 0.712794 0.718295 0.729946 0.767063 0.810643 0.852623 0.886246 0.913308 0.937059 0.952901 0.964729 0.967853 0.966555 0.963035 0.950018 0.935013 0.917061 0.897469 0.873590 0.847273 0.826597 0.809489 0.797697 0.787289 0.781544 0.789146 0.810109 0.835278 0.848851 0.850334
0.912211 0.932928 0.923457 0.872131 0.827734 0.816638 0.824219 0.831742 0.834578 0.832852 0.827430 0.811836 0.802351 0.810507 0.838413 0.897775 0.956085 0.975884 0.945678 0.885026 0.849654 0.857598 0.863311 0.866543 0.860612 0.851624 0.844043 0.843547 0.841805 0.830524 0.803054 0.765457 0.737776 0.722212 0.717578 0.727687 0.769796 0.827307 0.875903 0.910316 0.935842 0.960398 0.972122 0.975418 0.972312 0.955901 0.930754 0.919916 0.923844 0.926148 0.921524 0.906155 0.887248 0.869736 0.854789 0.837533 0.816749 0.798090 0.791670 0.799396 0.815191 0.829615 0.833951
