geotop_simulations/templates/venosta_2024_00001/input-maps/sky.asc
ncols         252
nrows         194
xllcorner     598250.000000
yllcorner     5144500.000000
cellsize      250.000000
NODATA_value  -9999.0
[rows 56 to 83 of 194, columns 63 to 125 of 252]
0.924609 0.918505 0.907626 0.891348 0.875505 0.859516 0.846897 0.831591 0.813181 0.794160 0.782369 0.784983 0.792451 0.799891 0.805449 0.807203 0.806079 0.807680 0.814065 0.828160 0.847174 0.860943 0.859920 0.840998 0.809551 0.784336 0.772177 0.769743 0.783335 0.813126 0.860671 0.912086 0.945293 0.954516 0.933161 0.890439 0.850122 0.829996 0.814360 0.793908 0.768610 0.752554 0.749477 0.759548 0.790564 0.823355 0.855480 0.893251 0.936523 0.968256 0.979129 0.980039 0.974476 0.955409 0.910829 0.868585 0.843779 0.836714 0.839401 0.840415 0.832576 0.810371 0.776675
0.904734 0.898193 0.889276 0.878275 0.867668 0.859548 0.852778 0.840501 0.824010 0.802306 0.784374 0.786601 0.794010 0.801736 0.807847 0.811256 0.810269 0.812456 0.822753 0.843020 0.862915 0.868260 0.857685 0.831542 0.799922 0.780231 0.775534 0.785642 0.815587 0.855545 0.900547 0.931295 0.945460 0.944941 0.919945 0.882580 0.845107 0.817913 0.794397 0.770403 0.752014 0.748811 0.757966 0.775997 0.809113 0.846854 0.890833 0.936111 0.967662 0.980847 0.980739 0.972221 0.951032 0.921147 0.883738 0.853874 0.832916 0.824658 0.821507 0.818797 0.815293 0.798690 0.772045
0.874884 0.866483 0.858071 0.851629 0.848596 0.851259 0.854283 0.846528 0.828514 0.801852 0.786107 0.787669 0.795893 0.802030 0.808971 0.813248 0.815654 0.820134 0.834637 0.854411 0.865535 0.864224 0.846751 0.817627 0.795179 0.783160 0.787667 0.809981 0.854475 0.901311 0.931827 0.940449 0.938609 0.926177 0.899296 0.865205 0.832093 0.801392 0.773613 0.754053 0.744300 0.751446 0.773617 0.800428 0.839469 0.882383 0.932602 0.965608 0.979934 0.979030 0.968860 0.946239 0.916762 0.889798 0.866720 0.848103 0.830786 0.818246 0.809558 0.801354 0.793552 0.778953 0.755295
0.837129 0.829108 0.825746 0.827887 0.836865 0.849067 0.858065 0.849805 0.825707 0.799600 0.788450 0.789862 0.793757 0.802103 0.810402 0.814620 0.819045 0.824797 0.838273 0.854362 0.858414 0.849941 0.829616 0.810651 0.798609 0.795386 0.807505 0.837205 0.888525 0.928812 0.943037 0.940475 0.924432 0.902101 0.874696 0.844314 0.811938 0.782164 0.758232 0.745856 0.747642 0.763869 0.790793 0.824516 0.864769 0.913008 0.957276 0.978988 0.979048 0.964124 0.934073 0.908497 0.889709 0.874706 0.861766 0.846886 0.828902 0.812672 0.798417 0.783316 0.766838 0.751762 0.731174
0.804192 0.803326 0.806832 0.815976 0.834701 0.857979 0.865180 0.850977 0.824683 0.801734 0.790287 0.788044 0.794473 0.803700 0.812576 0.817658 0.821230 0.826614 0.837746 0.843412 0.841800 0.827121 0.816694 0.814189 0.815312 0.825094 0.846475 0.880506 0.919103 0.940354 0.942023 0.927706 0.901452 0.872627 0.848966 0.821140 0.791549 0.765184 0.750207 0.746813 0.758371 0.782114 0.813103 0.840913 0.879436 0.928370 0.962771 0.975453 0.966251 0.936677 0.902204 0.887963 0.877998 0.869596 0.859814 0.847572 0.828489 0.806970 0.785692 0.764891 0.743477 0.725013 0.713049
0.787540 0.792189 0.801562 0.825861 0.854984 0.876455 0.873682 0.852956 0.825901 0.800963 0.788946 0.792244 0.796528 0.806034 0.813955 0.820698 0.824916 0.829103 0.832988 0.833057 0.824031 0.813416 0.809614 0.816927 0.831541 0.860458 0.890411 0.915614 0.932146 0.937542 0.928544 0.902523 0.871095 0.844808 0.823295 0.798610 0.774268 0.753697 0.746527 0.750833 0.771834 0.799563 0.830802 0.860413 0.900543 0.939451 0.962798 0.967102 0.944947 0.905640 0.874076 0.861867 0.861984 0.860296 0.852888 0.840746 0.821576 0.797299 0.771314 0.749550 0.730553 0.717010 0.711965
0.791027 0.802622 0.823419 0.855821 0.884857 0.893247 0.880344 0.855163 0.821903 0.799944 0.791577 0.795239 0.798535 0.807938 0.815612 0.822591 0.826465 0.830056 0.831642 0.828942 0.818962 0.809893 0.808558 0.817022 0.840116 0.876092 0.909193 0.928101 0.934143 0.924332 0.899968 0.867854 0.840228 0.816334 0.796894 0.776160 0.757845 0.747365 0.747993 0.760511 0.787769 0.822532 0.858114 0.893862 0.929423 0.953832 0.959599 0.947946 0.912729 0.874575 0.849939 0.843169 0.843721 0.848370 0.843045 0.833166 0.813325 0.788359 0.761307 0.741438 0.727965 0.725352 0.726300
0.818787 0.836548 0.863351 0.894878 0.911965 0.908324 0.883688 0.850435 0.819561 0.802349 0.795364 0.798070 0.799922 0.808578 0.816031 0.823374 0.827682 0.829802 0.830865 0.828525 0.820994 0.812379 0.812287 0.823052 0.844521 0.877696 0.904408 0.920291 0.914692 0.892792 0.861617 0.834314 0.812216 0.791210 0.773985 0.756966 0.747582 0.745366 0.753035 0.774538 0.809172 0.851551 0.896051 0.933906 0.957914 0.962261 0.949841 0.916166 0.874382 0.844824 0.828582 0.822543 0.820373 0.825223 0.826795 0.821254 0.805541 0.781181 0.755602 0.739580 0.735217 0.736709 0.750497
0.852642 0.876691 0.901955 0.922151 0.926763 0.912938 0.882707 0.845836 0.819023 0.805634 0.799749 0.799668 0.800983 0.808625 0.815866 0.823599 0.828077 0.829577 0.830756 0.830995 0.831518 0.831723 0.836053 0.846985 0.861758 0.874387 0.889412 0.896770 0.884640 0.859237 0.827950 0.805779 0.786933 0.769271 0.754722 0.745610 0.743650 0.749780 0.769163 0.801550 0.842678 0.892953 0.935254 0.961203 0.965984 0.953341 0.916479 0.869833 0.836841 0.819705 0.809755 0.804017 0.798415 0.799764 0.805388 0.805686 0.796442 0.774747 0.750394 0.738318 0.736689 0.750659 0.778873
0.891956 0.915230 0.928910 0.936195 0.932783 0.912941 0.875547 0.841603 0.818945 0.807588 0.799780 0.797727 0.801036 0.808161 0.816033 0.823854 0.827790 0.828204 0.829844 0.832153 0.839195 0.852225 0.866928 0.874832 0.876107 0.873194 0.869937 0.863536 0.849066 0.825372 0.797493 0.779691 0.763856 0.752737 0.744136 0.742238 0.748321 0.766358 0.798735 0.840443 0.891037 0.933007 0.958672 0.965866 0.957686 0.924731 0.874451 0.831645 0.808590 0.797481 0.790308 0.785705 0.778750 0.776378 0.780449 0.785384 0.779273 0.763549 0.743424 0.731542 0.734583 0.762113 0.808043
0.928252 0.941459 0.945890 0.943690 0.931341 0.901311 0.863691 0.834590 0.817334 0.804734 0.796507 0.795002 0.799226 0.807021 0.815316 0.822737 0.825613 0.825176 0.826146 0.828869 0.842685 0.862406 0.878002 0.884383 0.880168 0.866912 0.847408 0.833587 0.817771 0.796337 0.773637 0.757403 0.748467 0.742309 0.740426 0.746743 0.764773 0.796253 0.838535 0.890095 0.930422 0.953293 0.963084 0.957321 0.932358 0.887793 0.843140 0.808989 0.790504 0.781270 0.771445 0.766737 0.762506 0.758682 0.759711 0.761523 0.757732 0.745270 0.730334 0.725052 0.733373 0.766148 0.816394
0.949324 0.952198 0.949880 0.939901 0.918918 0.885456 0.851978 0.829694 0.813425 0.797607 0.791239 0.791813 0.798065 0.806428 0.814533 0.820269 0.822150 0.821834 0.819304 0.817952 0.829805 0.850079 0.873065 0.877800 0.869383 0.845126 0.820062 0.798590 0.785104 0.770917 0.755414 0.746287 0.741777 0.743160 0.748439 0.765759 0.795902 0.837251 0.885615 0.927288 0.946321 0.954795 0.948385 0.927974 0.897684 0.860463 0.825477 0.797256 0.777632 0.763955 0.753082 0.747644 0.746905 0.744549 0.742601 0.741360 0.738081 0.726494 0.716393 0.716293 0.732019 0.765058 0.808469
0.953126 0.951541 0.943333 0.927540 0.901121 0.869220 0.842593 0.824475 0.810570 0.795446 0.789232 0.790047 0.797080 0.805704 0.814516 0.819591 0.820271 0.817354 0.811890 0.805004 0.807580 0.825150 0.848274 0.852961 0.837036 0.812330 0.786816 0.772893 0.765514 0.760125 0.751189 0.748285 0.749608 0.754991 0.771078 0.798928 0.838396 0.885580 0.927291 0.944145 0.948521 0.938693 0.916028 0.888060 0.862970 0.837497 0.813938 0.790307 0.768492 0.751398 0.738279 0.730587 0.729689 0.727975 0.726802 0.724983 0.721752 0.717936 0.713897 0.719561 0.732584 0.760516 0.793563
0.952187 0.942385 0.927627 0.908099 0.883110 0.856343 0.834005 0.819530 0.807696 0.795253 0.790283 0.790481 0.797071 0.805866 0.813868 0.817806 0.817781 0.813916 0.808132 0.798669 0.792569 0.799275 0.813523 0.814927 0.801517 0.784264 0.766243 0.760071 0.757447 0.757948 0.759157 0.762277 0.766655 0.781044 0.806754 0.846736 0.892721 0.931484 0.948124 0.948696 0.934217 0.907461 0.873697 0.847815 0.831846 0.816917 0.800220 0.780648 0.757028 0.739129 0.723860 0.716341 0.714389 0.713871 0.714659 0.714923 0.716210 0.719715 0.724300 0.731742 0.744668 0.768826 0.793990
0.942438 0.924386 0.907037 0.889201 0.866353 0.840552 0.820841 0.808703 0.799830 0.792048 0.789282 0.790588 0.797263 0.805037 0.812228 0.816195 0.816678 0.811468 0.803988 0.792787 0.782528 0.783478 0.788682 0.787195 0.778528 0.767967 0.758419 0.758562 0.761890 0.770343 0.779887 0.789107 0.799013 0.819874 0.854202 0.899225 0.936000 0.950253 0.950405 0.935522 0.902720 0.864417 0.834010 0.816790 0.808549 0.798911 0.783308 0.762679 0.742206 0.723950 0.711676 0.706673 0.703663 0.706128 0.710268 0.713490 0.721627 0.737773 0.746960 0.754419 0.768291 0.787866 0.814052
0.926927 0.906902 0.891798 0.874063 0.851210 0.826245 0.807181 0.797487 0.792777 0.789634 0.788734 0.790376 0.796070 0.804859 0.810932 0.813696 0.813249 0.807743 0.800199 0.788670 0.779241 0.773281 0.771193 0.769604 0.765865 0.765319 0.766202 0.769735 0.779684 0.791925 0.806873 0.825473 0.845457 0.873981 0.909883 0.940325 0.952270 0.951006 0.938635 0.903247 0.858945 0.824194 0.803461 0.794094 0.789355 0.780199 0.764081 0.744791 0.727908 0.714340 0.707497 0.708223 0.710553 0.713717 0.716181 0.729145 0.747587 0.762953 0.768616 0.772572 0.785500 0.805980 0.834669
0.913311 0.897031 0.880786 0.861530 0.838783 0.815881 0.798863 0.790167 0.787205 0.786746 0.786858 0.791255 0.796312 0.804082 0.808631 0.810761 0.809962 0.804844 0.796876 0.784356 0.774748 0.763759 0.759333 0.760597 0.771396 0.778305 0.784275 0.787860 0.797742 0.814287 0.836034 0.860718 0.890834 0.922799 0.945699 0.953313 0.952144 0.935108 0.902102 0.857318 0.820172 0.795670 0.782749 0.778941 0.773587 0.764134 0.747062 0.730527 0.718769 0.709493 0.711052 0.722239 0.734263 0.739246 0.743109 0.762444 0.787213 0.800906 0.792795 0.779864 0.783922 0.799488 0.828231
0.908598 0.893120 0.875415 0.854324 0.832537 0.814131 0.800404 0.791479 0.787105 0.786201 0.786792 0.791783 0.796863 0.803160 0.807149 0.809433 0.808401 0.802283 0.792724 0.781449 0.773662 0.766642 0.765041 0.772646 0.792940 0.808792 0.812474 0.810404 0.811960 0.827421 0.852576 0.887451 0.923769 0.949098 0.954872 0.952996 0.932557 0.892363 0.852822 0.818727 0.794683 0.779043 0.770326 0.765940 0.759047 0.749128 0.733238 0.721516 0.712817 0.715373 0.728651 0.749282 0.765206 0.776770 0.780726 0.797783 0.819959 0.830940 0.809746 0.780177 0.767593 0.774126 0.793980
0.908179 0.892351 0.873076 0.849526 0.829466 0.815245 0.805290 0.795491 0.788989 0.784127 0.785836 0.791225 0.796576 0.802755 0.806721 0.806948 0.803459 0.798147 0.791523 0.787070 0.782908 0.781218 0.786001 0.801146 0.826760 0.849258 0.850844 0.838365 0.829864 0.835348 0.860172 0.900864 0.938698 0.954652 0.954446 0.936113 0.891559 0.846309 0.815405 0.793662 0.779798 0.770518 0.760764 0.754047 0.746768 0.735822 0.723468 0.715937 0.715192 0.730109 0.753994 0.786644 0.811480 0.818143 0.814228 0.823461 0.841949 0.849193 0.826167 0.787685 0.761269 0.750843 0.758941
0.905554 0.890705 0.871299 0.848254 0.830419 0.818529 0.810535 0.801332 0.792797 0.783589 0.785040 0.789823 0.796941 0.802504 0.805565 0.804136 0.800178 0.796001 0.793710 0.794313 0.797640 0.806104 0.817119 0.838392 0.865855 0.890874 0.897027 0.883933 0.867935 0.865795 0.885327 0.917961 0.946644 0.953308 0.941670 0.903325 0.851832 0.814975 0.791279 0.778582 0.770184 0.762499 0.752773 0.744525 0.735180 0.725801 0.714674 0.716303 0.727180 0.753334 0.789857 0.823759 0.850671 0.855022 0.843922 0.839216 0.850674 0.857425 0.842072 0.803239 0.764654 0.743588 0.742302
0.901625 0.888677 0.869640 0.849001 0.834737 0.823969 0.815362 0.805799 0.795279 0.785629 0.784481 0.787873 0.796502 0.801739 0.803655 0.802922 0.800691 0.800536 0.804299 0.809486 0.821235 0.834683 0.851757 0.873940 0.898314 0.917186 0.925066 0.922049 0.911879 0.909048 0.918583 0.939167 0.949720 0.945215 0.917553 0.867780 0.825462 0.796449 0.780497 0.768952 0.760696 0.752454 0.743531 0.734293 0.725536 0.718951 0.714909 0.722906 0.743769 0.779924 0.823771 0.859369 0.884123 0.892554 0.875555 0.859671 0.858555 0.862113 0.854350 0.818550 0.778387 0.752308 0.744802
0.896679 0.889614 0.871952 0.854962 0.841096 0.830056 0.819916 0.808237 0.795338 0.785952 0.784028 0.787529 0.796757 0.801283 0.802584 0.803035 0.806008 0.815412 0.825850 0.834185 0.846281 0.857640 0.870727 0.886155 0.904915 0.920852 0.929750 0.932265 0.932621 0.933569 0.941588 0.949547 0.947991 0.930781 0.890704 0.843335 0.808584 0.786249 0.771027 0.760026 0.750740 0.741544 0.734267 0.727225 0.722225 0.722008 0.725997 0.739701 0.759642 0.792429 0.833863 0.876975 0.903526 0.913575 0.905426 0.888193 0.878068 0.870646 0.863534 0.835715 0.799376 0.766461 0.753193
0.887463 0.888752 0.877208 0.862002 0.850725 0.840132 0.827891 0.813357 0.798387 0.788857 0.786469 0.789662 0.798676 0.801644 0.802321 0.804763 0.815777 0.829456 0.844272 0.851660 0.860333 0.868195 0.875331 0.878516 0.884081 0.894859 0.905231 0.914811 0.922978 0.930473 0.942248 0.946115 0.939329 0.911356 0.869080 0.828076 0.798287 0.777558 0.763398 0.750585 0.740312 0.734042 0.729083 0.725194 0.727454 0.733199 0.746910 0.760058 0.779232 0.800676 0.827761 0.863741 0.897943 0.915616 0.920295 0.915520 0.906559 0.890975 0.875939 0.849139 0.816211 0.784609 0.771089
0.866419 0.877587 0.872740 0.860145 0.850117 0.841639 0.830083 0.814063 0.797611 0.788591 0.786789 0.790480 0.797989 0.801719 0.803552 0.804739 0.817427 0.834127 0.849869 0.857124 0.861891 0.862721 0.862112 0.859222 0.856079 0.853984 0.856603 0.865795 0.880764 0.899472 0.920003 0.927865 0.921158 0.889587 0.853507 0.818780 0.791599 0.771005 0.755716 0.742812 0.735568 0.730745 0.730481 0.733300 0.743240 0.757462 0.773914 0.787379 0.798962 0.802715 0.815965 0.839296 0.869473 0.899936 0.922216 0.933749 0.941585 0.931111 0.907812 0.876237 0.839620 0.804109 0.786862
0.832008 0.850741 0.854030 0.848600 0.839041 0.829141 0.816883 0.803246 0.789826 0.785385 0.786456 0.790743 0.797762 0.801259 0.803002 0.804318 0.813837 0.827159 0.839333 0.844362 0.846593 0.847023 0.845548 0.839272 0.832332 0.824266 0.820096 0.825013 0.838511 0.858040 0.885870 0.901708 0.901104 0.873840 0.844750 0.813837 0.787235 0.766251 0.750553 0.737901 0.733122 0.733068 0.739143 0.749677 0.764609 0.783187 0.805305 0.824955 0.831139 0.825358 0.815040 0.817387 0.833118 0.870576 0.913780 0.947818 0.967450 0.968392 0.950433 0.914065 0.870241 0.826034 0.801033
0.795137 0.811652 0.820500 0.820920 0.812637 0.804668 0.792808 0.781832 0.775358 0.776843 0.782578 0.788783 0.795205 0.800121 0.802400 0.801999 0.805327 0.811647 0.819502 0.823786 0.825747 0.825278 0.824968 0.821934 0.815715 0.807204 0.802824 0.805876 0.818550 0.837544 0.864690 0.885315 0.888330 0.866326 0.838953 0.808565 0.784045 0.763867 0.748488 0.736665 0.735714 0.741680 0.754534 0.769791 0.788191 0.807943 0.832443 0.856945 0.866345 0.854634 0.830036 0.815565 0.817110 0.847054 0.902132 0.953021 0.980839 0.989405 0.982558 0.955678 0.903246 0.851146 0.820090
0.770380 0.784019 0.790225 0.791749 0.788333 0.783562 0.777735 0.769907 0.765263 0.769767 0.777057 0.785051 0.792475 0.798395 0.801157 0.800396 0.800711 0.802917 0.803899 0.803651 0.804475 0.803772 0.804048 0.804035 0.801404 0.796814 0.795831 0.800176 0.811536 0.827729 0.853963 0.875268 0.880162 0.863822 0.835389 0.804182 0.780401 0.761221 0.747240 0.737743 0.741178 0.751766 0.768722 0.786455 0.804355 0.826147 0.851298 0.875936 0.884784 0.876216 0.849710 0.822437 0.818781 0.835887 0.883379 0.936384 0.971378 0.987898 0.989458 0.980404 0.943793 0.894382 0.854700
0.763142 0.764082 0.771028 0.776202 0.777393 0.777742 0.776604 0.772709 0.767778 0.767655 0.774826 0.783035 0.790566 0.796626 0.799312 0.798262 0.797694 0.796240 0.792770 0.789432 0.787816 0.786204 0.787448 0.790555 0.791279 0.790755 0.791647 0.797666 0.808953 0.824348 0.846796 0.866859 0.873748 0.860411 0.828803 0.796550 0.773390 0.758904 0.746401 0.742717 0.748868 0.762127 0.777523 0.794873 0.813661 0.834119 0.855036 0.876516 0.887133 0.884172 0.865021 0.836389 0.826671 0.836394 0.868855 0.908368 0.944176 0.969922 0.985011 0.989481 0.975390 0.946494 0.917870
