geotop_simulations/templates/venosta_2024_00001/input-maps/sky.asc
ncols         252
nrows         194
xllcorner     598250.000000
yllcorner     5144500.000000
cellsize      250.000000
NODATA_value  -9999.0
[rows 84 to 111 of 194, columns 189 to 251 of 252]
0.847750 0.842289 0.825460 0.791052 0.752664 0.720327 0.695268 0.672450 0.658083 0.655532 0.665215 0.685452 0.712300 0.735856 0.750420 0.760787 0.775846 0.794675 0.811732 0.828327 0.843967 0.864821 0.889974 0.915745 0.930834 0.931761 0.909836 0.876637 0.845933 0.811488 0.778164 0.759809 0.759189 0.780454 0.816822 0.845587 0.863700 0.856867 0.843508 0.824645 0.812008 0.806698 0.806023 0.805906 0.799914 0.783086 0.764354 0.752205 0.746626 0.751825 0.755365 0.760718 0.761477 -9999.0 -9999.0 -9999.0 -9999.0 -9999.0 -9999.0 -9999.0 -9999.0 -9999.0 -9999.0
0.867516 0.855921 0.832021 0.795992 0.758137 0.731641 0.709042 0.685979 0.662552 0.649055 0.653256 0.663441 0.692093 0.723537 0.744351 0.763684 0.785177 0.806717 0.825011 0.838057 0.849876 0.869585 0.895911 0.914910 0.924731 0.905694 0.865832 0.832879 0.816057 0.794512 0.771589 0.756267 0.748679 0.757233 0.780084 0.816602 0.840355 0.851748 0.845409 0.831370 0.813111 0.802080 0.794874 0.786319 0.772774 0.752254 0.735765 0.731206 0.737702 0.747355 0.754232 0.757724 0.762805 0.763482 -9999.0 -9999.0 -9999.0 -9999.0 -9999.0 -9999.0 -9999.0 -9999.0 -9999.0
0.881763 0.865465 0.830291 0.794012 0.765549 0.746741 0.725752 0.701560 0.667883 0.646606 0.639880 0.649103 0.675851 0.709508 0.735551 0.759392 0.783251 0.805382 0.822416 0.832502 0.842177 0.861292 0.888336 0.909400 0.906306 0.869735 0.828321 0.803626 0.794199 0.784387 0.769888 0.753077 0.740737 0.740024 0.752066 0.780149 0.813011 0.830675 0.836086 0.828471 0.817995 0.805375 0.793755 0.776933 0.754913 0.733463 0.721838 0.721672 0.733540 0.743928 0.750740 0.757332 0.759341 0.759467 0.764294 -9999.0 -9999.0 -9999.0 -9999.0 -9999.0 -9999.0 -9999.0 -9999.0
0.886095 0.861360 0.827965 0.799320 0.781202 0.769207 0.748970 0.715932 0.677902 0.647613 0.633834 0.637015 0.655737 0.688475 0.719786 0.747716 0.767634 0.789033 0.805296 0.814678 0.830165 0.856679 0.887708 0.906445 0.888626 0.841756 0.802143 0.783028 0.778511 0.776779 0.769748 0.754235 0.737739 0.729269 0.732362 0.751986 0.780257 0.800973 0.812632 0.815359 0.811041 0.804081 0.792440 0.774225 0.749319 0.728705 0.720904 0.722071 0.733023 0.742998 0.751377 0.755038 0.753715 0.755225 0.756984 -9999.0 -9999.0 -9999.0 -9999.0 -9999.0 -9999.0 -9999.0 -9999.0
0.880652 0.854533 0.828649 0.810790 0.802334 0.790787 0.766016 0.729334 0.683620 0.648137 0.627213 0.626317 0.642620 0.665061 0.692112 0.717417 0.742775 0.766517 0.787999 0.803949 0.826915 0.859908 0.892228 0.902283 0.872879 0.820657 0.781001 0.767285 0.763636 0.766968 0.767923 0.758637 0.741689 0.728989 0.725382 0.736782 0.756119 0.773738 0.786426 0.796865 0.798369 0.796006 0.789303 0.771345 0.748407 0.729889 0.726929 0.727218 0.739286 0.745995 0.747885 0.749182 0.748404 0.746330 0.748729 0.761345 -9999.0 -9999.0 -9999.0 -9999.0 -9999.0 -9999.0 -9999.0
0.883731 0.855850 0.841223 0.833929 0.828212 0.815434 0.784272 0.744647 0.697947 0.657877 0.634080 0.628081 0.634432 0.646427 0.669210 0.694467 0.724561 0.754798 0.783739 0.809316 0.834791 0.863787 0.890553 0.891514 0.857634 0.807613 0.769384 0.754739 0.755123 0.759001 0.765661 0.763257 0.749396 0.733651 0.728363 0.734074 0.744187 0.753985 0.760643 0.770288 0.778773 0.780991 0.776354 0.764375 0.747254 0.737622 0.730953 0.735133 0.740916 0.744114 0.743006 0.744936 0.739032 0.737391 0.742459 0.759727 0.778242 -9999.0 -9999.0 -9999.0 -9999.0 -9999.0 -9999.0
0.900909 0.872293 0.858683 0.859249 0.853622 0.832137 0.796379 0.754704 0.715979 0.681575 0.654422 0.640985 0.638841 0.642500 0.657184 0.679916 0.713797 0.754199 0.791955 0.818192 0.837865 0.856611 0.877080 0.874010 0.842066 0.797678 0.762685 0.746529 0.749230 0.753934 0.762766 0.765379 0.755643 0.743199 0.734167 0.737628 0.741967 0.744219 0.744365 0.748403 0.756907 0.761552 0.759667 0.751828 0.745712 0.738242 0.738230 0.739286 0.740199 0.740498 0.738599 0.737685 0.731873 0.732006 0.742225 0.762112 0.781503 0.799136 -9999.0 -9999.0 -9999.0 -9999.0 -9999.0
0.927477 0.906305 0.896784 0.895669 0.883206 0.853063 0.811450 0.772425 0.739139 0.709504 0.682170 0.663833 0.656360 0.651639 0.656210 0.673210 0.707271 0.754228 0.792440 0.815713 0.824297 0.834056 0.848607 0.851505 0.826889 0.790097 0.760017 0.743989 0.745119 0.749929 0.758622 0.762784 0.758067 0.748904 0.741379 0.738879 0.739385 0.738771 0.734948 0.733438 0.736623 0.741510 0.743829 0.742723 0.741030 0.741460 0.740707 0.739668 0.738409 0.736944 0.737065 0.730490 0.728650 0.733574 0.744595 0.762195 0.785415 0.803950 0.819322 -9999.0 -9999.0 -9999.0 -9999.0
0.934644 0.932052 0.931382 0.929091 0.917019 0.884178 0.838717 0.800465 0.772504 0.747775 0.721927 0.702173 0.686662 0.672537 0.668979 0.675581 0.705586 0.746055 0.777364 0.793706 0.795109 0.799169 0.816081 0.827289 0.813834 0.784218 0.756723 0.740500 0.739232 0.744227 0.751788 0.756659 0.754757 0.748996 0.742747 0.738600 0.735989 0.733614 0.729809 0.728923 0.729076 0.730560 0.734932 0.737676 0.740322 0.741249 0.739727 0.737929 0.735375 0.734438 0.733018 0.728220 0.729049 0.737818 0.751106 0.769510 0.793048 0.816096 0.830332 -9999.0 -9999.0 -9999.0 -9999.0
0.922638 0.933733 0.940669 0.942890 0.935475 0.909702 0.872491 0.840405 0.817707 0.798090 0.776053 0.753422 0.728202 0.699496 0.684108 0.684911 0.704185 0.728807 0.751427 0.755884 0.756774 0.764995 0.788321 0.811918 0.806450 0.782380 0.754683 0.736595 0.732934 0.734624 0.741713 0.748637 0.747997 0.744575 0.739812 0.735752 0.732928 0.731134 0.727452 0.727407 0.726938 0.729064 0.734369 0.737903 0.740236 0.740351 0.736813 0.734132 0.734135 0.731824 0.728732 0.729535 0.738065 0.751008 0.763504 0.781632 0.805640 0.829805 0.847415 0.872877 -9999.0 -9999.0 -9999.0
0.885220 0.910248 0.931403 0.938706 0.931938 0.910631 0.879665 0.859097 0.847921 0.837279 0.824057 0.806019 0.775758 0.736000 0.703221 0.692163 0.704088 0.717282 0.724011 0.720820 0.725660 0.737749 0.767564 0.802574 0.803233 0.782387 0.752241 0.732265 0.724927 0.726345 0.729344 0.739373 0.740771 0.739153 0.735777 0.732147 0.731572 0.730048 0.729362 0.728083 0.729293 0.733713 0.736643 0.738518 0.739580 0.737218 0.733478 0.733404 0.730817 0.727507 0.727782 0.731682 0.743746 0.758482 0.775954 0.796266 0.821640 0.846064 0.865224 0.890086 -9999.0 -9999.0 -9999.0
0.828790 0.862441 0.898079 0.913343 0.909469 0.885995 0.863784 0.852080 0.851209 0.848498 0.840109 0.829302 0.805382 0.765754 0.729611 0.709436 0.707292 0.714054 0.714514 0.707050 0.706311 0.716290 0.748796 0.791063 0.796973 0.780591 0.750549 0.728956 0.719613 0.720415 0.722484 0.730092 0.733945 0.734812 0.733607 0.731484 0.730039 0.730896 0.730275 0.731763 0.735614 0.736729 0.738094 0.737915 0.736963 0.733961 0.733065 0.731149 0.728182 0.727843 0.728651 0.732809 0.743367 0.757332 0.776666 0.800819 0.829947 0.858033 0.877140 0.902140 -9999.0 -9999.0 -9999.0
0.791536 0.818937 0.856677 0.876258 0.882844 0.864823 0.842835 0.823855 0.817970 0.816873 0.817759 0.818489 0.811142 0.789762 0.765490 0.745023 0.732337 0.727557 0.724221 0.714103 0.705329 0.709005 0.733796 0.775629 0.786757 0.772955 0.744797 0.724517 0.715507 0.716187 0.718314 0.725301 0.730687 0.731618 0.731956 0.731481 0.731698 0.731968 0.732702 0.736655 0.737760 0.738018 0.737691 0.736974 0.734931 0.731941 0.731638 0.730081 0.729424 0.730862 0.733779 0.736748 0.741782 0.749330 0.767774 0.796830 0.830278 0.860624 0.883845 0.910126 0.925463 -9999.0 -9999.0
0.773242 0.792185 0.828292 0.850553 0.859021 0.847197 0.825693 0.798819 0.785799 0.781204 0.781494 0.783819 0.788735 0.788749 0.785447 0.779481 0.769190 0.758421 0.749449 0.738327 0.723810 0.716199 0.728188 0.760710 0.772820 0.759498 0.737340 0.720985 0.715788 0.716978 0.720175 0.724858 0.728772 0.730592 0.732144 0.732723 0.733603 0.734274 0.737320 0.737327 0.737412 0.737072 0.736749 0.735312 0.732929 0.733485 0.731947 0.733680 0.734893 0.741606 0.746882 0.748082 0.747117 0.749230 0.762963 0.790897 0.829310 0.860942 0.887070 0.916041 0.931705 0.947877 -9999.0
0.768617 0.778556 0.804964 0.827649 0.838180 0.832656 0.810499 0.780268 0.759922 0.750016 0.749719 0.755902 0.761898 0.769519 0.780391 0.784882 0.784383 0.779555 0.771781 0.763085 0.745933 0.734176 0.734804 0.747426 0.756396 0.746235 0.731842 0.720750 0.718796 0.722182 0.724095 0.727504 0.730499 0.732000 0.733628 0.734746 0.737525 0.737840 0.736848 0.737190 0.736346 0.735053 0.734326 0.734057 0.735544 0.736638 0.738091 0.740137 0.742526 0.754306 0.764225 0.769048 0.762288 0.761397 0.772338 0.798878 0.839314 0.868169 0.893795 0.923760 0.940292 0.953891 -9999.0
0.774357 0.775151 0.791066 0.809238 0.816910 0.811938 0.793414 0.769871 0.750576 0.736615 0.731489 0.730052 0.736752 0.746156 0.755140 0.766684 0.776786 0.778816 0.775317 0.768479 0.755756 0.744979 0.741253 0.744216 0.747050 0.741918 0.733221 0.728979 0.727068 0.728407 0.730028 0.732530 0.734050 0.734117 0.735026 0.737930 0.738079 0.736985 0.736356 0.736286 0.734571 0.732952 0.733065 0.735786 0.740240 0.744627 0.748351 0.749708 0.752079 0.762029 0.776781 0.788125 0.784233 0.782092 0.793955 0.818424 0.854933 0.880049 0.904189 0.932423 0.948875 0.959637 -9999.0
0.781145 0.775940 0.781223 0.790900 0.792427 0.784855 0.770875 0.754872 0.743964 0.731761 0.724059 0.719437 0.719629 0.725594 0.734923 0.743019 0.751423 0.757551 0.759699 0.755898 0.752384 0.747913 0.745984 0.743917 0.743311 0.742676 0.739941 0.736394 0.735130 0.735136 0.735678 0.736839 0.736625 0.736282 0.737520 0.737500 0.736943 0.735637 0.734483 0.733391 0.731580 0.730355 0.731632 0.736452 0.747394 0.757306 0.761493 0.759562 0.759508 0.764216 0.779765 0.795055 0.800541 0.803411 0.818346 0.842357 0.874993 0.896128 0.915947 0.941003 0.955988 0.962076 -9999.0
0.786909 0.776287 0.773626 0.771319 0.767802 0.759269 0.749611 0.738838 0.732447 0.726124 0.720780 0.717381 0.717494 0.717219 0.721290 0.729604 0.734676 0.739034 0.742251 0.744507 0.746255 0.747634 0.748096 0.747575 0.746934 0.745578 0.744877 0.743229 0.741934 0.740448 0.739882 0.739351 0.739187 0.738660 0.737729 0.737131 0.735929 0.733986 0.731469 0.730353 0.728754 0.730767 0.732473 0.740153 0.755007 0.769453 0.774589 0.771877 0.764475 0.763913 0.775240 0.791337 0.805899 0.819655 0.839255 0.863273 0.891968 0.910569 0.930853 0.951832 0.960750 -9999.0 -9999.0
0.789215 0.777194 0.768311 0.758071 0.748606 0.739084 0.735024 0.728909 0.724038 0.718950 0.716958 0.715589 0.716080 0.717807 0.721880 0.726666 0.732924 0.738277 0.742187 0.745350 0.747744 0.750836 0.752696 0.752619 0.752404 0.752780 0.750777 0.748690 0.745756 0.744404 0.742413 0.740639 0.739924 0.738536 0.738229 0.736510 0.735135 0.733117 0.731911 0.732364 0.732416 0.733702 0.736535 0.744973 0.759120 0.776908 0.785196 0.783636 0.771923 0.764211 0.767140 0.781849 0.805932 0.830546 0.856960 0.882643 0.908670 0.928470 0.947649 0.959871 -9999.0 -9999.0 -9999.0
0.784522 0.771177 0.756812 0.745217 0.736671 0.730137 0.724524 0.720754 0.719072 0.718865 0.718292 0.718794 0.721192 0.722369 0.725466 0.729788 0.736632 0.742639 0.746632 0.750879 0.752815 0.755987 0.757975 0.758561 0.758246 0.757351 0.755637 0.752834 0.749241 0.745589 0.742906 0.741800 0.740525 0.740982 0.740302 0.739161 0.739195 0.738565 0.737794 0.741073 0.742467 0.741326 0.743978 0.749627 0.760303 0.778671 0.792075 0.793554 0.783343 0.767990 0.766946 0.777932 0.807796 0.841487 0.874231 0.902145 0.926878 0.942164 0.955559 -9999.0 -9999.0 -9999.0 -9999.0
0.771512 0.758485 0.741728 0.729855 0.726537 0.722258 0.720065 0.717016 0.715411 0.716956 0.720077 0.722291 0.726052 0.728033 0.730340 0.735010 0.738973 0.743363 0.748633 0.753137 0.756415 0.759681 0.761178 0.761998 0.762038 0.760681 0.758292 0.755438 0.751351 0.748315 0.745311 0.742732 0.742439 0.743679 0.746486 0.746845 0.749209 0.750367 0.751919 0.756104 0.753860 0.751538 0.750690 0.754821 0.761692 0.777270 0.794922 0.800611 0.795507 0.780350 0.778032 0.791573 0.823897 0.860378 0.895747 0.926635 0.943606 0.948952 -9999.0 -9999.0 -9999.0 -9999.0 -9999.0
0.752123 0.739988 0.726429 0.718974 0.716515 0.714625 0.715435 0.716039 0.715975 0.718003 0.721714 0.725495 0.728504 0.730861 0.733854 0.736604 0.740538 0.744105 0.747713 0.752872 0.757329 0.760978 0.763523 0.763998 0.764192 0.762995 0.760193 0.756297 0.753505 0.750273 0.749724 0.747933 0.747885 0.749181 0.755395 0.759686 0.765295 0.770740 0.773421 0.773933 0.767770 0.761031 0.758172 0.760852 0.766187 0.778901 0.796957 0.806679 0.807474 0.798685 0.800334 0.816920 0.849119 0.884945 0.919967 0.944030 0.950406 -9999.0 -9999.0 -9999.0 -9999.0 -9999.0 -9999.0
0.728926 0.720966 0.714013 0.713359 0.713356 0.714902 0.715394 0.718545 0.720269 0.721477 0.724301 0.727157 0.729048 0.731059 0.733723 0.736827 0.739088 0.741713 0.745187 0.750274 0.755918 0.760374 0.763573 0.764336 0.763303 0.763060 0.761998 0.759322 0.755155 0.753305 0.756831 0.756911 0.759206 0.759352 0.765457 0.772888 0.782246 0.787650 0.791451 0.790023 0.781007 0.769449 0.763714 0.767156 0.775505 0.788117 0.803119 0.814845 0.821492 0.823052 0.832035 0.851408 0.879914 0.911390 0.936429 0.950208 -9999.0 -9999.0 -9999.0 -9999.0 -9999.0 -9999.0 -9999.0
0.714169 0.712273 0.711243 0.712112 0.714529 0.717347 0.718069 0.719560 0.720395 0.722535 0.723377 0.726694 0.728002 0.729843 0.732490 0.736009 0.738823 0.742108 0.744996 0.750035 0.756850 0.761457 0.763385 0.763880 0.763580 0.764724 0.765785 0.763170 0.757328 0.754844 0.762656 0.769995 0.774201 0.769645 0.771381 0.779427 0.791871 0.801423 0.805719 0.804745 0.794687 0.778786 0.769002 0.774263 0.785482 0.801804 0.815890 0.829821 0.842092 0.851915 0.865750 0.884840 0.906732 0.930270 0.946252 -9999.0 -9999.0 -9999.0 -9999.0 -9999.0 -9999.0 -9999.0 -9999.0
0.711671 0.711142 0.712712 0.714027 0.717257 0.719589 0.720947 0.721480 0.721261 0.721695 0.723017 0.725229 0.726610 0.728276 0.733461 0.739109 0.743308 0.746949 0.750259 0.755901 0.762125 0.764614 0.762748 0.761516 0.762787 0.766060 0.769188 0.767609 0.760108 0.756398 0.766574 0.783547 0.787666 0.780200 0.775428 0.781652 0.795545 0.811627 0.817981 0.818642 0.808317 0.789252 0.776498 0.782511 0.795389 0.815283 0.831818 0.850205 0.866083 0.882941 0.898900 0.914603 0.932545 0.949369 0.957476 -9999.0 -9999.0 -9999.0 -9999.0 -9999.0 -9999.0 -9999.0 -9999.0
0.716156 0.715925 0.716876 0.718139 0.719472 0.719992 0.719864 0.720274 0.719446 0.718086 0.719594 0.721599 0.725878 0.733753 0.739455 0.747258 0.752290 0.758665 0.763083 0.768900 0.771798 0.768777 0.762826 0.758309 0.758630 0.764452 0.770821 0.773005 0.763508 0.755751 0.768406 0.793050 0.800563 0.790912 0.777044 0.775596 0.792088 0.813821 0.826715 0.828845 0.819500 0.802054 0.786217 0.792606 0.807520 0.830203 0.849245 0.869692 0.889713 0.910796 0.927734 0.942765 0.954889 0.962165 -9999.0 -9999.0 -9999.0 -9999.0 -9999.0 -9999.0 -9999.0 -9999.0 -9999.0
0.723471 0.722610 0.722130 0.721316 0.720908 0.719766 0.718378 0.716715 0.714502 0.713471 0.715976 0.722029 0.732637 0.742674 0.753981 0.764981 0.772974 0.779697 0.785213 0.790136 0.789581 0.780828 0.765988 0.754284 0.752904 0.761004 0.770479 0.774395 0.763979 0.753434 0.767832 0.797669 0.810173 0.801071 0.780729 0.771813 0.786496 0.812424 0.829168 0.834295 0.828975 0.815337 0.801248 0.807703 0.822443 0.845440 0.864679 0.885985 0.910280 0.935221 0.950639 0.959843 0.963795 -9999.0 -9999.0 -9999.0 -9999.0 -9999.0 -9999.0 -9999.0 -9999.0 -9999.0 -9999.0
0.729899 0.727933 0.724848 0.722955 0.721217 0.719057 0.715992 0.713394 0.711661 0.711091 0.717217 0.727677 0.742926 0.757440 0.772992 0.783858 0.793557 0.800201 0.805977 0.809016 0.804940 0.792300 0.770465 0.753530 0.748435 0.756784 0.769925 0.775198 0.766980 0.755641 0.767831 0.800218 0.817097 0.810886 0.787095 0.775245 0.781466 0.804583 0.825013 0.836889 0.837736 0.830676 0.820353 0.825619 0.841792 0.865653 0.884374 0.905040 0.930882 0.950559 0.960522 -9999.0 -9999.0 -9999.0 -9999.0 -9999.0 -9999.0 -9999.0 -9999.0 -9999.0 -9999.0 -9999.0 -9999.0
