geotop_simulations/templates/venosta_2024_00001/input-maps/sky.asc
ncols         252
nrows         194
xllcorner     598250.000000
yllcorner     5144500.000000
cellsize      250.000000
NODATA_value  -9999.0
[rows 0 to 27 of 194, columns 63 to 125 of 252]
-9999.0 -9999.0 -9999.0 -9999.0 -9999.0 -9999.0 -9999.0 -9999.0 -9999.0 -9999.0 -9999.0 -9999.0 -9999.0 -9999.0 -9999.0 -9999.0 -9999.0 -9999.0 -9999.0 -9999.0 -9999.0 -9999.0 -9999.0 -9999.0 -9999.0 -9999.0 -9999.0 -9999.0 -9999.0 -9999.0 -9999.0 -9999.0 -9999.0 -9999.0 -9999.0 -9999.0 -9999.0 -9999.0 -9999.0 -9999.0 -9999.0 -9999.0 -9999.0 -9999.0 -9999.0 -9999.0 -9999.0 -9999.0 -9999.0 -9999.0 -9999.0 -9999.0 -9999.0 -9999.0 -9999.0 -9999.0 -9999.0 -9999.0 -9999.0 -9999.0 -9999.0 -9999.0 -9999.0
-9999.0 -9999.0 -9999.0 -9999.0 -9999.0 -9999.0 -9999.0 -9999.0 -9999.0 -9999.0 -9999.0 -9999.0 -9999.0 -9999.0 -9999.0 -9999.0 -9999.0 -9999.0 -9999.0 -9999.0 -9999.0 -9999.0 -9999.0 -9999.0 -9999.0 -9999.0 -9999.0 -9999.0 -9999.0 -9999.0 -9999.0 -9999.0 -9999.0 -9999.0 -9999.0 -9999.0 -9999.0 -9999.0 -9999.0 -9999.0 -9999.0 -9999.0 -9999.0 -9999.0 -9999.0 -9999.0 -9999.0 -9999.0 -9999.0 -9999.0 -9999.0 -9999.0 0.986297 0.981559 0.967320 -9999.0 -9999.0 -9999.0 -9999.0 -9999.0 -9999.0 -9999.0 -9999.0
-9999.0 -9999.0 -9999.0 -9999.0 -9999.0 -9999.0 -9999.0 -9999.0 -9999.0 -9999.0 -9999.0 -9999.0 -9999.0 -9999.0 -9999.0 -9999.0 -9999.0 -9999.0 -9999.0 -9999.0 -9999.0 -9999.0 -9999.0 -9999.0 -9999.0 -9999.0 -9999.0 -9999.0 -9999.0 -9999.0 -9999.0 -9999.0 -9999.0 -9999.0 -9999.0 -9999.0 -9999.0 -9999.0 -9999.0 -9999.0 -9999.0 -9999.0 -9999.0 -9999.0 -9999.0 -9999.0 -9999.0 -9999.0 -9999.0 -9999.0 -9999.0 0.979710 0.979701 0.977658 -9999.0 -9999.0 -9999.0 -9999.0 -9999.0 -9999.0 -9999.0 -9999.0 -9999.0
-9999.0 -9999.0 -9999.0 -9999.0 -9999.0 -9999.0 -9999.0 -9999.0 -9999.0 -9999.0 -9999.0 -9999.0 -9999.0 -9999.0 -9999.0 -9999.0 -9999.0 -9999.0 -9999.0 -9999.0 -9999.0 -9999.0 -9999.0 -9999.0 -9999.0 -9999.0 -9999.0 -9999.0 -9999.0 -9999.0 -9999.0 -9999.0 -9999.0 -9999.0 -9999.0 -9999.0 -9999.0 -9999.0 -9999.0 -9999.0 -9999.0 -9999.0 -9999.0 -9999.0 -9999.0 -9999.0 -9999.0 -9999.0 -9999.0 -9999.0 0.976759 0.965986 0.964623 0.970592 0.974374 0.973365 0.970869 -9999.0 -9999.0 -9999.0 -9999.0 -9999.0 -9999.0
-9999.0 -9999.0 -9999.0 -9999.0 -9999.0 -9999.0 -9999.0 -9999.0 -9999.0 -9999.0 -9999.0 -9999.0 -9999.0 -9999.0 -9999.0 -9999.0 -9999.0 -9999.0 -9999.0 -9999.0 -9999.0 -9999.0 -9999.0 -9999.0 -9999.0 -9999.0 -9999.0 -9999.0 -9999.0 -9999.0 -9999.0 -9999.0 -9999.0 -9999.0 -9999.0 -9999.0 -9999.0 -9999.0 -9999.0 -9999.0 -9999.0 -9999.0 -9999.0 -9999.0 -9999.0 -9999.0 -9999.0 -9999.0 -9999.0 0.976196 0.956009 0.927171 0.919328 0.930702 0.949448 0.961801 0.970946 0.972590 0.972495 0.968872 -9999.0 -9999.0 -9999.0
-9999.0 -9999.0 -9999.0 -9999.0 -9999.0 -9999.0 -9999.0 -9999.0 -9999.0 -9999.0 -9999.0 -9999.0 -9999.0 -9999.0 -9999.0 -9999.0 -9999.0 -9999.0 -9999.0 -9999.0 -9999.0 -9999.0 -9999.0 -9999.0 -9999.0 -9999.0 -9999.0 -9999.0 -9999.0 -9999.0 -9999.0 -9999.0 -9999.0 -9999.0 -9999.0 -9999.0 -9999.0 -9999.0 -9999.0 -9999.0 -9999.0 -9999.0 -9999.0 -9999.0 -9999.0 -9999.0 0.968385 0.977521 0.975833 0.961143 0.933091 0.903688 0.890235 0.892143 0.902369 0.913617 0.930716 0.948793 0.965952 0.969183 -9999.0 -9999.0 -9999.0
-9999.0 -9999.0 -9999.0 -9999.0 -9999.0 -9999.0 -9999.0 -9999.0 -9999.0 -9999.0 -9999.0 -9999.0 -9999.0 -9999.0 -9999.0 -9999.0 -9999.0 -9999.0 -9999.0 -9999.0 -9999.0 -9999.0 -9999.0 -9999.0 -9999.0 -9999.0 -9999.0 -9999.0 -9999.0 -9999.0 -9999.0 -9999.0 -9999.0 -9999.0 -9999.0 -9999.0 -9999.0 -9999.0 0.985653 0.985578 0.977006 0.961650 0.952636 0.951002 0.953515 0.959048 0.967096 0.967267 0.955917 0.932343 0.902070 0.881955 0.869353 0.864406 0.861831 0.861182 0.872414 0.893016 0.928683 0.958325 0.966873 0.958842 -9999.0
-9999.0 -9999.0 -9999.0 -9999.0 -9999.0 -9999.0 -9999.0 -9999.0 -9999.0 -9999.0 -9999.0 -9999.0 -9999.0 -9999.0 -9999.0 -9999.0 -9999.0 -9999.0 -9999.0 -9999.0 -9999.0 -9999.0 -9999.0 -9999.0 -9999.0 -9999.0 -9999.0 -9999.0 -9999.0 -9999.0 -9999.0 -9999.0 -9999.0 -9999.0 -9999.0 -9999.0 -9999.0 0.972897 0.973347 0.966124 0.954698 0.941202 0.932409 0.928615 0.932613 0.942732 0.952381 0.948600 0.931457 0.906587 0.879932 0.862145 0.849980 0.842683 0.838597 0.835896 0.845143 0.860567 0.900501 0.948856 0.968140 0.964764 -9999.0
-9999.0 -9999.0 -9999.0 -9999.0 -9999.0 -9999.0 -9999.0 -9999.0 -9999.0 -9999.0 -9999.0 -9999.0 -9999.0 -9999.0 -9999.0 -9999.0 -9999.0 -9999.0 -9999.0 -9999.0 -9999.0 -9999.0 -9999.0 -9999.0 -9999.0 -9999.0 -9999.0 -9999.0 -9999.0 -9999.0 -9999.0 -9999.0 -9999.0 -9999.0 -9999.0 -9999.0 0.963584 0.956089 0.943387 0.929135 0.920580 0.910525 0.900064 0.897308 0.904829 0.923001 0.936780 0.933937 0.915359 0.888763 0.863141 0.846277 0.835629 0.827895 0.826453 0.828403 0.835031 0.856142 0.899519 0.950227 0.969350 0.965464 -9999.0
-9999.0 -9999.0 -9999.0 -9999.0 -9999.0 -9999.0 -9999.0 -9999.0 -9999.0 -9999.0 -9999.0 -9999.0 -9999.0 -9999.0 -9999.0 -9999.0 -9999.0 -9999.0 -9999.0 -9999.0 -9999.0 -9999.0 -9999.0 -9999.0 -9999.0 -9999.0 -9999.0 -9999.0 -9999.0 -9999.0 -9999.0 0.981085 0.971635 0.962801 0.961703 0.954254 0.944888 0.928664 0.912464 0.901046 0.894189 0.889666 0.882484 0.880898 0.888186 0.909794 0.924644 0.924852 0.904599 0.878721 0.851357 0.832808 0.821746 0.818036 0.822001 0.832330 0.848532 0.875031 0.919583 0.959783 0.971114 -9999.0 -9999.0
-9999.0 -9999.0 -9999.0 -9999.0 -9999.0 -9999.0 -9999.0 -9999.0 -9999.0 -9999.0 -9999.0 -9999.0 -9999.0 -9999.0 -9999.0 -9999.0 -9999.0 -9999.0 -9999.0 -9999.0 -9999.0 -9999.0 -9999.0 -9999.0 -9999.0 -9999.0 -9999.0 -9999.0 -9999.0 -9999.0 0.982931 0.976837 0.963441 0.948900 0.941101 0.929117 0.919226 0.907037 0.899020 0.892909 0.887118 0.881118 0.877332 0.873540 0.876988 0.895573 0.912719 0.914210 0.900328 0.874282 0.843050 0.821788 0.814096 0.815470 0.827698 0.847336 0.869434 0.891393 0.927277 0.958765 0.971527 -9999.0 -9999.0
-9999.0 -9999.0 -9999.0 -9999.0 -9999.0 -9999.0 -9999.0 -9999.0 -9999.0 -9999.0 -9999.0 -9999.0 -9999.0 -9999.0 -9999.0 -9999.0 -9999.0 -9999.0 -9999.0 -9999.0 -9999.0 -9999.0 -9999.0 -9999.0 -9999.0 -9999.0 -9999.0 -9999.0 -9999.0 -9999.0 0.977231 0.961048 0.939449 0.922087 0.913281 0.903756 0.895979 0.896047 0.894999 0.890904 0.882717 0.875014 0.867444 0.861256 0.859559 0.870977 0.890622 0.902661 0.895609 0.871093 0.837759 0.813950 0.810587 0.818240 0.838115 0.863089 0.883567 0.901320 0.926982 0.955166 0.969553 0.963900 0.951572
-9999.0 -9999.0 -9999.0 -9999.0 -9999.0 -9999.0 -9999.0 -9999.0 -9999.0 -9999.0 -9999.0 -9999.0 -9999.0 -9999.0 -9999.0 -9999.0 -9999.0 -9999.0 -9999.0 -9999.0 -9999.0 -9999.0 -9999.0 -9999.0 -9999.0 -9999.0 -9999.0 -9999.0 -9999.0 0.971504 0.961135 0.933870 0.909773 0.897469 0.892453 0.887911 0.884742 0.886721 0.887955 0.882542 0.873124 0.864764 0.858411 0.850032 0.843701 0.850492 0.867772 0.882876 0.881708 0.862813 0.833326 0.811852 0.810686 0.820641 0.842127 0.865721 0.880488 0.896480 0.917537 0.942567 0.956559 0.956516 0.954289
-9999.0 -9999.0 -9999.0 -9999.0 -9999.0 -9999.0 -9999.0 -9999.0 -9999.0 -9999.0 -9999.0 -9999.0 -9999.0 -9999.0 -9999.0 -9999.0 -9999.0 -9999.0 -9999.0 -9999.0 -9999.0 -9999.0 -9999.0 -9999.0 -9999.0 -9999.0 0.981972 0.977452 0.971671 0.963309 0.943452 0.915848 0.895912 0.888668 0.884069 0.881135 0.876000 0.876380 0.874889 0.868449 0.855953 0.847873 0.841237 0.834653 0.827402 0.831566 0.842145 0.854660 0.855588 0.842936 0.821681 0.809254 0.810561 0.821082 0.842663 0.865898 0.884696 0.903653 0.921945 0.931634 0.937494 0.932281 0.939578
-9999.0 -9999.0 -9999.0 -9999.0 -9999.0 -9999.0 -9999.0 -9999.0 -9999.0 -9999.0 -9999.0 -9999.0 -9999.0 -9999.0 -9999.0 -9999.0 -9999.0 -9999.0 -9999.0 -9999.0 -9999.0 -9999.0 -9999.0 -9999.0 0.983395 0.983227 0.978116 0.966846 0.952619 0.940485 0.925191 0.904758 0.886561 0.875919 0.876876 0.870892 0.867047 0.864575 0.857763 0.846226 0.831051 0.821856 0.818057 0.810884 0.807976 0.808161 0.813064 0.817741 0.816465 0.814290 0.807268 0.805970 0.810664 0.822755 0.845187 0.871717 0.895883 0.919656 0.925609 0.917164 0.895964 0.887229 0.905098
-9999.0 -9999.0 -9999.0 -9999.0 -9999.0 -9999.0 -9999.0 -9999.0 -9999.0 -9999.0 -9999.0 -9999.0 -9999.0 -9999.0 -9999.0 -9999.0 -9999.0 -9999.0 -9999.0 -9999.0 -9999.0 -9999.0 -9999.0 -9999.0 0.977118 0.969417 0.956857 0.941676 0.927275 0.917531 0.909573 0.897512 0.880716 0.867583 0.861327 0.859604 0.854771 0.848576 0.835657 0.819398 0.804023 0.792852 0.790459 0.783588 0.782026 0.781951 0.778836 0.784173 0.780146 0.788061 0.790904 0.797966 0.807388 0.823264 0.848417 0.881770 0.911620 0.925909 0.921428 0.891836 0.856941 0.848973 0.867671
-9999.0 -9999.0 -9999.0 -9999.0 -9999.0 -9999.0 -9999.0 -9999.0 -9999.0 -9999.0 -9999.0 -9999.0 -9999.0 -9999.0 -9999.0 -9999.0 -9999.0 -9999.0 -9999.0 -9999.0 -9999.0 -9999.0 0.980496 0.974631 0.955838 0.938506 0.926376 0.921730 0.913680 0.904415 0.897479 0.890124 0.875411 0.859204 0.849475 0.844458 0.835737 0.824633 0.809437 0.791609 0.779806 0.770246 0.766302 0.762107 0.759415 0.761546 0.756837 0.757993 0.762180 0.768230 0.772811 0.784176 0.796723 0.814725 0.840603 0.875585 0.905934 0.917770 0.903506 0.861264 0.825281 0.825177 0.849766
-9999.0 -9999.0 -9999.0 -9999.0 -9999.0 -9999.0 -9999.0 0.868538 0.870741 0.865643 0.858196 0.855241 0.876894 0.911299 -9999.0 -9999.0 -9999.0 -9999.0 0.986006 0.985357 0.981526 0.974642 0.964134 0.950205 0.929406 0.912353 0.908832 0.914053 0.910684 0.898336 0.884193 0.874187 0.860991 0.843584 0.832445 0.822640 0.810023 0.794396 0.780228 0.767996 0.762694 0.757744 0.754372 0.751891 0.749583 0.750450 0.749992 0.750853 0.750777 0.751254 0.754692 0.766818 0.778725 0.794911 0.819501 0.851699 0.882848 0.894640 0.872661 0.835194 0.812362 0.822897 0.853458
-9999.0 -9999.0 -9999.0 -9999.0 -9999.0 -9999.0 0.818730 0.839820 0.846368 0.849475 0.846372 0.844753 0.865615 0.905555 0.947025 0.973458 0.983337 0.985461 0.984256 0.976341 0.960974 0.940355 0.932712 0.926456 0.912205 0.903082 0.900652 0.905571 0.905258 0.892091 0.869986 0.851305 0.839673 0.822793 0.808427 0.796692 0.781077 0.766357 0.756418 0.751968 0.751653 0.750380 0.748218 0.747677 0.748973 0.751548 0.754308 0.753942 0.750268 0.745841 0.744047 0.748576 0.756122 0.771316 0.794125 0.823363 0.849391 0.854112 0.839390 0.822175 0.816680 0.834183 0.866511
-9999.0 -9999.0 -9999.0 -9999.0 -9999.0 -9999.0 0.789719 0.802399 0.811931 0.823079 0.830002 0.830123 0.845580 0.880114 0.920651 0.949127 0.965036 0.969226 0.968426 0.953811 0.932708 0.910882 0.905968 0.908234 0.906256 0.902731 0.898100 0.896796 0.894590 0.880359 0.853239 0.825745 0.805871 0.797260 0.782403 0.771481 0.757987 0.748364 0.746617 0.748412 0.749676 0.752611 0.754538 0.757703 0.761393 0.767876 0.769107 0.768971 0.760321 0.748783 0.741429 0.738904 0.742582 0.752208 0.771394 0.797947 0.815783 0.822187 0.819316 0.817979 0.829322 0.853236 0.882232
-9999.0 -9999.0 -9999.0 -9999.0 -9999.0 0.774249 0.772314 0.774401 0.782301 0.799856 0.814187 0.821140 0.833853 0.857850 0.886006 0.911064 0.929868 0.943769 0.950063 0.937449 0.919143 0.900044 0.896056 0.900398 0.902903 0.902360 0.897210 0.887474 0.876964 0.859750 0.832132 0.803621 0.782925 0.772143 0.761509 0.751432 0.743809 0.742357 0.746806 0.753895 0.758447 0.762102 0.767866 0.776580 0.783415 0.789764 0.789491 0.787891 0.777841 0.764072 0.748626 0.739297 0.735384 0.737473 0.749113 0.769161 0.783060 0.794615 0.800130 0.814034 0.834223 0.858029 0.877079
-9999.0 -9999.0 -9999.0 -9999.0 0.783679 0.775412 0.766896 0.764626 0.769828 0.781374 0.793802 0.804169 0.815995 0.824767 0.845103 0.867475 0.901034 0.929040 0.944614 0.935931 0.917465 0.899783 0.895996 0.893873 0.898159 0.900162 0.892911 0.874493 0.849403 0.831364 0.806538 0.782256 0.762891 0.752970 0.746168 0.741787 0.743379 0.749741 0.760304 0.770702 0.777110 0.784970 0.793863 0.807659 0.816893 0.820339 0.817526 0.812651 0.803646 0.789312 0.766273 0.745152 0.732024 0.729593 0.733033 0.743240 0.758232 0.772170 0.786389 0.804026 0.824695 0.842475 0.853379
-9999.0 -9999.0 -9999.0 0.799016 0.785599 0.777230 0.765896 0.761334 0.761347 0.769226 0.777131 0.786289 0.799754 0.799002 0.818189 0.851900 0.892809 0.923352 0.936231 0.927591 0.912068 0.899781 0.892090 0.887856 0.887590 0.890608 0.882247 0.858995 0.825068 0.801419 0.781051 0.762557 0.749731 0.745067 0.743716 0.747091 0.754634 0.766118 0.781230 0.795075 0.803128 0.811846 0.821229 0.835282 0.841566 0.842755 0.835061 0.828750 0.820861 0.811709 0.791894 0.765491 0.742034 0.728721 0.725892 0.729667 0.737198 0.744745 0.760270 0.774296 0.789739 0.803224 0.807398
-9999.0 -9999.0 0.810738 0.801065 0.787241 0.777409 0.768550 0.761871 0.757863 0.761231 0.765032 0.771685 0.781731 0.786593 0.817450 0.859585 0.892927 0.914553 0.917280 0.910470 0.902649 0.895699 0.886601 0.877902 0.871249 0.872713 0.864318 0.840761 0.804662 0.778471 0.763184 0.752901 0.747640 0.748043 0.753983 0.761412 0.775544 0.790803 0.806159 0.816998 0.825031 0.834326 0.845135 0.858065 0.863967 0.858802 0.844564 0.837190 0.831634 0.827409 0.813943 0.791819 0.764639 0.745176 0.733869 0.728809 0.726862 0.730838 0.740316 0.749517 0.761473 0.766371 0.769033
0.818906 0.816880 0.811920 0.800369 0.786785 0.778144 0.770411 0.765398 0.761865 0.758506 0.760835 0.764737 0.775521 0.797121 0.838014 0.878267 0.897453 0.897256 0.890591 0.887118 0.888148 0.885688 0.872522 0.857620 0.848437 0.849946 0.842222 0.821512 0.787730 0.765086 0.755291 0.750374 0.752569 0.758269 0.769258 0.783647 0.801235 0.816983 0.828067 0.832483 0.839535 0.850102 0.865227 0.877806 0.880154 0.867767 0.848769 0.841631 0.838000 0.839926 0.832226 0.815647 0.791840 0.770004 0.753167 0.739467 0.732478 0.728070 0.726629 0.730604 0.739028 0.743784 0.748756
0.817894 0.817118 0.810087 0.798675 0.786872 0.780059 0.774154 0.768933 0.765197 0.758685 0.760382 0.763967 0.779699 0.813672 0.860536 0.890577 0.897192 0.879155 0.863164 0.861488 0.870494 0.872395 0.854984 0.835920 0.824121 0.822810 0.815652 0.801026 0.772729 0.758826 0.752034 0.752437 0.760878 0.772909 0.789798 0.807064 0.827231 0.841087 0.847786 0.847053 0.851586 0.862028 0.881076 0.893950 0.890883 0.869320 0.847839 0.840471 0.842610 0.849390 0.846059 0.830541 0.810659 0.792120 0.775655 0.758410 0.744586 0.734151 0.726964 0.726899 0.732241 0.738466 0.744619
0.822259 0.820811 0.808220 0.796862 0.788657 0.783119 0.778312 0.773735 0.767062 0.761076 0.761887 0.765913 0.787290 0.824157 0.865533 0.890716 0.883053 0.855943 0.836332 0.839920 0.851814 0.853545 0.834215 0.813771 0.801713 0.796840 0.789756 0.777387 0.762185 0.754068 0.752028 0.758848 0.772856 0.792626 0.815452 0.837537 0.858624 0.870707 0.876230 0.872237 0.873159 0.884225 0.904531 0.912943 0.900626 0.867410 0.839985 0.833270 0.842558 0.856810 0.857075 0.841547 0.822009 0.805121 0.792572 0.775910 0.760379 0.745803 0.734608 0.729859 0.733025 0.739851 0.747022
0.831302 0.827480 0.816896 0.804166 0.794780 0.789891 0.782725 0.778147 0.769896 0.764226 0.760337 0.764348 0.784618 0.818932 0.852379 0.868162 0.853782 0.828009 0.812268 0.817761 0.826849 0.825414 0.810294 0.791478 0.780677 0.773197 0.768493 0.761341 0.754066 0.751692 0.754408 0.763998 0.783031 0.810073 0.838985 0.863553 0.883602 0.896229 0.903307 0.903079 0.905307 0.916271 0.936399 0.942589 0.922242 0.875343 0.832493 0.823797 0.838415 0.863242 0.869934 0.853588 0.829593 0.811621 0.800520 0.787572 0.774927 0.759968 0.748527 0.744868 0.746413 0.754204 0.763036
