geotop_simulations/templates/TEST_Venosta_3D_034_template/rec/SnowAge0000.asc
ncols         252
nrows         194
xllcorner     598250.000000
yllcorner     5144500.000000
cellsize      250.000000
NODATA_value  -9999.0
[rows 108 to 134 of 194, columns 62 to 123 of 252]
12.701952 13.050787 12.851352 11.908061 11.161493 11.931414 13.172574 13.198519 11.574747 9.685212 8.571257 7.912580 7.798652 7.985204 7.976885 7.895031 7.403273 7.023198 6.785831 6.716764 6.227507 5.662506 5.575236 5.438249 2.314511 1.236640 0.888477 1.356198 0.958348 0.942194 1.311983 1.417368 1.462313 3.122716 2.967842 1.579526 2.723887 2.758191 3.635086 6.190086 5.758844 4.974935 5.409405 5.275790 5.367252 5.317714 5.296494 5.148172 5.162881 5.252529 5.415115 5.414324 5.531220 5.443111 5.697033 5.699841 5.769580 5.810223 5.701184 5.708294 5.876677 6.115605
11.261536 12.795738 13.528761 13.568844 12.921084 12.874514 11.989649 10.647836 9.662345 8.553697 7.768603 7.155801 6.726617 6.697029 6.870712 7.092249 6.792052 6.424024 6.306741 6.173883 5.701519 5.504367 6.048020 4.873198 4.448104 2.527974 1.022494 0.931463 0.948046 0.944029 1.316190 1.421986 1.314352 1.303483 1.442512 1.214402 2.942609 2.740395 3.065023 3.968414 6.465539 5.832157 5.659987 5.219622 5.000841 5.025997 5.021986 4.950704 4.951636 4.939477 5.634920 4.870901 5.475272 4.539907 5.170524 5.280616 5.347781 5.436442 5.415419 5.489906 5.428352 5.608393
9.802779 11.202520 11.928418 12.433292 12.881920 12.632785 10.794537 9.407850 8.697246 8.046523 7.698433 7.248390 6.998448 6.622366 6.238942 6.267123 6.317439 5.965849 6.052536 6.222939 6.270654 6.150123 6.155410 6.332552 4.944912 5.344323 3.807457 2.874492 1.347409 1.248286 1.320083 1.417354 0.902235 1.048487 1.251954 1.538655 2.931736 2.800381 2.871780 5.893688 7.038446 6.653839 6.157458 5.845045 5.666459 5.417697 5.333915 5.309257 5.332446 5.274505 5.214952 5.198460 5.228949 5.159871 5.086986 5.128721 5.158117 5.255836 5.380419 5.354599 5.298059 5.211131
9.481683 9.976292 10.267891 11.389544 12.087903 11.352192 10.322318 9.361755 8.856435 8.636652 8.948729 9.397844 9.478625 8.641880 7.747725 7.136278 7.044045 6.690579 6.673151 6.844982 7.044242 6.944298 6.844089 6.665376 6.312239 5.020594 2.521325 1.156461 0.931940 1.307459 1.368462 1.385471 0.974034 1.184615 1.435028 1.587017 2.928255 2.823419 3.977399 4.459698 6.946984 7.022461 6.701965 6.347961 6.052826 5.913593 5.746008 5.622728 5.551392 5.184379 5.226986 5.440908 5.413120 5.458803 5.611085 5.691943 5.880201 6.103727 6.298675 6.385852 6.472415 6.512524
10.152814 10.222208 10.804448 11.796927 12.197650 11.221207 10.296239 9.775736 9.306417 9.552205 10.546939 11.405443 10.598322 9.506180 8.855498 8.102579 7.646402 7.573297 7.445496 7.338435 7.425892 7.374722 7.414923 7.256932 6.860265 6.501210 5.364581 2.556476 0.886619 1.440822 1.366239 1.379886 0.972865 1.289983 1.442396 1.579960 2.877752 3.241829 3.715609 4.434798 6.652612 7.091455 6.754628 6.502155 6.192135 5.973495 5.836741 5.657609 5.581368 5.503309 5.477445 5.501245 5.568020 5.753379 5.943040 6.120436 6.381996 6.704249 6.946756 7.146665 7.295138 7.418368
11.437776 11.867702 11.947753 12.637847 12.895560 11.826900 10.527054 9.702281 9.761979 10.840163 11.674037 10.569751 9.106244 8.275723 7.925173 7.603938 7.742945 7.907873 7.866906 7.798875 8.010327 8.043151 7.705099 7.418961 7.240883 6.971286 6.868196 6.106771 3.654823 2.342201 1.325989 1.384719 2.205222 1.297008 1.357735 2.890587 2.844433 3.117584 3.711631 4.454705 6.099370 7.102180 6.765033 6.495779 6.194800 5.944463 5.802044 5.625892 5.594153 5.542245 5.539227 5.607079 5.708749 5.860656 6.034313 6.269739 6.621137 6.869291 7.171958 7.461002 6.257704 4.716444
12.085867 12.455494 13.208437 13.345426 11.734392 10.372938 9.811995 9.823808 10.508243 11.480950 11.030988 9.547070 8.682590 8.350798 8.352013 8.572569 8.576673 8.433068 8.488070 8.437890 8.678451 8.241724 7.762948 7.488705 7.280310 7.316164 6.690604 5.404537 6.121543 2.917919 1.405458 1.324612 1.317795 1.303047 1.351965 1.511871 2.845808 3.003062 3.535028 4.477611 6.246009 7.141241 6.829111 6.542290 6.181335 5.926904 5.765196 5.615198 5.549205 5.559569 5.591001 5.617065 5.696073 5.900503 6.075216 6.318264 6.687995 6.911699 7.218844 7.124948 4.759625 4.334536
13.326704 13.868174 14.501958 13.504251 11.125728 10.147392 10.094659 10.785656 11.570732 11.731862 9.935421 9.189408 9.317140 9.451184 9.682489 9.669310 9.199892 8.878410 9.078416 9.188155 8.911158 8.405509 7.890605 7.489493 7.311263 7.279836 6.983908 6.927822 5.852764 2.697696 2.209015 1.464898 1.324599 1.320337 1.345207 3.003467 2.928916 3.025867 3.334588 4.501673 6.942357 7.177496 6.902597 6.630826 6.231747 6.024409 5.768619 5.655486 5.680385 5.685657 5.657503 5.741059 5.843506 6.011194 6.164318 6.403495 6.630760 6.888279 7.210310 7.565939 4.683593 3.936998
15.487617 15.772759 15.426297 13.504764 12.485963 12.324587 12.214504 12.972736 12.797296 11.146575 10.044597 9.769538 10.251023 10.800610 10.540898 9.790228 9.092505 8.682989 8.636943 8.592391 8.415507 8.193637 7.679291 7.226957 6.921887 6.855095 6.549834 6.790738 5.680209 2.635904 2.458669 2.113642 1.351089 1.337050 2.877228 2.821111 3.010766 3.016732 3.534711 4.455620 7.358575 6.941256 6.723554 6.457896 6.203201 5.883007 6.425393 6.220142 5.796060 5.782760 5.711519 5.699285 5.795990 5.952353 6.144710 6.366980 6.431851 6.639560 6.860803 7.210388 7.653418 4.699098
14.712186 15.733837 14.848025 14.002199 13.719535 13.826372 13.852267 13.816761 13.038982 11.302109 10.471833 10.998376 11.855295 11.466859 10.168547 8.866329 7.894701 7.215513 6.992565 7.026214 7.375536 7.294545 6.705815 6.238269 6.072837 6.254849 6.379792 5.164480 5.273550 1.188543 2.652215 1.317561 2.836186 2.720129 2.773204 3.147041 3.522867 4.123629 4.616754 6.838294 6.852813 6.748384 6.986589 7.074546 6.811131 6.636475 6.566629 6.398666 6.407994 6.431369 6.368569 6.296302 6.482382 6.627493 6.755250 6.882841 7.259949 6.619064 6.966159 6.669652 7.269062 7.460881
12.296632 12.790635 12.841020 12.895838 13.093603 13.873461 14.495368 13.854784 12.626723 12.090185 12.481715 12.623636 11.951904 10.677205 9.161199 8.013018 7.229009 6.329538 5.871178 5.797161 6.136277 6.609201 6.343241 5.432384 5.543822 6.023171 4.957935 2.066024 2.262746 2.019684 2.020113 3.104766 3.390453 2.570078 3.880263 4.219870 6.338140 6.484939 6.716579 6.670248 7.410407 7.677628 7.859164 7.619056 7.518650 7.286732 7.165790 7.188631 7.123159 7.202069 7.246037 6.986178 7.064907 6.914019 7.314147 7.313149 7.337927 7.275870 7.819885 8.109832 8.495519 6.897489
12.846485 12.044980 11.373081 11.074136 11.043904 11.618950 12.881770 13.629775 13.221362 12.722044 12.496468 11.451171 10.050417 9.141369 8.575489 8.376900 7.604437 6.650336 5.773552 5.341690 5.409412 6.113600 6.312557 5.684855 5.173630 4.849817 3.202903 2.065637 2.286540 2.398565 5.715884 5.780746 4.883974 6.009506 6.175747 5.974287 6.219473 7.491741 8.219267 7.969661 7.794169 7.663029 7.585727 7.572029 7.553756 7.496754 7.277500 6.811199 7.002306 7.230991 7.409020 7.276863 7.283766 7.394394 6.857482 6.698110 7.255587 7.443694 7.701198 7.904590 7.804491 7.994302
13.748618 12.230100 10.765451 9.927845 9.666088 9.757547 10.383320 11.149741 11.319392 10.974757 10.121167 8.964261 8.232093 8.013874 7.948699 8.151798 8.048636 7.331060 6.380192 5.268702 5.054727 5.544974 5.681373 5.427198 4.690399 3.179445 2.944778 3.632632 5.296747 5.250266 5.202918 5.922354 5.262608 5.422286 5.395551 7.496378 7.367052 7.564370 7.238325 7.400475 7.175800 7.543833 7.329999 7.500187 7.593665 7.502738 7.393170 7.153707 7.455096 8.007741 8.415198 8.456878 8.437642 8.423081 7.496424 7.046833 7.303561 7.749342 8.382030 8.504852 8.117114 8.065625
13.492377 12.022005 10.764864 9.748688 9.090489 9.157137 9.170535 9.022523 9.051135 9.019828 8.571296 7.997266 7.492200 7.233127 6.968682 7.115443 7.462490 7.404811 7.038087 5.788522 5.092875 5.219897 4.442189 4.566286 4.725279 4.873100 4.994788 4.860563 5.441599 5.181151 6.471636 6.458462 6.574760 6.481958 6.960325 7.026345 6.994961 7.066422 7.357547 7.272836 7.467643 8.028582 7.766014 7.820253 7.952745 8.266883 8.403199 7.722423 7.752982 8.530483 9.134362 9.295492 9.113305 8.982185 8.264911 8.136766 8.130001 8.074304 8.850086 9.007963 8.676878 8.723859
13.485610 12.617404 11.713088 10.639816 9.728453 8.703583 8.244475 8.211897 8.197092 8.193993 8.158626 7.779923 7.266930 6.761651 6.311494 6.201585 6.290695 6.624363 6.822341 6.410803 5.396479 5.388537 4.518792 4.694493 4.810901 4.686682 5.076634 6.101602 5.965116 5.894051 6.192685 6.504331 6.537625 6.615302 6.730435 6.820050 7.036076 7.464556 7.691112 8.105999 8.327701 8.369113 8.512990 8.759598 8.912287 9.060696 9.298387 8.549389 7.724098 8.395177 9.595082 9.804059 9.611595 9.391007 8.699426 8.699051 8.805300 8.478885 9.206651 9.664308 9.312774 9.299154
13.544467 13.412118 12.379394 11.782869 11.046469 9.245576 8.002738 7.682590 7.704521 7.622876 7.760947 7.592659 7.083100 6.572951 6.075178 5.763840 5.606870 5.547231 5.787143 5.955337 5.752348 5.066611 4.485772 4.573855 4.796440 5.993978 5.768564 5.871898 6.292790 6.331610 6.429086 7.063413 6.976794 6.699101 6.837494 7.287779 7.630011 7.729634 8.075350 8.898214 8.944540 8.780307 9.141045 9.599819 9.630646 9.779171 9.782750 9.140561 7.890567 8.102341 9.541034 10.392016 10.088632 9.735147 9.158389 9.248110 9.460340 9.189180 9.448087 9.707013 9.542997 9.431057
13.637642 13.201304 12.121076 10.978530 10.286787 9.576367 8.435437 7.548231 7.246839 7.151219 7.127582 7.216541 7.182875 6.801777 6.156081 5.801260 5.529993 5.177454 5.061490 5.074370 5.275598 4.317743 4.427172 4.792436 5.695606 5.678928 5.628428 6.096584 6.384352 6.584959 6.988941 7.430557 7.414393 7.012696 7.228052 7.907979 8.282873 8.249044 8.740532 9.669509 9.766424 9.496526 10.099890 10.456853 10.719825 10.783038 10.111531 9.732442 8.438608 8.219555 9.645553 10.948209 10.716958 10.384111 9.805433 9.901451 10.222877 10.072275 9.769561 9.648879 9.753257 9.701971
15.145140 12.818806 11.079019 9.554341 9.093631 9.011692 8.906952 7.998517 7.407930 7.177788 7.217304 7.269244 7.397224 7.418080 7.156948 6.716402 6.319292 5.444582 5.092911 4.758831 4.393255 4.082679 4.203222 5.535845 5.204792 5.560752 5.977447 6.328373 6.752867 7.047816 7.662428 8.009730 7.965373 7.477482 7.575565 8.997563 9.389907 9.051897 9.738525 10.797788 11.101965 10.804012 11.555999 12.264330 12.672398 12.347016 10.971817 10.436177 9.103241 8.358241 9.589297 11.053801 11.513220 11.712716 11.219234 11.118323 11.343843 11.196687 10.993923 10.965218 10.874663 10.813160
14.043463 11.934458 10.673158 10.181384 9.735416 9.793299 10.560696 10.592687 9.650645 8.749315 8.549854 8.711529 8.658982 8.257365 7.787881 7.268816 6.814840 5.890799 5.499371 4.857253 4.207492 4.199254 3.937346 5.254628 5.539420 5.660048 6.343572 6.715907 7.290385 7.605008 8.222065 8.642479 8.648786 8.061245 7.838270 9.874313 10.113214 9.518624 10.140201 11.712272 12.570361 12.005029 12.433116 13.743213 13.977555 12.756197 11.000306 10.460738 9.628447 8.823876 9.834969 11.883433 12.642215 12.326507 12.056682 12.327498 13.001127 12.835076 12.488216 12.586239 12.497181 11.641000
13.766207 12.924470 12.746711 12.734499 12.359064 12.482950 12.770125 12.150266 11.348825 10.610297 9.805173 8.847106 8.142050 7.615548 7.094442 6.835765 6.616039 5.805416 5.470627 4.764222 4.084171 4.021263 5.159079 5.448765 6.186226 6.098621 6.452017 7.241753 8.254568 8.588777 9.090494 9.387103 9.340418 8.750052 8.277377 10.098840 10.765367 10.597521 10.826200 12.312700 13.005184 12.994430 12.647606 14.287074 14.142639 11.782200 10.272980 10.255378 10.134499 9.273594 10.345526 12.421440 13.179996 12.813696 12.638561 13.317276 14.018517 14.014040 13.740465 13.794661 12.952715 11.175632
15.680159 15.531200 14.619344 14.425056 14.405065 14.096879 12.487535 10.439170 9.734161 8.774823 7.563936 6.799825 6.459803 6.097497 5.884346 6.001656 6.068973 5.499648 5.400394 4.256642 4.000728 3.775863 4.903979 5.693519 7.033953 6.951966 6.620216 7.867413 9.452592 9.891351 10.067116 10.172594 9.849121 9.418945 9.015099 10.082652 10.956836 11.383904 11.984355 13.095808 13.082170 13.652459 13.836862 15.107629 14.372591 11.960014 10.486348 10.567451 10.573890 10.006027 10.894105 13.213325 14.530891 14.037688 13.761274 14.253856 15.481473 15.923159 15.049174 14.262525 11.763925 10.100403
13.966740 13.749101 13.064361 12.528764 12.243280 11.321140 9.611390 8.408727 7.648962 7.044174 6.660034 6.453886 6.052570 5.542274 5.088837 5.035113 5.048384 5.033883 5.244080 3.889975 3.906662 4.903236 5.333625 6.190352 7.830122 8.270823 7.488226 8.360623 10.192057 11.248976 11.430587 10.603944 10.015218 9.606739 9.504330 10.378525 10.962564 11.289655 11.678926 13.426521 14.265210 14.890884 15.099066 14.528503 12.517185 11.113040 10.839028 11.449491 11.671684 11.559537 12.440592 14.491962 15.313065 14.147108 14.440227 14.500542 15.674337 16.100657 15.266011 12.759694 11.056982 9.822825
14.400538 12.159460 10.862047 9.529774 8.464496 8.096982 7.812421 7.301779 6.795937 6.640477 6.584639 6.501253 6.321922 5.943838 5.964530 5.864066 5.177569 4.986262 4.703659 3.757309 3.704959 4.640777 5.908340 7.026313 8.674554 9.824337 9.018207 9.284070 10.918335 12.521179 12.677484 11.226405 10.339040 9.900490 9.913289 11.416451 12.089006 11.782117 11.235028 13.037950 14.880013 15.266454 13.491328 11.267812 10.201281 9.968629 10.345957 11.456153 11.847314 12.754746 13.772974 14.044459 14.326554 14.393000 14.981041 14.827718 15.671535 15.269543 13.142326 11.290130 10.828551 10.275719
15.563797 13.594504 11.943280 9.833847 8.327285 7.732234 7.365155 7.045223 6.720727 6.653071 6.522307 6.544124 6.822187 7.149612 6.581095 6.324360 5.822924 5.109506 3.620040 3.622589 3.542149 4.390771 6.040411 7.712569 9.658890 11.636519 11.915532 11.271798 12.053079 13.279312 13.054920 11.666803 11.865447 11.509171 11.015325 12.949229 13.411932 13.571420 12.447662 12.653792 12.730794 11.504714 10.092614 9.536895 9.650164 9.859311 10.354008 11.195785 11.683771 12.994076 14.666543 15.204378 15.262503 16.351711 17.442352 17.383043 16.326658 13.708901 11.667605 10.839866 10.089020 9.602819
14.390639 11.923866 10.631535 10.133706 9.505458 8.811182 8.395567 8.108869 7.968811 7.838214 7.309322 7.503514 7.759809 7.339830 6.984258 6.435740 6.060483 5.398645 3.522189 3.416263 3.387778 4.269094 5.871918 7.270181 9.465453 12.029035 13.059075 12.964722 12.510921 13.517492 13.370737 12.811398 13.544030 13.446087 12.314413 13.122802 14.217066 14.762757 13.866196 12.576569 11.267830 10.820391 11.033028 10.673213 10.446529 10.639647 11.150050 11.814142 11.118425 12.063251 12.548143 14.451140 16.730384 18.961759 19.394084 17.933143 15.045056 12.624329 11.368309 10.770964 10.059761 9.621549
13.669479 11.329906 10.111548 10.043443 10.428137 10.694578 10.378381 9.793322 9.018579 8.574714 8.219223 7.933548 7.416505 6.506895 6.266689 5.926379 5.741930 5.297710 3.497217 3.542575 3.307002 4.311265 5.975077 6.868790 8.207548 10.045286 11.004429 12.383413 13.079731 13.701654 14.118925 13.906036 13.340148 13.155933 13.044071 12.624719 13.874826 14.792101 14.739473 13.476116 12.650482 12.767130 13.202147 13.113784 12.453917 12.200301 11.541451 11.849416 12.107925 12.852923 13.323152 15.190591 17.032123 16.762564 14.807895 13.543448 12.302123 11.265099 10.423683 10.163884 9.847894 9.493711
12.786002 12.190971 12.139265 12.052457 12.376165 12.155198 11.402224 10.252929 9.395864 9.035252 8.315246 7.342628 6.188701 5.322384 4.636315 4.754449 5.140881 3.735153 3.416314 3.512752 3.314924 4.279055 5.618733 6.542820 7.313911 8.378491 9.431649 10.836261 12.151532 13.525658 14.423399 14.953343 14.767153 14.168448 13.921916 13.935883 15.456130 16.874745 16.988168 15.174038 14.270917 14.715995 15.645011 15.678406 15.422050 14.189765 13.723586 13.877250 14.807163 16.164774 19.604049 22.327698 22.551975 15.825526 12.659978 11.075740 10.384733 9.999313 9.589690 9.718742 9.422072 9.291759
