geotop_simulations/templates/TEST_Venosta_3D_034_template/rec/SnowAge0000.asc
ncols         252
nrows         194
xllcorner     598250.000000
yllcorner     5144500.000000
cellsize      250.000000
NODATA_value  -9999.0
[rows 135 to 161 of 194, columns 124 to 185 of 252]
9.521236 9.689308 10.133905 11.515817 11.504515 9.059070 8.613761 9.460600 10.949544 12.068985 12.741125 12.838513 13.614231 15.522828 16.357542 16.926567 17.189590 15.025688 12.599403 12.082338 12.308132 11.821781 11.426212 11.111890 10.673444 9.897771 8.436601 6.987496 6.567908 6.444118 6.472989 6.493008 6.987340 7.197981 7.583450 7.896127 8.076546 7.964044 7.814708 8.174876 9.073464 10.938077 11.950069 11.798870 10.771910 9.868284 9.677246 10.566302 10.963259 11.347997 11.870048 11.276202 11.946498 13.686775 15.328933 15.213244 14.067726 14.241208 14.322100 13.620130 13.880201 16.522377
9.284363 9.759178 10.140303 11.462581 14.302241 14.182023 12.630381 11.991329 12.902384 14.914654 17.059552 18.238696 17.943296 16.895508 15.865254 15.126154 14.238454 12.497427 11.314472 10.835330 10.506077 10.570601 10.021043 9.790916 9.841227 9.587322 9.028274 7.963955 6.925234 6.368176 6.456730 6.775956 7.387941 7.827638 8.105226 8.049037 8.505308 9.268024 8.449141 7.674436 8.236469 10.078793 12.110650 12.579155 12.497011 12.592923 12.164546 12.279274 12.097899 12.001662 12.169999 12.593872 12.767147 13.400122 14.989630 15.896980 15.007745 13.946769 14.329890 14.216438 13.936068 14.745218
9.984240 10.755810 11.604272 12.240749 14.214166 17.168381 16.812754 16.232055 16.441596 18.671544 20.708782 20.610544 17.458552 14.815336 12.473440 10.923346 10.282810 10.173973 9.814790 9.403053 9.367217 8.790653 8.332280 8.135149 8.188587 8.395371 8.349041 8.038625 7.476706 6.881884 6.664752 6.705478 7.267414 7.865442 7.966526 8.659743 9.558461 10.998524 10.921675 9.200149 8.319291 8.956091 11.585008 13.133734 13.996614 14.932707 14.621929 13.401241 12.868386 13.189790 14.543643 15.490031 15.395178 15.070461 14.673371 14.539722 13.875828 13.571820 14.077650 15.223060 15.270381 15.481657
12.154262 12.985094 14.788060 14.981333 15.165597 18.227631 21.313501 26.540173 25.671055 25.152634 25.693091 19.512219 16.033924 14.029011 12.167731 10.876373 10.310993 10.033765 10.207486 10.092615 9.874724 9.700938 9.641031 9.386651 8.743330 8.243748 7.753057 7.611464 7.624068 7.053462 6.622425 6.775621 7.346063 8.094654 8.428932 9.553220 10.809328 12.390371 12.663451 12.445327 10.599093 9.373979 10.782006 13.163801 14.560643 14.392788 13.623291 12.476656 12.775507 13.848901 15.756016 16.867594 16.312826 15.540492 15.617884 15.042780 14.359836 14.627174 15.161259 16.105392 16.417116 16.215892
12.006592 12.504397 13.917366 15.063280 15.499989 16.799461 21.173328 25.292165 23.883795 24.047547 25.411678 17.250881 15.179645 14.471024 14.054481 13.360572 12.247199 11.759126 11.522855 11.321316 12.010300 13.310738 13.240197 11.461751 9.956565 8.915601 8.079102 7.387916 6.989694 6.841887 6.671472 6.986836 6.753323 7.816119 9.111473 9.970913 11.474495 13.452420 13.769987 14.042100 13.518526 11.531303 11.700651 13.973068 14.533500 13.229504 12.146085 12.277691 12.495487 13.072423 14.756455 16.242513 16.170062 16.304009 16.740528 16.843613 16.324460 16.504847 16.287168 16.167237 16.343415 15.194321
10.089268 9.969865 10.950502 12.472609 13.745081 14.294933 15.949892 20.072790 24.758899 21.936860 18.146348 17.147452 15.247425 13.717132 13.751080 14.974272 15.332963 14.872453 14.372025 14.122873 13.474446 12.643756 11.657420 10.180714 9.323400 8.735886 7.988166 7.232116 6.770086 6.710041 6.573771 6.871873 6.723897 7.766830 9.630691 10.921338 11.695620 13.882601 15.121350 15.176225 14.503932 13.919290 13.934327 14.875011 14.978584 13.829032 13.805300 13.690453 13.645796 13.163036 14.318985 16.462639 17.017930 17.616265 17.844694 17.947408 17.602769 17.803399 17.422910 17.284405 16.425891 -9999.0
10.702985 10.277061 10.225799 10.020722 10.578482 11.969712 13.996475 15.980898 15.546778 15.050824 15.865404 17.152329 16.007064 13.646233 12.180715 12.803615 14.186901 14.510966 14.404138 13.521969 11.804193 9.937730 9.220871 9.555945 9.552710 9.344837 8.727468 7.926534 7.008934 6.502995 6.607230 6.335062 7.203319 8.104253 9.757362 11.849721 12.542251 13.636516 14.991498 15.607664 15.847702 15.404226 15.182743 15.904592 16.733810 16.810345 16.895293 16.486105 15.791825 14.875321 15.114789 17.270439 18.656930 20.485042 20.944550 20.270070 19.165944 18.778141 17.448940 -9999.0 -9999.0 -9999.0
11.803264 11.518897 11.213301 11.565308 12.471100 14.034657 15.699270 15.016229 13.257382 13.784797 14.560706 14.352392 13.542223 12.396431 11.259501 10.356335 10.166418 10.409103 10.384741 9.889813 9.299693 9.320560 9.604659 9.666171 9.815395 9.470120 8.845897 8.371427 7.317950 6.881804 6.713589 6.846153 7.409765 8.657141 9.726027 10.149554 10.236020 11.097132 12.531457 14.450977 16.579788 17.429910 16.618148 17.537735 18.920610 19.042721 18.713249 18.197935 16.969895 16.293621 16.307082 18.278907 19.829583 22.745678 22.701176 19.466775 -9999.0 -9999.0 -9999.0 -9999.0 -9999.0 -9999.0
12.614564 13.793835 14.651426 15.555020 17.129316 19.151784 17.999699 14.076428 11.881595 12.697892 13.445897 12.727723 11.383063 10.688466 10.535038 9.881714 9.332534 8.872284 9.113111 9.309487 9.362660 9.473656 9.282636 9.146051 9.071370 8.940686 8.436395 8.154920 7.253213 7.199827 7.058190 6.638028 7.371103 7.805307 7.910525 7.889171 8.199211 9.167608 10.474592 12.851310 15.898390 17.054275 16.741440 16.328685 17.698640 19.192664 18.867026 16.899785 15.737458 16.236534 17.010485 18.952183 20.746829 21.749003 -9999.0 -9999.0 -9999.0 -9999.0 -9999.0 -9999.0 -9999.0 -9999.0
14.806281 16.623551 18.440645 20.654211 23.547019 21.084304 15.592133 12.798594 11.825611 12.380040 13.051237 12.162587 10.436805 9.741190 9.381133 9.023249 8.633065 8.351047 8.133870 8.665002 8.708495 8.563574 8.461812 8.622622 8.633686 8.766412 8.835721 8.207609 7.247871 7.223081 6.862462 7.445657 8.362719 8.366642 8.290538 9.033586 9.915731 10.554675 10.495981 11.223317 12.522695 13.392539 13.407645 13.850422 16.128252 19.240110 19.158798 16.638925 16.372327 17.615738 18.320310 20.990800 25.717763 24.322294 -9999.0 -9999.0 -9999.0 -9999.0 -9999.0 -9999.0 -9999.0 -9999.0
13.707388 15.995624 20.771373 24.851625 25.054202 17.716599 12.897155 11.546548 11.514166 11.881844 12.189527 11.629036 10.743464 9.937891 9.527885 9.030896 8.586141 8.173810 7.898065 8.108752 8.039557 8.169337 8.042554 7.815116 7.579402 7.913310 8.450196 8.090005 6.848802 6.939870 6.902279 7.853344 10.060233 11.252660 11.657077 12.362809 12.815109 12.700210 10.918656 10.376843 10.286618 10.788223 11.915613 13.995495 16.219898 19.411021 20.790087 19.903000 19.579332 20.743447 23.090050 25.230035 25.078095 25.223517 -9999.0 -9999.0 -9999.0 -9999.0 -9999.0 -9999.0 -9999.0 -9999.0
14.462923 17.890646 24.749768 25.070738 19.253662 16.322805 14.192905 11.762469 10.160827 9.674555 9.634013 10.791380 12.021787 11.966582 11.116764 10.145492 9.024981 8.408272 8.071111 8.032509 8.025150 8.000610 7.843910 7.284381 6.724363 6.699793 7.275802 7.430301 6.086945 6.624133 7.187110 7.833545 10.179996 12.668036 13.406328 13.650225 13.986378 13.362980 12.284329 11.179714 10.513532 10.893205 11.998508 13.605284 15.038400 17.493045 20.684590 25.486232 26.214232 25.168810 23.855150 -9999.0 -9999.0 -9999.0 -9999.0 -9999.0 -9999.0 -9999.0 -9999.0 -9999.0 -9999.0 -9999.0
19.765532 24.571001 22.013195 16.611678 15.657217 16.463775 15.939281 13.301923 10.129016 8.570059 8.152645 8.770381 10.332448 11.691303 11.849243 10.982886 9.908691 8.763435 8.153794 8.042405 7.855339 7.544508 7.273349 7.087447 6.473956 5.888611 6.297358 6.967990 6.690549 7.516341 8.742241 8.821735 9.869487 12.997536 15.093656 15.221943 15.211678 14.579773 13.663511 12.481320 11.686824 11.563005 12.033818 12.934185 14.318923 17.120600 20.156058 21.347154 -9999.0 -9999.0 -9999.0 -9999.0 -9999.0 -9999.0 -9999.0 -9999.0 -9999.0 -9999.0 -9999.0 -9999.0 -9999.0 -9999.0
20.734269 19.549544 15.374188 14.206618 15.162966 16.276477 15.726445 13.219896 10.499069 9.037183 8.079806 7.881503 8.156982 9.187777 9.872475 9.577874 9.682873 8.777780 7.882172 7.479857 7.210474 6.974564 6.779961 6.377636 6.312380 6.181564 6.449165 7.129484 7.384691 8.328333 10.822879 11.183216 10.803913 12.813245 15.277233 16.312717 16.565153 16.163267 15.114308 14.344148 13.400917 13.156579 13.119499 14.077870 16.107561 18.948202 19.856513 -9999.0 -9999.0 -9999.0 -9999.0 -9999.0 -9999.0 -9999.0 -9999.0 -9999.0 -9999.0 -9999.0 -9999.0 -9999.0 -9999.0 -9999.0
18.721818 15.931770 13.423331 13.082789 13.170614 13.096149 13.212561 13.225913 12.394442 10.807339 9.121806 8.176759 7.550484 7.602621 7.891701 7.568473 7.782363 7.712325 7.392933 6.754645 6.760767 6.514407 6.233584 6.362496 6.652728 7.334340 7.093946 7.434593 7.768866 8.639006 11.274400 12.752683 12.230195 12.224188 13.383975 14.789732 16.102274 16.641169 16.572294 16.137717 15.349811 14.924967 15.310006 16.741939 18.082371 18.644257 17.507002 -9999.0 -9999.0 -9999.0 -9999.0 -9999.0 -9999.0 -9999.0 -9999.0 -9999.0 -9999.0 -9999.0 -9999.0 -9999.0 -9999.0 -9999.0
21.638340 15.519094 12.900183 11.983732 11.341225 10.786196 11.124491 13.625710 14.854847 14.636753 12.586782 9.280308 7.502579 7.014780 7.077970 7.133371 6.850914 6.606151 6.470719 6.193911 6.194437 6.082937 6.563213 7.143626 8.041725 8.125635 7.951698 7.798056 8.054764 8.177453 8.142101 8.713124 9.871905 10.432578 10.915678 12.412031 14.285334 15.916318 17.277349 17.175602 16.782682 17.122239 17.676826 18.837593 17.906901 -9999.0 -9999.0 -9999.0 -9999.0 -9999.0 -9999.0 -9999.0 -9999.0 -9999.0 -9999.0 -9999.0 -9999.0 -9999.0 -9999.0 -9999.0 -9999.0 -9999.0
24.906039 18.564577 14.236869 11.462587 9.925582 9.374626 9.555442 10.315316 12.092745 13.755501 13.332552 10.930648 8.607401 7.164287 6.853470 6.842272 6.681797 6.429961 6.145919 6.122432 6.296286 6.730553 7.485997 8.125547 8.510634 9.328182 9.237228 9.075621 8.887121 7.997590 7.429256 7.161039 7.769073 8.631241 9.522741 11.057816 13.450646 16.166066 18.291815 19.705561 20.760773 22.138287 23.070045 22.392052 -9999.0 -9999.0 -9999.0 -9999.0 -9999.0 -9999.0 -9999.0 -9999.0 -9999.0 -9999.0 -9999.0 -9999.0 -9999.0 -9999.0 -9999.0 -9999.0 -9999.0 -9999.0
21.281084 18.115491 15.112436 11.901275 9.708083 8.971440 8.560641 8.388947 8.445768 8.813916 9.477667 9.834548 9.309695 7.877923 6.911912 6.671706 6.629256 6.606263 6.661827 7.054560 7.727898 8.649198 9.250899 9.782687 9.457509 10.236474 11.362481 12.172844 12.992683 11.315436 9.436132 8.547483 8.295024 8.733300 9.085456 10.200143 11.976533 15.031773 19.158766 24.259310 26.001391 26.103661 21.372205 -9999.0 -9999.0 -9999.0 -9999.0 -9999.0 -9999.0 -9999.0 -9999.0 -9999.0 -9999.0 -9999.0 -9999.0 -9999.0 -9999.0 -9999.0 -9999.0 -9999.0 -9999.0 -9999.0
14.702817 14.571975 14.119544 12.866777 10.441843 9.125239 8.358773 8.003927 7.846649 7.569922 7.699660 8.030687 8.503846 8.022211 6.816852 6.447261 6.572632 6.985170 7.780471 8.765680 9.925341 10.571429 11.299210 12.990923 11.823011 11.159845 13.043417 14.084880 15.766894 15.591544 14.431269 11.424503 9.094222 8.980792 9.575235 9.756381 11.084758 14.054972 17.612130 19.452264 -9999.0 -9999.0 -9999.0 -9999.0 -9999.0 -9999.0 -9999.0 -9999.0 -9999.0 -9999.0 -9999.0 -9999.0 -9999.0 -9999.0 -9999.0 -9999.0 -9999.0 -9999.0 -9999.0 -9999.0 -9999.0 -9999.0
13.574606 13.259193 13.365374 13.543297 11.955420 9.709874 8.421346 7.825667 7.335452 7.041399 7.040897 7.150396 7.322265 7.189264 6.884276 6.710555 7.111472 7.836230 9.051350 10.189189 11.896468 12.032017 11.266298 13.372539 14.039198 12.938756 13.197217 13.839688 15.281915 15.227274 14.192143 11.796231 10.255196 9.652521 9.899177 10.238036 11.619440 14.080598 15.778317 -9999.0 -9999.0 -9999.0 -9999.0 -9999.0 -9999.0 -9999.0 -9999.0 -9999.0 -9999.0 -9999.0 -9999.0 -9999.0 -9999.0 -9999.0 -9999.0 -9999.0 -9999.0 -9999.0 -9999.0 -9999.0 -9999.0 -9999.0
12.870518 12.621246 12.963671 13.150039 12.964127 12.072814 10.236050 8.579448 7.745884 7.218010 6.956062 6.918170 6.796336 6.853481 7.206871 7.690291 8.453659 10.077623 11.790426 11.173336 11.774959 12.319789 11.454067 12.840202 14.315632 14.489663 14.426180 13.848042 12.685605 11.055049 10.327741 10.091012 10.461102 10.258944 10.948291 12.486617 13.445404 14.944019 14.614203 -9999.0 -9999.0 -9999.0 -9999.0 -9999.0 -9999.0 -9999.0 -9999.0 -9999.0 -9999.0 -9999.0 -9999.0 -9999.0 -9999.0 -9999.0 -9999.0 -9999.0 -9999.0 -9999.0 -9999.0 -9999.0 -9999.0 -9999.0
12.075441 11.349463 11.562825 11.915756 11.766803 12.272481 12.790514 11.696812 9.734629 8.160748 7.164817 6.742040 6.595276 6.903518 7.535794 8.296519 9.143271 10.264590 12.251631 12.244716 12.036603 12.219500 11.399661 11.747955 13.435235 14.822057 14.761547 12.344399 9.789105 9.422288 10.076877 10.875904 11.360726 10.945168 11.235346 12.477385 13.498155 15.348529 14.627410 -9999.0 -9999.0 -9999.0 -9999.0 -9999.0 -9999.0 -9999.0 -9999.0 -9999.0 -9999.0 -9999.0 -9999.0 -9999.0 -9999.0 -9999.0 -9999.0 -9999.0 -9999.0 -9999.0 -9999.0 -9999.0 -9999.0 -9999.0
11.698067 10.757636 10.102364 10.261568 10.325735 10.710011 12.042017 12.587758 11.064164 9.645486 7.973771 6.853746 6.349419 6.543013 7.217475 8.089358 8.978623 9.236757 11.016072 12.435970 12.888711 13.202842 12.310283 11.308082 12.582095 13.940399 13.429803 11.196106 10.766654 10.961933 11.303299 12.508598 12.723845 12.120923 11.789818 12.539625 13.752544 15.895111 -9999.0 -9999.0 -9999.0 -9999.0 -9999.0 -9999.0 -9999.0 -9999.0 -9999.0 -9999.0 -9999.0 -9999.0 -9999.0 -9999.0 -9999.0 -9999.0 -9999.0 -9999.0 -9999.0 -9999.0 -9999.0 -9999.0 -9999.0 -9999.0
10.870823 10.739564 9.878807 9.333399 9.664699 9.840716 9.719421 10.105352 10.510597 9.135649 7.892274 6.873861 6.552575 6.764909 7.856634 9.037003 9.620151 10.207356 11.977716 13.307888 13.168636 13.835690 13.939506 13.329594 12.885592 14.264734 15.027828 14.747182 14.330153 13.506655 13.214651 13.670777 14.036721 13.977200 14.346625 15.199861 16.060333 15.729290 -9999.0 -9999.0 -9999.0 -9999.0 -9999.0 -9999.0 -9999.0 -9999.0 -9999.0 -9999.0 -9999.0 -9999.0 -9999.0 -9999.0 -9999.0 -9999.0 -9999.0 -9999.0 -9999.0 -9999.0 -9999.0 -9999.0 -9999.0 -9999.0
10.668336 10.112875 9.554988 8.988291 9.120200 9.513544 9.275767 8.940686 8.977967 8.455834 7.465581 6.856959 6.964830 7.969855 9.473510 11.599473 12.024346 11.564265 12.312441 14.279528 15.138749 15.095848 15.760690 15.996327 15.637285 17.276483 18.389760 17.513984 16.340492 15.254000 14.622401 14.277445 14.900646 15.958246 17.054366 17.672801 16.602437 -9999.0 -9999.0 -9999.0 -9999.0 -9999.0 -9999.0 -9999.0 -9999.0 -9999.0 -9999.0 -9999.0 -9999.0 -9999.0 -9999.0 -9999.0 -9999.0 -9999.0 -9999.0 -9999.0 -9999.0 -9999.0 -9999.0 -9999.0 -9999.0 -9999.0
10.979948 9.657771 9.099965 8.693211 8.865006 8.964722 9.009585 8.468012 8.262798 7.978988 7.668109 7.445563 7.364340 8.587914 10.386305 12.162105 12.381569 12.015093 12.084196 12.991279 13.284890 13.116523 13.837398 15.029309 16.317207 19.258712 24.667866 23.648805 20.377421 17.469729 15.735848 14.822495 14.746274 16.472290 19.547160 19.961517 15.705193 -9999.0 -9999.0 -9999.0 -9999.0 -9999.0 -9999.0 -9999.0 -9999.0 -9999.0 -9999.0 -9999.0 -9999.0 -9999.0 -9999.0 -9999.0 -9999.0 -9999.0 -9999.0 -9999.0 -9999.0 -9999.0 -9999.0 -9999.0 -9999.0 -9999.0
12.511108 10.136728 9.060177 8.593422 8.548843 8.546359 8.927555 8.809630 8.443417 8.122971 7.932747 7.792372 7.900151 8.216692 8.679348 9.212451 9.876607 10.855832 11.480791 9.868148 8.687298 8.938405 10.137969 12.252490 15.289712 18.804627 23.043325 25.401346 25.675103 19.070301 16.818715 16.260360 16.843709 18.178836 19.210143 -9999.0 -9999.0 -9999.0 -9999.0 -9999.0 -9999.0 -9999.0 -9999.0 -9999.0 -9999.0 -9999.0 -9999.0 -9999.0 -9999.0 -9999.0 -9999.0 -9999.0 -9999.0 -9999.0 -9999.0 -9999.0 -9999.0 -9999.0 -9999.0 -9999.0 -9999.0 -9999.0
