geotop_simulations/templates/TEST_Venosta_3D_034_template/rec/SnowAge0000.asc
ncols         252
nrows         194
xllcorner     598250.000000
yllcorner     5144500.000000
cellsize      250.000000
NODATA_value  -9999.0
[rows 27 to 53 of 194, columns 62 to 123 of 252]
7.422370 7.870926 8.174973 8.213035 8.170321 7.447830 6.790567 5.034983 4.761074 4.610649 4.600374 4.862166 4.852998 5.480165 6.094279 5.968649 6.086083 6.108496 6.048179 6.061442 6.113073 6.115664 6.011609 5.795423 5.808253 5.651383 5.569317 5.110660 5.192094 5.460016 5.761236 6.160703 7.065094 7.779869 8.410466 9.531082 10.212466 10.340613 10.779934 11.731776 12.566130 12.782235 13.054209 13.367694 14.230404 13.973831 12.412348 11.001731 10.422724 11.124811 12.215601 13.056981 12.668825 12.406486 11.774437 11.318260 11.573563 11.635562 11.629813 11.561498 11.760906 11.954860
7.723826 8.120828 8.264776 8.071565 7.442083 7.270128 6.999579 6.395073 4.745589 4.628983 4.646021 4.749348 4.558121 4.813014 5.301106 5.322400 5.310794 5.464335 5.517517 5.499999 5.486694 5.381474 5.321470 5.077577 5.177745 5.201181 5.536791 5.530788 5.859874 6.155327 6.466040 6.835970 6.850192 7.255094 7.732173 8.183846 8.424047 8.276853 8.649811 9.326626 10.460042 11.849183 13.155101 14.336428 15.079047 14.742127 12.824683 11.248900 10.776504 10.831194 12.126870 13.702889 13.979324 13.041447 11.715067 11.490807 11.515391 11.987757 11.886348 11.611000 11.510205 11.958625
7.764028 8.137000 8.285043 8.080645 7.936882 7.630078 7.012269 5.861796 5.173946 4.592710 4.606559 4.738230 4.682907 4.421921 4.630324 4.775174 4.926476 5.101159 5.340342 5.244826 5.220124 5.452727 5.339183 4.943230 5.057941 5.337478 5.725291 6.275915 7.626670 8.489231 9.050772 8.853435 7.929344 7.085059 6.432568 6.267318 6.260280 6.687591 7.078584 7.560781 8.243467 9.243572 10.078473 10.889666 12.355073 13.864014 13.147989 11.982540 11.512275 11.026588 11.813475 14.679235 15.358378 13.699158 12.712626 12.786569 12.677615 12.700396 12.482718 12.084385 12.216859 12.842980
7.963653 8.136115 8.185122 8.180597 7.990538 7.710254 7.231802 6.521643 5.424416 4.709502 4.578392 4.592318 4.593871 4.524194 4.227933 4.571866 4.742038 5.072209 5.098171 5.140808 5.087361 4.864830 5.092744 5.330008 5.913915 6.556223 7.025583 7.750045 8.803806 9.534837 9.885034 9.704687 8.531824 7.473653 7.017780 6.660159 6.588366 6.401273 6.623178 6.941002 7.426383 7.818045 8.158909 9.098609 10.439675 12.172836 12.528277 12.241053 12.586183 12.519195 13.001883 15.122846 15.903079 14.760716 14.711439 14.194695 13.598569 13.406952 12.850662 12.215719 12.475235 12.803556
8.110379 7.974215 8.049207 7.831786 7.534221 7.219299 7.077828 6.637816 6.018592 4.727177 4.579807 4.587827 4.604094 4.706075 4.646411 4.626168 4.690153 4.927625 5.030018 5.437689 5.810265 6.094319 6.434695 6.937118 7.704128 8.391413 8.202877 7.967107 8.686726 9.369392 9.754851 9.730681 8.905027 8.450240 8.949381 9.701006 9.310987 8.277113 7.356381 6.983403 7.345350 8.115918 9.207084 10.597289 11.539204 12.325927 13.157117 13.785414 14.184620 14.593106 15.378972 16.729452 17.164493 16.548433 16.334519 15.351039 14.219886 13.899060 13.037757 12.514109 12.835655 13.243163
8.790018 8.376108 8.220155 7.902872 7.560468 7.370128 7.203209 6.965227 6.229745 5.306033 4.573419 4.550670 4.582970 4.574728 4.694838 4.986045 5.519895 6.161789 6.879832 7.034151 7.145019 7.987470 8.788258 9.184667 9.691302 10.230993 9.524231 8.660455 8.862633 10.176504 10.545856 10.376527 9.406082 9.026698 9.750517 11.535009 12.383594 11.916214 10.244701 8.419370 7.907561 8.590844 10.059897 11.409850 11.691903 12.251568 14.390718 16.131406 16.371612 16.532918 17.623436 17.992678 17.479077 18.211048 19.036379 17.464957 16.196800 15.734517 14.016274 13.164033 13.656624 14.545150
8.878915 8.659047 8.409371 8.108932 7.702176 7.546239 7.441674 7.003219 6.371453 5.245350 4.677007 4.447062 4.442898 4.460423 4.691404 5.401206 6.130271 6.772298 7.463059 7.991984 7.480879 8.345804 10.086124 11.007643 11.135932 10.696212 9.574476 9.234472 9.213335 9.863259 10.400296 10.361741 9.466825 8.761451 8.752076 10.179895 11.849039 11.957556 12.178617 11.063139 8.953055 8.290875 8.497022 9.309576 10.184069 11.528362 13.680482 15.588170 17.845265 18.802557 17.086370 15.031097 14.317380 14.611512 16.395395 17.981063 19.408839 18.064707 14.807143 13.741118 14.528233 16.028477
9.223689 9.190677 9.049174 8.672978 8.305554 7.849092 7.436326 7.272557 6.874715 6.143059 4.818373 4.533643 4.413062 4.389569 4.553863 5.126852 5.954386 6.560922 7.359860 8.291604 8.074061 9.671784 10.628416 11.791474 11.444992 10.379167 10.237474 10.034248 10.365027 11.062933 11.765472 11.361928 10.591639 9.187853 7.972988 8.492193 9.505091 11.214857 12.472041 12.294918 11.145761 9.299390 8.267553 8.499787 9.601787 11.027408 12.680051 14.213396 16.856931 17.234988 14.633265 13.048072 12.167394 12.018530 13.489905 15.918796 20.030933 19.410920 16.137685 16.195031 17.986774 21.187970
9.399425 9.498439 9.050608 8.729889 8.131735 7.770734 7.362613 7.094409 6.861878 6.283872 5.575414 4.535515 4.408099 4.410853 4.400156 4.498943 5.659889 6.419507 7.265208 8.523469 8.751128 10.405290 11.131719 12.301429 11.811561 11.290605 10.844527 10.598594 10.847883 11.638859 12.149882 11.797209 11.073799 10.070105 8.300491 8.136448 8.973949 10.381674 12.311050 12.898967 12.814522 11.311016 9.613872 9.079078 10.038984 11.784115 13.610336 14.410028 14.976293 13.974495 12.752379 11.491217 10.608755 11.125322 13.341037 16.262027 18.693415 20.060219 21.875393 24.851649 24.433555 23.032302
9.688517 9.601916 9.098682 8.774452 8.310793 7.798695 7.440813 7.107599 6.748506 6.146426 5.619438 4.861802 4.269637 4.250570 4.367818 4.491302 5.438780 6.259094 6.930205 8.012054 9.008279 9.988407 10.952533 11.622347 11.766644 11.489671 11.435777 10.929403 10.225814 10.761295 11.632639 11.407975 11.169671 10.743641 9.245122 8.119788 8.649970 9.938137 11.677749 13.668892 13.521695 12.575403 11.506191 10.100627 10.644910 11.885342 13.755751 15.173606 15.247461 13.319746 11.528634 10.151656 9.705741 10.652099 13.065025 15.393892 16.662775 19.251169 24.341040 23.425364 23.054419 22.671980
10.012926 10.028520 9.861347 9.311953 8.878221 8.213258 7.791129 7.376977 6.695778 5.992831 5.373270 4.698077 4.104437 4.258050 4.271058 4.642850 5.723003 6.491911 7.091124 7.953290 8.692802 9.592476 10.382529 11.287223 11.676538 11.934981 11.945325 11.275120 10.246774 10.247042 11.267369 11.575321 11.447597 10.972217 9.724343 8.384173 8.545543 9.425758 10.939030 12.836814 13.485357 12.805234 11.794834 10.806149 10.583605 10.658068 11.762996 14.365998 15.111419 13.267519 11.322950 9.973705 9.884626 11.381333 13.458747 14.959584 16.384710 19.693012 23.830181 23.856505 23.828487 24.067380
11.253788 11.088323 10.444989 9.556966 9.076220 8.379629 7.881749 7.322439 6.655306 6.052360 5.335118 4.700251 4.267503 4.127714 4.237285 4.548096 5.912048 6.762969 7.640209 8.515629 9.654943 9.720113 9.928380 9.876254 10.714516 11.636315 12.015486 11.710389 11.387555 10.789475 11.061958 11.354440 10.774919 10.505894 10.180146 8.892193 8.461526 9.374424 10.839169 12.499773 13.416576 12.341161 11.689577 11.368412 11.314193 11.671967 12.628139 13.926688 13.931369 12.743017 11.064882 9.886454 10.813070 13.320275 16.296279 19.075286 21.077114 24.166095 23.774410 23.998775 20.917802 18.165498
11.879148 11.501259 10.749415 9.930766 9.118347 8.766530 8.012815 7.128705 6.554562 6.010405 5.338486 4.657927 4.097645 4.093230 4.174702 4.539308 5.751962 6.819646 7.710924 8.542046 8.642657 8.277716 7.743663 7.949454 8.702827 10.265855 11.709593 12.412270 12.154574 11.414618 10.891659 10.492818 10.486531 10.661853 10.757748 9.968534 9.229041 9.975394 11.273836 12.087526 12.878609 13.158490 12.746728 12.558115 12.054146 13.362258 15.472093 15.945100 14.007621 11.973803 10.385499 10.282278 11.361449 13.283305 16.849658 23.376713 23.979481 23.563439 23.760501 23.094618 17.385909 14.825966
10.611393 10.814156 10.395519 9.795851 9.294449 9.029729 8.362412 7.457471 6.686248 6.151576 5.332690 4.668141 4.070688 3.931374 4.041075 4.676972 5.587695 6.563747 7.697484 7.899284 7.869560 7.242974 7.241578 7.369185 7.885015 8.668436 10.182790 11.938545 12.805530 12.686985 12.173794 11.911934 11.811891 11.634077 11.040944 10.627454 9.902361 10.243549 10.799363 11.540741 13.229975 14.866159 15.364196 14.850703 14.586904 14.982086 15.997188 15.279765 13.102007 10.976469 10.042299 10.441146 11.788769 14.252625 19.016874 23.434601 23.147519 23.415479 23.796334 19.994416 15.212511 13.028497
10.443240 10.937518 10.813494 9.965662 9.465253 8.927084 8.458966 7.691529 7.006344 6.180101 5.358734 4.670741 4.054917 4.046166 4.214671 4.479901 5.067346 6.018382 6.578749 7.201808 7.663791 8.258662 8.239587 7.771157 7.740853 7.961043 8.654164 10.385525 12.416583 13.311975 13.634593 13.718816 13.361682 12.077721 10.994339 10.328333 9.485847 9.394680 9.686291 10.460372 11.789952 14.297534 16.987735 17.600238 17.275322 15.290390 12.757903 11.474212 10.477695 9.705847 9.455810 10.338282 12.387668 15.820057 23.663281 23.139749 23.772610 23.965375 22.267400 16.985526 14.021898 12.240018
10.695950 11.093463 11.564043 11.207715 10.667297 9.414458 8.372721 7.857485 7.109957 6.144563 5.468773 4.821069 4.062863 4.049299 4.210328 4.466193 5.291332 5.674876 6.200721 7.256939 9.214883 10.334331 10.627073 10.496283 8.989463 8.260364 8.399918 8.987527 9.836908 10.802418 11.713278 12.781133 12.896021 11.667830 10.558627 10.101059 9.094265 8.756622 9.013911 9.493963 10.519051 12.843662 15.310968 18.052056 17.897663 14.419484 11.865357 10.617328 9.500367 8.876445 9.156395 11.060863 12.528304 15.358289 19.638823 22.571726 20.304797 20.145395 17.923469 14.856439 12.868069 11.473102
11.293465 11.295324 11.301981 11.014597 10.247370 9.618137 8.516008 7.832431 7.256974 6.271290 5.558580 4.797281 4.170925 4.044272 4.343446 5.011727 5.249512 6.093281 6.536436 7.528996 8.603852 10.316261 11.656484 11.846622 10.752861 9.454345 9.082348 9.131297 9.320352 9.824766 10.631022 11.107051 11.388874 10.691202 10.496309 10.258187 9.825031 9.428883 9.548807 10.310693 11.751961 13.744954 14.928641 16.487202 15.957058 14.049842 12.620592 10.711213 9.572922 9.282699 10.041753 11.519691 13.242827 15.012652 17.578514 19.765689 18.708837 17.508372 15.897979 14.053029 12.519515 10.777621
13.694356 11.984056 10.358099 9.450323 9.057540 9.020869 8.649108 8.120159 7.256604 6.415919 5.563657 4.830016 4.383012 4.173404 4.333383 5.030849 5.390256 6.127120 6.668712 7.105009 7.650007 7.757624 8.296484 9.122489 10.343457 9.920011 10.221035 10.999408 11.887988 12.488259 13.099423 11.771635 10.533461 10.530069 10.853930 10.850809 10.836615 11.111954 11.937711 12.633243 13.940807 15.999343 16.228957 14.815583 13.460551 13.307901 12.770217 11.159596 9.915379 9.809349 10.336595 11.848945 13.562750 17.462033 24.247281 24.050820 21.232385 16.222057 14.141473 12.730438 11.367983 9.889378
14.040233 11.599483 9.892006 9.022632 8.605800 8.850238 8.472070 7.844034 7.027062 6.424285 5.558592 4.836707 4.203183 4.172658 4.659489 5.072841 5.367572 5.771934 6.180774 6.428174 6.181327 6.362983 6.695669 7.573418 9.625387 10.206654 10.355998 11.282314 13.458869 14.365426 13.909377 12.160759 11.001687 10.676508 10.417910 10.940983 11.531547 12.103715 13.120026 14.555175 15.170559 14.816976 14.130055 12.959864 11.917225 11.578706 11.216848 10.638211 9.851803 9.507811 10.609521 11.526054 13.781145 18.112948 23.916606 24.003980 20.772028 15.692391 13.428014 11.656499 10.531414 9.934538
11.272509 10.306599 9.385650 8.808089 8.818776 8.494215 8.063888 7.608311 6.963658 6.295609 5.545409 4.830481 4.526144 4.172139 4.666305 5.111657 5.373445 5.777490 6.275746 6.182128 6.150933 6.480370 7.341767 8.792841 10.032763 10.315705 9.893263 10.206077 11.770746 13.611538 13.472696 12.650255 11.701600 11.120255 10.510071 10.504668 11.356415 12.296562 13.101915 14.123637 13.711225 12.291141 11.539704 11.084085 10.464249 9.699522 9.153950 9.009386 9.252980 9.699742 11.254437 12.279574 12.880245 15.877198 20.353788 20.170965 17.134841 14.700545 13.569561 12.326079 11.145639 10.516042
10.350466 9.690171 9.154583 9.325920 9.114452 8.871966 8.563741 7.690871 7.002255 6.268415 5.547981 4.878710 4.515656 4.378874 4.660389 5.001338 5.357299 5.819364 6.337883 6.574517 6.776669 7.299420 8.314103 9.153376 9.225473 10.304127 10.704720 10.472474 10.655007 11.317244 12.958458 13.137942 11.974823 11.283359 11.013224 11.329391 11.773017 12.643726 13.449755 14.107988 13.956912 12.220097 10.695789 9.541413 9.012226 8.715302 8.582784 8.438156 8.585371 9.235613 11.145644 12.012936 13.740590 17.588890 23.735918 23.805527 18.397847 16.371617 16.065781 15.730408 13.952874 12.174095
11.866657 10.700029 9.666839 9.791456 9.532802 9.182238 8.437409 7.684440 6.934498 6.232660 5.563913 4.836215 4.516517 4.381599 4.514959 4.914421 5.241695 5.557235 5.826377 6.357736 6.652278 7.035101 7.318948 7.853260 8.116042 10.018143 10.923231 10.836960 10.299733 10.171725 10.884497 12.693093 13.156758 12.071343 11.588816 12.178595 12.539582 13.413020 14.062020 14.865031 14.042544 11.946228 9.725931 8.716217 8.341427 8.611274 8.446372 8.380635 8.492891 9.478868 11.410352 13.263297 16.828484 21.370792 23.514260 24.403972 23.060219 22.277135 19.439246 16.882933 14.301483 12.434019
10.822205 10.473720 9.901609 9.998282 9.201165 8.565457 8.068009 7.393980 6.822814 6.303603 5.546111 4.879729 4.543416 4.375982 4.510990 4.920590 5.246721 5.689624 5.935899 6.259647 6.682933 6.907547 7.192541 7.740247 8.074651 9.750422 11.046088 10.740887 10.103632 10.040054 10.546568 11.687029 13.247596 13.408784 13.499842 14.369826 14.258301 14.687255 15.058057 14.191680 11.925642 10.305735 9.263004 8.347352 8.305993 8.033528 8.059040 8.332055 9.225766 10.829818 12.534200 14.122491 18.608452 22.519962 23.838319 20.685115 22.140758 20.694074 17.480179 14.689581 12.755703 11.675388
9.396242 9.170024 9.043479 8.495515 8.292286 8.042202 8.017441 7.520976 6.903651 6.396724 5.666935 5.081511 4.569930 4.391003 4.379330 4.847103 5.264008 5.902289 6.594662 7.210802 7.813049 8.189654 8.807575 9.824825 10.190668 10.109057 11.391972 11.596115 10.980404 10.517123 10.331986 10.486718 11.593581 14.155413 15.808426 16.570579 16.251344 15.313854 14.184791 12.499604 10.582869 9.549559 8.902472 8.234128 7.620986 7.643487 8.403211 9.847963 11.348686 11.650068 12.549026 14.215760 17.023988 17.750897 18.534922 19.140585 19.269369 17.155612 15.557015 14.026232 12.650922 11.630486
9.783912 9.035457 8.602009 8.126426 8.071681 8.428804 8.016567 7.509210 7.049453 6.430276 5.711555 5.137755 4.545765 4.225885 4.067090 4.682204 5.042084 5.659413 6.562210 7.747181 9.355463 10.522854 11.237224 12.063295 12.098582 10.414714 9.703172 9.559139 9.380448 8.633927 8.235757 8.794374 9.936423 12.791448 14.825358 14.461027 13.270287 11.843051 10.860128 10.072043 9.722524 9.380236 8.585724 8.013749 7.814457 8.623067 10.719448 12.032265 12.413718 12.264598 12.349377 13.491731 15.088148 15.761896 17.244511 19.309308 19.659294 17.235336 15.712214 14.106091 13.192860 12.567137
10.220043 9.433481 9.534769 9.139821 8.909739 9.210997 8.433973 7.755510 7.083696 6.332992 5.584152 4.996086 4.439896 4.122684 3.936011 4.514401 4.801259 5.295242 6.030804 6.897721 8.168680 9.078714 8.762405 8.672221 8.755226 8.108995 7.413743 7.302755 7.428891 7.300358 7.551463 8.439968 9.502642 11.020275 12.344480 11.823633 10.611781 9.570270 9.495786 9.293750 8.884765 8.776648 8.414731 8.327186 8.801886 10.390958 12.625906 13.381242 13.535707 13.315527 13.072150 13.335860 14.089971 15.340087 17.912398 20.055641 19.728638 18.236266 17.172510 15.246245 14.044162 13.221593
11.349561 10.823217 10.971107 10.640174 10.206143 10.040094 9.008626 8.026720 7.248444 6.356234 5.549563 4.986535 4.422526 3.964910 3.969521 4.078818 4.852993 5.245469 5.970243 6.489642 6.714273 6.628443 6.683785 7.049757 7.198715 6.875653 6.802693 6.811521 6.812939 7.131684 7.918115 8.614862 9.583068 10.934708 11.875501 11.285188 10.327884 9.634630 9.391601 9.222989 8.784414 8.584348 8.420694 8.499447 9.820233 10.929424 12.309074 13.515824 14.090089 14.428326 14.500273 14.518702 15.192558 16.848988 18.455447 17.762651 16.567347 15.455545 14.843811 14.556610 14.092271 12.694709
