geotop_simulations/templates/TEST_Venosta_3D_034_template/rec/SnowAge0000.asc
ncols         252
nrows         194
xllcorner     598250.000000
yllcorner     5144500.000000
cellsize      250.000000
NODATA_value  -9999.0
[rows 108 to 134 of 194, columns 124 to 185 of 252]
6.278601 6.823286 7.120118 7.070405 6.899558 6.605056 6.594720 6.786936 6.861633 6.741034 6.461774 6.286415 5.763176 5.685266 4.700624 4.389093 7.122702 6.726929 4.792092 4.478900 4.629271 3.729585 3.287818 2.847242 2.795489 2.774868 2.852634 2.603496 2.426560 3.405786 5.922083 5.934183 5.847812 5.827173 5.936460 6.064612 6.284343 6.202852 4.679803 4.926401 4.726493 4.724855 4.634631 4.531836 5.570170 6.724731 6.384195 5.863599 6.175752 6.167948 6.104455 6.167616 6.092062 6.058024 5.880976 5.862339 6.150280 6.227369 6.075747 4.256782 3.355238 1.504720
5.771347 5.725015 5.780882 6.008670 6.288465 5.968916 6.352307 6.734392 7.018256 7.293523 7.033935 7.395926 7.327714 7.484308 7.251931 7.635957 6.330024 4.891337 4.758198 3.868334 3.322808 3.394767 3.435881 3.465414 3.478472 3.161584 3.477675 2.942712 2.878216 2.590909 2.499696 2.568440 3.049877 3.490136 4.149459 3.555880 3.705935 3.283636 3.190652 3.306748 3.443930 3.231759 3.231777 3.186655 3.298001 4.451633 4.737223 5.564552 6.018399 6.086044 6.135304 5.914598 5.624766 4.619147 4.118232 2.725714 2.861475 3.086965 2.526377 1.450176 1.695397 1.071691
5.834398 5.768353 5.878655 5.925333 6.184063 6.512399 6.690654 6.892748 7.083618 7.268443 6.772690 6.815986 7.060571 7.363745 7.669310 5.752489 5.039078 4.168050 3.670197 3.282543 3.612568 3.234275 3.393654 3.411987 3.783563 3.628793 3.326753 3.216536 3.121699 3.190811 3.083838 3.033927 3.084364 3.171289 3.282885 3.451142 3.240849 3.409162 1.659588 1.291185 1.249071 1.319875 1.313603 1.076213 1.263142 1.375958 1.668120 3.364716 3.059574 3.208532 3.035108 3.085690 2.276553 1.526216 1.357610 1.446813 1.418755 1.556559 1.777304 0.989071 0.458791 0.202600
6.512014 6.511947 6.474107 6.474407 6.460199 6.520150 6.514560 6.574311 6.639404 6.659011 6.733815 6.774704 6.985865 7.552139 5.615755 4.975549 4.066039 3.381118 3.343260 3.210634 3.278256 3.331462 3.365957 3.320426 3.158961 3.222885 2.415497 1.551026 1.533549 2.384314 2.614909 3.575925 2.649784 1.391781 1.794860 1.464821 1.331862 1.136684 1.188671 1.264565 1.345616 1.454424 1.473313 1.547125 1.541808 1.497089 1.449910 1.400677 1.352012 1.234156 1.287895 1.434232 1.661759 1.063456 0.285873 0.236132 0.194483 0.428627 0.354237 0.217026 0.185267 0.123258
6.983166 5.874914 5.354894 5.792947 6.829304 7.075433 7.014904 6.912228 6.863898 6.921594 6.792279 6.541896 7.069848 5.458334 4.908688 5.034267 4.012462 3.342442 3.219392 3.303284 3.364005 3.398627 3.445323 3.505764 2.671234 3.237744 3.554570 2.582780 1.352568 2.206485 1.258849 1.644027 1.169438 1.190521 1.059690 0.995734 1.086943 1.183861 1.274657 1.629835 1.047173 1.570748 1.698077 1.101277 0.990987 1.004655 1.011594 1.013817 0.992984 0.684024 0.656748 0.431388 0.344447 0.295800 0.452085 0.453990 0.134308 0.139177 0.139937 0.132023 0.130622 0.127990
4.684006 4.231134 3.938734 4.178932 4.154861 4.572929 4.507597 4.776198 5.310533 5.454677 4.757339 4.558942 4.724208 4.820767 4.177209 3.955616 3.407675 3.273284 3.295615 3.390292 3.452871 3.477490 3.195383 3.265841 2.571852 3.584088 2.488049 2.234809 2.174814 1.727250 1.277695 1.228060 1.186202 1.161116 0.977034 1.059137 1.142527 1.249573 1.983983 2.159391 1.522516 1.659771 1.088505 0.527176 0.458738 0.374241 0.284722 0.290896 0.279860 0.263118 0.211839 0.133088 0.112369 0.397774 0.396667 0.112306 0.115496 0.117099 0.130099 0.139221 0.152541 0.188234
3.063711 3.128646 2.256073 3.117581 2.107553 2.381806 3.702637 3.849183 4.096793 4.385006 4.302520 3.915861 3.855712 3.629026 3.357619 3.247479 3.363464 3.378048 3.514495 3.468555 3.458936 3.453842 3.401422 3.393951 4.052893 3.257645 3.238001 2.201056 1.688595 1.802774 1.284630 1.178859 1.128404 1.086986 0.997888 1.081270 1.185626 1.295048 1.379409 1.505954 1.621469 1.721291 0.765705 0.475641 0.329417 0.231887 0.178423 0.112200 0.100387 0.094605 0.093815 0.094056 0.374833 0.379227 0.391489 0.113658 0.117407 0.136832 0.245438 0.330503 0.343822 0.378042
3.422516 3.112296 1.725667 1.673245 1.672424 1.671787 1.661998 2.976391 2.989227 3.018636 3.063375 3.151089 3.215378 3.329800 3.375207 3.414414 3.524262 3.571097 3.460509 3.417366 3.307821 3.238539 3.233770 3.115315 3.162641 3.236801 3.330592 3.111190 3.448537 3.237829 2.311472 1.246874 1.139719 1.103379 1.030439 1.114022 1.221524 1.307020 1.417814 1.528753 1.659024 1.081813 0.686570 0.456350 0.326465 0.233344 0.400674 0.391225 0.373717 0.093422 0.094281 0.093822 0.374075 0.101636 0.100945 0.116815 0.148352 0.316971 0.356959 0.406524 0.454753 0.485495
3.462482 3.145175 3.125385 1.627034 1.528448 1.536877 3.282623 3.297137 3.348802 3.375476 3.402018 3.452695 3.491625 3.427540 3.397403 3.478029 3.449619 3.367614 3.435175 3.127029 3.439578 3.530894 3.721484 3.381368 3.255546 2.922118 3.030200 3.017002 3.123617 3.341771 3.501137 3.328439 1.890576 1.198621 1.043940 1.134401 1.231127 1.327485 1.454876 1.563874 1.682400 1.093401 0.821265 0.484783 0.337420 0.254981 0.159319 0.102053 0.093366 0.093798 0.094928 0.095126 0.102986 0.396084 0.108284 0.149559 0.273623 0.373004 0.448767 0.579629 0.754817 0.980621
4.683241 3.476843 3.168095 3.162452 3.294592 3.390641 1.412234 3.364461 3.370085 3.375711 3.402631 3.449927 3.448444 3.403485 3.530094 3.799002 3.230422 3.308687 3.360111 3.863716 5.301731 7.305672 4.407355 6.614340 5.518868 3.923153 7.402030 4.221879 3.489732 3.120064 3.191837 3.369199 3.620665 3.404241 1.354318 1.152501 1.259276 1.315956 1.422852 1.547754 1.675121 1.736796 0.873384 0.517834 0.345760 0.263031 0.230801 0.161848 0.110045 0.099968 0.104971 0.104163 0.104380 0.420763 0.131620 0.296101 0.358763 0.425705 0.708255 0.954225 1.695124 1.513364
7.435341 7.349641 4.652601 3.903111 3.862453 3.950814 3.967272 1.854370 3.425308 3.304421 3.747217 4.072273 4.203565 3.215400 4.849689 6.314307 7.588148 7.422334 7.260100 7.262978 7.080204 6.625568 7.148904 7.517774 7.987333 7.752230 7.769518 7.475409 6.686077 7.110892 7.653787 4.712508 3.670731 3.464195 3.613621 3.458911 1.210398 1.238101 1.322706 1.458178 1.589850 1.710137 0.958949 0.551917 0.439049 0.304955 0.246030 0.254565 0.250427 0.248436 0.185770 0.151356 0.169584 0.211142 0.295530 0.337255 0.429738 0.714654 1.019992 1.576652 1.408870 1.399284
8.403416 6.663359 6.990014 6.705035 5.923658 6.985237 7.242434 7.337120 7.123989 6.143124 5.431387 7.273465 7.261964 7.909643 8.768531 9.268780 9.208624 8.470470 9.013946 10.026441 8.211939 7.030892 9.563320 11.141418 11.298935 11.331141 11.567675 11.358758 10.849951 10.338628 7.254188 6.587342 7.423773 4.746773 3.253475 3.218476 3.284396 1.083592 1.169192 1.317862 1.516961 1.721854 1.821725 0.842539 0.705700 0.194589 0.182744 0.368128 0.365634 0.356444 0.357646 0.141372 0.164108 0.169426 0.164098 0.168582 0.693027 1.772358 1.498072 1.279637 1.240474 2.659737
8.124942 8.051911 8.282582 7.539862 6.392529 8.144121 8.627006 8.923817 8.290883 8.374338 8.418070 8.485816 8.589840 8.604352 8.390540 9.043583 9.265609 9.456858 10.252821 10.763306 9.539255 7.161670 9.646772 12.442967 13.202025 13.370551 13.297757 13.138865 12.326935 11.939444 11.642808 11.141657 10.322489 8.507707 6.973285 7.433736 6.318660 3.676062 2.389165 1.159155 1.423001 1.648695 1.784336 1.582525 1.826877 0.415486 0.423217 1.870504 0.431076 1.708480 0.517071 0.765037 0.870630 0.548501 0.499479 0.437712 1.802282 1.336345 1.249171 1.334390 1.518487 2.900881
8.607612 8.474415 8.544103 7.728365 7.672436 7.315348 8.041965 8.456018 8.819629 8.813026 8.996738 9.238632 9.343955 9.174743 9.205348 9.800346 9.766534 10.301798 10.641001 10.919447 10.489428 8.807979 8.858124 12.384373 14.063457 14.424766 14.528218 13.316017 12.928916 13.396743 12.117776 12.623517 11.975838 11.227989 10.163643 9.507606 9.178729 8.448309 8.127610 3.443688 1.244466 0.786316 1.652393 1.421523 1.534870 1.345945 1.326024 1.397435 1.430321 1.236942 1.191254 1.253573 1.365024 1.228344 1.176864 1.325946 1.257085 1.270166 3.021946 6.543044 6.551653 6.473427
9.162556 8.898910 9.071232 8.282100 7.014136 7.278797 8.292189 8.696118 8.955790 9.330970 9.532275 9.836995 10.211589 10.161474 10.153761 10.222326 10.570399 11.023264 11.263779 11.228717 11.042914 9.946894 9.868047 12.414967 13.971017 14.622599 14.743639 14.764096 14.398591 14.034442 12.658137 13.005619 12.423033 12.028101 11.098446 10.707183 10.348389 9.922699 9.434268 8.345139 1.095160 1.357383 1.522674 1.461077 1.243475 3.194249 3.266063 3.238025 3.438847 2.534998 3.111992 5.663470 6.272218 7.187310 5.408482 3.335222 2.549898 2.985411 6.216382 8.307762 9.300666 8.823841
9.393629 9.029263 9.157056 8.334697 7.261427 7.579289 8.635797 8.874307 9.425655 10.111718 10.413760 10.721612 11.047920 11.328792 11.146804 10.880456 10.919977 11.326717 11.686120 11.533052 11.315582 10.800804 10.529730 12.234859 13.538772 14.090910 14.249336 14.189618 14.002336 13.086120 12.890575 13.208721 13.049228 12.530016 11.949270 11.407112 11.128532 10.791127 10.185722 9.346247 3.388157 3.951880 1.392426 2.556751 3.270229 6.543621 8.441202 8.760958 8.879393 7.959061 6.545907 7.899002 8.746399 9.262344 8.822981 8.457143 7.609992 6.015743 7.684686 8.664227 9.861080 10.019422
9.439332 9.144841 9.305300 8.109308 7.359927 8.170133 9.048202 9.494287 9.957005 10.722339 11.553306 11.669386 11.793209 12.034941 11.904152 11.290779 10.961416 11.518046 11.857721 11.569574 11.758903 11.492816 11.175782 11.996480 13.124118 13.622702 13.731591 13.810624 12.883102 12.780399 12.701111 13.515604 13.371994 13.107235 12.727496 12.279829 11.871050 11.006557 10.351966 9.283283 8.894284 3.641437 2.871229 3.117232 6.683792 8.279208 9.434498 9.918619 10.104422 9.867476 8.749513 8.353831 9.189924 9.784728 9.606902 9.471095 9.626501 8.301566 7.803670 8.831326 9.966239 10.502567
10.006934 9.646422 9.659147 8.510556 7.582844 8.773549 9.667631 10.246484 10.997239 11.785773 12.339611 12.495568 12.601908 12.647126 12.229387 11.849218 11.557831 12.075070 12.299719 12.352668 12.383685 12.401876 12.299129 12.514273 13.372174 13.913688 13.948456 14.011337 13.986380 13.868998 13.708646 13.543331 13.478022 13.494981 13.381985 12.848695 11.886834 10.850230 9.710917 9.492235 8.990172 6.413267 4.852147 6.750182 7.854687 8.780092 10.124768 10.695648 10.719158 10.600790 9.693477 8.862748 9.458263 10.544285 10.402769 10.027918 10.369203 9.614730 8.669199 9.468068 10.672706 11.052861
10.353739 9.746055 10.022242 8.721954 7.836482 9.287870 10.653412 11.067630 11.784587 12.581783 12.848207 12.667407 12.927674 13.033239 12.389688 11.883313 11.838581 12.426036 13.084787 13.278263 13.427414 13.340532 13.624281 14.037187 14.413912 14.628311 14.542762 14.297665 14.010834 13.677419 13.456852 13.265105 13.471653 13.747571 13.627315 12.581647 11.216942 9.747045 8.882203 9.216145 8.763368 5.359387 4.041021 7.087156 8.135099 9.666011 10.964165 11.799003 11.775389 11.782481 11.339948 10.108129 9.863742 10.885051 11.211666 10.802939 10.639697 10.088677 9.168471 9.750474 10.861272 11.491952
10.048653 9.692726 9.607473 8.923747 8.215055 10.153870 11.949388 12.563051 12.930584 13.136844 12.629063 12.556106 13.200845 13.314715 12.297151 12.160059 11.919172 12.965009 13.516849 14.010444 14.224940 14.214594 14.536274 15.246256 15.632768 15.345775 14.856975 14.446773 13.955444 13.546741 13.399188 13.565142 13.990640 13.985815 12.952778 11.634961 10.382146 9.223545 8.843963 8.743579 7.693290 5.395767 6.757056 7.307817 8.330482 10.225942 11.905206 12.519205 12.522386 12.359854 12.241427 11.741166 10.892130 10.900595 11.166101 11.193136 10.908881 10.516067 9.746804 9.979823 10.795965 11.573353
9.443249 9.547785 9.178806 8.890404 9.139071 11.479574 13.231026 14.181531 14.471034 13.967388 12.718244 13.007255 13.445912 12.725819 11.851662 12.219158 12.550814 13.664909 14.328791 14.790458 15.183623 15.683690 16.403905 16.789049 17.018600 16.568716 15.738403 14.984491 14.479573 14.108899 14.145878 14.183088 13.713698 12.643902 11.423342 10.286858 9.170985 8.502244 8.865198 8.355740 7.073351 6.965019 7.429781 7.386038 8.544728 10.140145 12.161966 12.889996 13.001529 12.707311 12.665900 12.678683 12.184604 11.799161 11.515116 11.272957 10.927627 10.729661 10.389439 10.881672 11.805753 12.558178
9.613158 9.769626 9.180828 8.694465 9.504843 12.982430 15.004382 15.321966 15.065779 14.124551 13.559980 13.743750 13.541881 12.508520 11.577486 12.045230 12.687522 14.350741 14.978958 15.464701 16.040065 16.968553 17.789050 18.094510 17.944406 17.407768 16.915888 16.260073 15.661519 15.159786 14.511643 13.028231 11.092654 9.345100 8.567151 8.254998 7.729566 7.472351 8.266427 7.753255 6.806115 6.608891 7.504887 8.226337 9.302282 10.411643 12.153738 13.372586 13.884290 13.526215 13.254458 13.366705 13.361230 13.057503 12.450843 11.770194 11.457706 11.077628 10.567669 10.700184 11.586760 12.638492
9.714534 9.835601 9.259833 8.749253 9.163470 11.361654 13.407270 15.156620 15.735249 14.654324 14.201018 15.058560 14.370940 12.546461 12.339210 12.711241 12.921501 14.991743 16.334105 15.562497 15.804609 17.773590 16.277331 15.314531 14.195401 13.747700 13.691448 13.533326 14.185626 13.233243 11.995142 10.629418 8.981236 7.942102 7.360117 7.109170 7.570269 8.186291 8.193407 6.613209 6.642117 6.952372 6.853792 7.759319 9.188568 10.359233 11.556100 12.879029 14.170302 14.541480 14.127197 14.666981 14.214368 13.840696 13.065028 12.563550 12.178650 11.638971 11.082348 10.989516 11.313931 12.119695
9.453068 9.654016 9.335294 8.930775 9.259176 9.157869 11.241462 14.420716 15.977101 15.535354 15.987659 15.411402 13.484402 12.551007 13.167304 13.811944 14.187369 16.330076 17.599227 18.412747 16.761993 14.823996 12.398990 10.927198 10.637354 10.284738 10.200372 10.278428 10.017568 9.538621 8.967803 8.756109 8.353322 7.944050 7.402871 6.926873 7.216223 7.997868 8.066211 6.405447 6.275656 7.340318 6.540430 6.826496 7.701623 8.709200 9.802858 11.286116 13.412824 14.777336 14.841774 15.334876 15.183023 13.678314 13.584703 13.321370 12.781264 12.042040 11.605795 11.861446 12.377870 12.470405
9.333904 9.314297 9.067990 8.811524 9.974137 11.795859 13.145949 14.847017 16.434541 17.404789 18.208777 17.050709 14.917906 14.119454 14.022824 14.607185 15.185013 17.331793 18.867318 17.053416 13.945418 11.758186 10.603712 9.706376 9.120719 8.677894 8.482634 8.629599 8.722176 8.519865 8.057844 7.740852 7.470579 7.091621 6.759553 6.714399 7.353980 7.725974 8.168940 8.101895 8.212233 7.872946 7.213085 7.047391 7.086828 7.730156 8.625993 9.917318 11.738688 14.448552 15.820664 15.692785 14.996429 14.267246 14.229492 14.019295 13.168492 12.523698 11.762664 12.017503 13.108159 13.356215
9.398424 9.131753 9.179871 9.078768 9.872573 11.900598 13.456218 15.191039 18.465967 23.270736 23.608101 19.322584 15.865445 15.009901 15.724543 16.362943 16.183053 16.910016 15.953974 13.242173 11.739328 11.158652 11.068348 10.340680 9.165421 8.339025 7.773377 7.595390 7.661073 7.795294 7.525105 7.144522 6.748775 6.560609 7.034466 7.395039 7.832153 8.209761 8.266480 8.352708 8.362349 9.308405 9.322843 8.078469 7.568432 8.144634 9.080858 9.548038 10.357840 12.020389 13.755541 15.327215 15.353750 15.135366 15.039816 14.113862 13.433793 12.831814 12.005377 11.638184 13.073582 14.233490
9.554038 9.764941 9.753483 9.478411 9.219536 9.413965 9.168441 10.957659 14.223678 16.904672 16.537163 14.436528 13.583339 14.760041 15.837687 16.220704 16.405088 15.773222 13.695426 12.339721 11.695949 11.379032 11.055262 10.580460 10.005615 8.906108 7.688603 6.976265 7.045980 7.211639 6.998757 6.707260 6.397156 6.749975 7.196468 7.414251 7.385829 7.512467 8.053896 8.174982 8.724801 10.297377 11.260439 10.253250 9.013053 8.966600 9.437366 9.933788 10.023331 11.075923 11.955245 12.878289 14.057527 15.555660 15.694822 13.936385 13.008576 12.860698 13.532775 12.854999 13.387530 15.912849
