geotop_simulations/templates/TEST_Venosta_3D_034_template/rec/SoilPressure0000L0008.old.asc
ncols         252
nrows         194
xllcorner     598250.000000
yllcorner     5144500.000000
cellsize      250.000000
NODATA_value  -9999.0
[rows 25 to 49 of 194, columns 112 to 167 of 252]
-303.867522 -305.412589 -98.333896 -273.377385 -271.560601 -268.463817 -257.463560 -246.698686 -210.437303 -124.474892 -132.030229 -222.116863 -185.605938 -14.499393 -17.642004 -17.152154 -14.056769 -14.160829 -8.844174 16.227530 58.345395 96.996916 159.685984 215.510012 276.704202 441.671896 1152.765035 804.335655 -91.852579 -55.793891 -100.477054 500.995309 -9999.0 -9999.0 -9999.0 -9999.0 -9999.0 -9999.0 -9999.0 -9999.0 -9999.0 -9999.0 -9999.0 -9999.0 -9999.0 -9999.0 -9999.0 -9999.0 -9999.0 -9999.0 -9999.0 -9999.0 -9999.0 -9999.0 -9999.0 -9999.0
-261.542586 -266.294585 -72.992416 -229.691885 -223.758157 -217.073180 -202.680616 -214.126318 -211.191265 -128.168511 -126.292325 -199.196146 -142.350166 -121.821490 -108.966694 6.803425 -5.556836 14.688500 22.537318 51.535727 84.749353 148.193591 219.359952 304.651888 299.880632 305.948082 358.017004 1126.523149 182.007783 -95.270992 -9999.0 -9999.0 -9999.0 -9999.0 -9999.0 -9999.0 -9999.0 -9999.0 -9999.0 -9999.0 -9999.0 -9999.0 -9999.0 -9999.0 -9999.0 -9999.0 -9999.0 -9999.0 -9999.0 -9999.0 -9999.0 -9999.0 -9999.0 -9999.0 -9999.0 -9999.0
-174.936413 -190.008828 -58.912210 -47.248789 -37.565835 -26.695453 -89.745400 -94.777761 -88.005615 24.811920 24.164320 -87.823509 -50.565877 -80.597044 -102.661100 -170.209682 38.878220 73.398334 88.271105 93.952266 92.799089 157.242638 255.478540 420.012035 693.770911 830.068086 1835.067821 1512.801043 561.206064 -127.883457 -9999.0 -9999.0 -9999.0 -9999.0 -9999.0 -9999.0 -9999.0 -9999.0 -9999.0 -9999.0 -9999.0 -9999.0 -9999.0 -9999.0 -9999.0 -9999.0 -9999.0 -9999.0 -9999.0 -9999.0 -9999.0 -9999.0 -9999.0 -9999.0 -9999.0 -9999.0
-179.387528 -175.262421 -30.651898 -18.760461 -10.270362 1.766886 8.455685 -99.057113 -188.943803 -91.885738 -60.709758 -161.123920 -150.994940 -103.313668 -78.448179 120.165035 119.928028 130.539731 141.779853 144.931560 136.071726 192.044312 304.224617 1168.174046 1232.047528 1397.326093 1611.311786 1143.707020 1022.913224 446.568613 -9999.0 -9999.0 -9999.0 -9999.0 -9999.0 -9999.0 -9999.0 -9999.0 -9999.0 -9999.0 -9999.0 -9999.0 -9999.0 -9999.0 -9999.0 -9999.0 -9999.0 -9999.0 -9999.0 -9999.0 -9999.0 -9999.0 -9999.0 -9999.0 -9999.0 -9999.0
-28.283090 8.171817 0.879777 6.205634 34.908855 35.787716 39.828988 -101.764174 -100.188832 5.941697 -70.997986 -212.909098 56.070808 154.563430 -163.389927 235.276083 189.467079 280.679805 164.287047 146.878640 436.887002 561.570093 657.714024 1112.612254 1465.021396 1339.997274 1077.774627 275.951586 389.319691 -9999.0 -9999.0 -9999.0 -9999.0 -9999.0 -9999.0 -9999.0 -9999.0 -9999.0 -9999.0 -9999.0 -9999.0 -9999.0 -9999.0 -9999.0 -9999.0 -9999.0 -9999.0 -9999.0 -9999.0 -9999.0 -9999.0 -9999.0 -9999.0 -9999.0 -9999.0 -9999.0
-14.306689 24.428467 16.200525 24.412270 67.191410 59.692844 73.133958 78.290276 84.286196 163.648405 -45.771222 -8.662570 141.061702 251.814618 309.560502 646.700270 271.709602 452.616999 222.984258 1198.630519 199.819690 198.506283 366.144699 916.127561 1692.089142 1571.396331 542.619382 -276.336559 115.905005 -9999.0 -9999.0 -9999.0 -9999.0 -9999.0 -9999.0 -9999.0 -9999.0 -9999.0 -9999.0 -9999.0 -9999.0 -9999.0 -9999.0 -9999.0 -9999.0 -9999.0 -9999.0 -9999.0 -9999.0 -9999.0 -9999.0 -9999.0 -9999.0 -9999.0 -9999.0 -9999.0
13.481709 44.723254 39.072234 43.120787 82.284886 74.622399 98.768212 106.029044 114.252849 222.115735 212.920635 86.264965 240.223363 481.588449 274.699257 -187.656406 380.145936 1389.182269 1735.894505 946.412494 52.912388 104.969968 229.914847 1157.292887 1856.095866 1342.766799 -62.330436 -214.164787 -87.765771 -9999.0 -9999.0 -9999.0 -9999.0 -9999.0 -9999.0 -9999.0 -9999.0 -9999.0 -9999.0 -9999.0 -9999.0 -9999.0 -9999.0 -9999.0 -9999.0 -9999.0 -9999.0 -9999.0 -9999.0 -9999.0 -9999.0 -9999.0 -9999.0 -9999.0 -9999.0 -9999.0
54.268310 76.010658 48.180429 73.085937 113.725955 85.947874 127.167962 131.957680 163.553124 277.925888 257.886390 219.263662 444.555147 165.740795 269.752216 57.768568 627.004906 1158.527602 990.444338 97.527936 -80.196378 -74.162395 -77.987036 778.698343 1388.522901 989.259562 -225.149864 -91.068208 -9999.0 -9999.0 -9999.0 -9999.0 -9999.0 -9999.0 -9999.0 -9999.0 -9999.0 -9999.0 -9999.0 -9999.0 -9999.0 -9999.0 -9999.0 -9999.0 -9999.0 -9999.0 -9999.0 -9999.0 -9999.0 -9999.0 -9999.0 -9999.0 -9999.0 -9999.0 -9999.0 -9999.0
36.604999 -45.030517 -70.015030 -59.038008 -0.400687 82.247366 170.799385 159.205188 232.565903 396.705607 295.047448 215.920057 785.338364 143.350387 -73.112963 -66.626855 196.828487 649.651504 376.405809 -212.069120 -78.854375 -71.901333 -70.524503 530.877774 17.609964 237.689154 -9999.0 -9999.0 -9999.0 -9999.0 -9999.0 -9999.0 -9999.0 -9999.0 -9999.0 -9999.0 -9999.0 -9999.0 -9999.0 -9999.0 -9999.0 -9999.0 -9999.0 -9999.0 -9999.0 -9999.0 -9999.0 -9999.0 -9999.0 -9999.0 -9999.0 -9999.0 -9999.0 -9999.0 -9999.0 -9999.0
-26.214736 -78.972849 -98.901986 -82.053823 -55.693488 111.172293 188.667724 188.248683 362.051625 681.721190 666.172921 1435.915681 234.568053 -77.333154 -93.816109 96.142604 273.610137 236.972733 -80.124920 -69.302978 -90.192807 -81.598805 -84.332052 613.648637 -9999.0 -9999.0 -9999.0 -9999.0 -9999.0 -9999.0 -9999.0 -9999.0 -9999.0 -9999.0 -9999.0 -9999.0 -9999.0 -9999.0 -9999.0 -9999.0 -9999.0 -9999.0 -9999.0 -9999.0 -9999.0 -9999.0 -9999.0 -9999.0 -9999.0 -9999.0 -9999.0 -9999.0 -9999.0 -9999.0 -9999.0 -9999.0
-98.208317 -91.286967 -99.401925 -37.355240 13.150706 67.713459 164.395185 238.396985 612.265634 1249.403129 1459.389824 810.861656 -84.837323 -96.839496 162.266896 -14.094139 464.852009 846.520672 -8.689485 -120.199938 -81.640374 -100.614908 -22.726988 -9999.0 -9999.0 -9999.0 -9999.0 -9999.0 -9999.0 -9999.0 -9999.0 -9999.0 -9999.0 -9999.0 -9999.0 -9999.0 -9999.0 -9999.0 -9999.0 -9999.0 -9999.0 -9999.0 -9999.0 -9999.0 -9999.0 -9999.0 -9999.0 -9999.0 -9999.0 -9999.0 -9999.0 -9999.0 -9999.0 -9999.0 -9999.0 -9999.0
-102.280501 -99.038380 -48.456638 -15.910209 1.002352 63.301670 154.179227 599.079060 287.940474 213.839887 81.626444 -68.133731 -49.716742 -75.196362 256.345948 609.762640 874.804170 1365.020399 584.758548 143.354095 -95.460345 -87.742465 301.529497 -9999.0 -9999.0 -9999.0 -9999.0 -9999.0 -9999.0 -9999.0 -9999.0 -9999.0 -9999.0 -9999.0 -9999.0 -9999.0 -9999.0 -9999.0 -9999.0 -9999.0 -337.899298 -327.572875 -276.674174 -166.765065 2545.123013 -9999.0 -9999.0 -9999.0 -9999.0 -9999.0 -9999.0 -9999.0 -9999.0 -9999.0 -9999.0 -9999.0
-87.629432 -94.502673 161.066903 194.522026 199.586802 328.986126 710.948137 553.326719 133.629947 270.010703 188.382989 -42.992483 316.078408 376.229472 148.500970 283.714797 678.128820 1625.963173 954.636822 154.575282 -224.341385 -116.046865 193.831155 -9999.0 -9999.0 -9999.0 -9999.0 -9999.0 -9999.0 -9999.0 -9999.0 -9999.0 -9999.0 -9999.0 -9999.0 -9999.0 -9999.0 -9999.0 -80.790832 -373.009046 -379.463508 -21.360944 224.082013 1501.692076 -9999.0 -9999.0 -9999.0 -9999.0 -9999.0 -9999.0 -9999.0 -9999.0 -9999.0 -9999.0 -9999.0 -9999.0
-94.675696 -101.829384 167.275979 221.960585 625.634582 675.388028 1179.692421 859.165853 500.412806 -68.156757 408.270965 326.124343 173.759696 180.563339 150.293068 144.887328 364.314154 224.739945 977.987860 -53.864269 -148.606599 -184.410413 199.433540 -9999.0 -9999.0 -9999.0 -9999.0 -9999.0 -9999.0 -9999.0 -9999.0 -9999.0 -9999.0 -9999.0 -9999.0 -9999.0 -9999.0 -383.713431 -359.009391 -372.950997 -146.128124 66.121872 9.074397 327.973234 15.704435 -9999.0 -9999.0 -9999.0 -9999.0 -9999.0 -9999.0 -9999.0 -9999.0 -9999.0 -9999.0 -9999.0
-116.805763 -94.935851 76.855737 161.796956 585.308968 26.387729 690.622242 640.069988 630.285484 18.066054 525.061495 243.007110 167.767287 94.342561 70.685696 154.227967 248.375826 129.778209 939.152149 -164.352395 -99.611477 -143.228716 -105.935143 -92.090398 -77.666612 -76.765850 -71.066874 138.403410 875.957335 -9999.0 -9999.0 -9999.0 -9999.0 -9999.0 34.930835 -307.425917 -484.093056 -541.081643 87.137726 565.960619 309.191107 204.995602 257.555505 177.619409 71.025223 -9999.0 -9999.0 -9999.0 -9999.0 -9999.0 -9999.0 -9999.0 -9999.0 -9999.0 -9999.0 -9999.0
-118.421121 3.294738 81.813525 135.037595 587.144208 -55.968910 -62.892023 -63.925609 122.635524 699.266793 402.196471 170.679183 70.962787 24.850337 30.845618 136.445019 203.990245 191.737945 1185.707355 276.127703 341.802676 -21.646631 7.691681 -157.712172 416.782190 600.358895 628.781381 390.766197 234.636828 -270.645013 -307.172702 -294.092899 -274.103647 -396.047294 -590.974220 -567.521082 -330.402015 186.813289 986.976722 1076.726842 168.504480 302.354849 44.251756 11.153795 37.913181 3192.429147 -9999.0 -9999.0 -9999.0 -9999.0 -9999.0 -9999.0 -9999.0 -9999.0 -9999.0 -9999.0
-120.022249 24.635012 120.200542 561.706055 -290.232102 -82.398348 162.963304 77.733434 -72.134006 364.822330 245.838315 120.170510 35.714655 -10.590025 -7.970629 78.620585 183.909859 265.285273 1552.170175 1155.107284 1111.211149 600.598174 243.041196 2.219678 930.136783 1449.076751 1618.980020 1250.074814 513.476087 51.593238 -414.379709 -554.782238 -742.010815 -308.821445 -427.892393 -386.735677 -10.135192 733.962528 91.705687 65.443982 -45.893578 -156.074675 -161.578479 -135.897683 -94.410122 18.431696 -72.114827 -9999.0 -9999.0 -9999.0 -9999.0 -9999.0 -9999.0 -9999.0 -9999.0 -9999.0
-117.583555 157.067453 81.822212 270.798786 451.300398 -78.716097 239.363408 282.672725 293.684632 247.079737 113.266302 54.670470 -1.028724 -13.031835 -36.740841 61.316115 282.947627 1041.927664 1334.940050 1387.925041 1096.897858 633.407158 458.336663 327.966070 1235.789502 1850.205676 1895.437095 1685.460271 1661.154180 1489.918642 928.676717 521.907772 160.052320 -151.272632 -206.676287 249.165879 272.785801 -71.486246 -27.100172 -19.974323 -29.795429 -180.606893 -96.204615 -165.933171 1147.025159 1089.592868 377.477516 -9999.0 -9999.0 -9999.0 -9999.0 -9999.0 -9999.0 -9999.0 -225.305418 -159.953526
132.598993 -327.443358 -491.105301 215.617537 160.806336 350.321365 165.583119 161.067932 192.362725 126.902393 32.869478 -14.896266 -29.310492 -16.628714 -36.111693 73.153558 167.151349 212.852320 934.491118 406.496994 741.040575 471.004373 318.182917 288.319787 768.524706 1220.147592 1424.208907 1505.833396 1696.878317 246.901485 67.763945 -111.779441 -266.145634 -57.891330 109.615961 -106.776474 -20.135193 -43.532690 -63.626896 -44.599618 -75.034055 -26.158001 -207.916995 611.610647 477.972845 627.348606 -413.124785 -9999.0 -9999.0 -9999.0 -9999.0 -9999.0 -9999.0 -9999.0 -348.215075 -73.713835
213.476788 -414.946971 581.484382 632.398372 -218.383248 512.220376 288.429221 204.594873 156.851654 56.890455 -9.533817 -46.281060 -60.548051 -19.660161 -29.086249 73.677080 150.043992 35.325798 -73.566110 -85.401812 -55.757070 44.500586 -165.056289 -65.929658 -77.658248 265.276487 878.819769 1118.926851 1133.045268 1357.077988 907.875063 166.117828 -50.648678 -60.359368 -4.618138 -0.436926 -38.122993 -56.391496 -78.942097 -57.061720 -108.236071 -99.634805 -53.852742 -478.174843 -233.136998 279.831217 -9999.0 -9999.0 -9999.0 -9999.0 -9999.0 -9999.0 -9999.0 -392.172765 -36.365708 -8.941371
42.818926 7.446845 92.336879 267.785938 -66.684006 163.176438 269.742733 186.702687 169.773786 86.167716 -2.376855 -54.263248 -57.307305 -40.849915 -95.554386 123.280691 -74.963877 -67.861644 -51.766619 119.275205 651.004063 900.899467 84.435118 -132.319680 -89.613450 -72.286974 151.620910 632.157954 519.691899 249.868357 154.810782 102.947116 -1.720180 -68.085943 -68.231400 -16.750631 -52.012069 -65.120446 -79.792928 -63.340220 -147.165199 -167.067829 -230.791129 -542.745862 -587.935257 -353.195083 -9999.0 -9999.0 -9999.0 196.322416 -527.399709 -614.285486 -784.847652 -342.652436 27.186352 -55.749913
-160.192759 -409.190382 136.223494 214.937377 364.320580 336.076077 209.671997 202.662858 217.474023 195.930305 131.206587 78.445103 80.933422 79.727011 -223.970217 -62.784830 78.615212 120.447249 226.623828 662.653641 1033.772965 1285.861420 -239.164387 -249.981137 -96.065782 -53.283979 615.719676 899.811464 130.415660 90.021607 69.873243 0.543748 -45.302303 -71.493375 -110.818082 -61.555868 -80.272148 -88.308033 -82.928591 -67.110965 -108.037264 -209.696170 -170.258041 -379.756669 -655.876271 -566.407939 -9999.0 -47.007988 -359.041314 -195.608070 -230.159479 -350.961896 -441.201394 62.746806 -25.735579 -68.885457
-216.382295 205.422323 642.383006 605.142982 -66.205897 -85.699128 685.020009 681.965125 423.646179 331.722401 230.620385 101.814721 76.791861 62.216480 -186.846115 -261.584525 -42.960842 24.612959 140.768444 394.371772 1458.285944 1131.563330 -308.361502 -213.444477 -81.369597 46.280498 579.118157 216.138863 172.062059 84.197073 25.845056 -30.307914 -70.086210 -92.073686 -143.510229 -123.253840 -121.948823 -125.393770 -101.305275 -87.641163 -134.041246 -218.418466 -156.559388 -235.125061 -407.104040 -458.045257 -372.709065 50.578013 -87.921331 -118.972224 -103.624618 -85.140602 -21.023782 13.422522 -51.461609 -89.256052
-323.030391 240.098166 633.856956 -39.521597 -64.309090 -12.386694 -78.346815 269.993267 664.245507 350.232675 213.865540 48.168166 -33.536406 -59.628830 -104.356819 -70.415511 -83.592127 6.647606 125.656239 309.552454 1161.050719 227.645970 -272.891136 -77.463449 138.929901 648.179816 668.015621 198.418912 134.879077 66.210420 7.666524 -44.113266 -88.291239 -248.378467 -163.377832 -125.997592 -150.848899 -157.254518 -121.577595 -121.897695 -204.154624 -218.887964 -182.838470 -134.891313 -54.613343 -30.181768 -55.411346 -85.728862 -110.355250 -123.859265 -146.635455 -150.148180 -116.483679 -22.494301 -87.449363 -122.791304
-360.572019 175.103542 632.567274 -144.208027 -200.296153 299.643250 261.395869 358.159016 258.913020 155.350090 -2.159945 -51.145818 -96.340179 -96.674535 -127.178301 -224.428056 -368.653103 -15.326884 97.032296 287.504449 963.057494 -40.033082 -191.612139 -64.296867 215.231607 532.055849 293.514936 164.600464 57.559491 -0.783709 -38.692978 -77.664753 -107.330060 -71.030711 -174.606516 -218.645724 -168.438410 -182.051659 -165.730398 -246.088405 -255.969481 -224.392206 -190.738277 -160.074150 -112.466745 -61.573241 -66.977819 -95.019233 -104.730210 -117.030506 -146.975907 -173.865447 -163.317482 -84.152351 -87.753350 -136.022988
