geotop_simulations/templates/TEST_Venosta_3D_034_template/rec/SoilTemperature0000L0008.old.asc
ncols         252
nrows         194
xllcorner     598250.000000
yllcorner     5144500.000000
cellsize      250.000000
NODATA_value  -9999.0
[rows 0 to 27 of 194, columns 62 to 123 of 252]
-9999.0 -9999.0 -9999.0 -9999.0 -9999.0 -9999.0 -9999.0 -9999.0 -9999.0 -9999.0 -9999.0 -9999.0 -9999.0 -9999.0 -9999.0 -9999.0 -9999.0 -9999.0 -9999.0 -9999.0 -9999.0 -9999.0 -9999.0 -9999.0 -9999.0 -9999.0 -9999.0 -9999.0 -9999.0 -9999.0 -9999.0 -9999.0 -9999.0 -9999.0 -9999.0 -9999.0 -9999.0 -9999.0 -9999.0 -9999.0 -9999.0 -9999.0 -9999.0 -9999.0 -9999.0 -9999.0 -9999.0 -9999.0 -9999.0 -9999.0 -9999.0 -9999.0 -9999.0 -9999.0 -9999.0 -9999.0 -9999.0 -9999.0 -9999.0 -9999.0 -9999.0 -9999.0
-9999.0 -9999.0 -9999.0 -9999.0 -9999.0 -9999.0 -9999.0 -9999.0 -9999.0 -9999.0 -9999.0 -9999.0 -9999.0 -9999.0 -9999.0 -9999.0 -9999.0 -9999.0 -9999.0 -9999.0 -9999.0 -9999.0 -9999.0 -9999.0 -9999.0 -9999.0 -9999.0 -9999.0 -9999.0 -9999.0 -9999.0 -9999.0 -9999.0 -9999.0 -9999.0 -9999.0 -9999.0 -9999.0 -9999.0 -9999.0 -9999.0 -9999.0 -9999.0 -9999.0 -9999.0 -9999.0 -9999.0 -9999.0 -9999.0 -9999.0 -9999.0 -9999.0 -9999.0 9.926544 9.276036 4.992542 -9999.0 -9999.0 -9999.0 -9999.0 -9999.0 -9999.0
-9999.0 -9999.0 -9999.0 -9999.0 -9999.0 -9999.0 -9999.0 -9999.0 -9999.0 -9999.0 -9999.0 -9999.0 -9999.0 -9999.0 -9999.0 -9999.0 -9999.0 -9999.0 -9999.0 -9999.0 -9999.0 -9999.0 -9999.0 -9999.0 -9999.0 -9999.0 -9999.0 -9999.0 -9999.0 -9999.0 -9999.0 -9999.0 -9999.0 -9999.0 -9999.0 -9999.0 -9999.0 -9999.0 -9999.0 -9999.0 -9999.0 -9999.0 -9999.0 -9999.0 -9999.0 -9999.0 -9999.0 -9999.0 -9999.0 -9999.0 -9999.0 -9999.0 11.118670 10.488480 9.199719 -9999.0 -9999.0 -9999.0 -9999.0 -9999.0 -9999.0 -9999.0
-9999.0 -9999.0 -9999.0 -9999.0 -9999.0 -9999.0 -9999.0 -9999.0 -9999.0 -9999.0 -9999.0 -9999.0 -9999.0 -9999.0 -9999.0 -9999.0 -9999.0 -9999.0 -9999.0 -9999.0 -9999.0 -9999.0 -9999.0 -9999.0 -9999.0 -9999.0 -9999.0 -9999.0 -9999.0 -9999.0 -9999.0 -9999.0 -9999.0 -9999.0 -9999.0 -9999.0 -9999.0 -9999.0 -9999.0 -9999.0 -9999.0 -9999.0 -9999.0 -9999.0 -9999.0 -9999.0 -9999.0 -9999.0 -9999.0 -9999.0 -9999.0 11.415997 11.569382 10.414951 10.168733 10.098487 8.937525 6.685128 -9999.0 -9999.0 -9999.0 -9999.0
-9999.0 -9999.0 -9999.0 -9999.0 -9999.0 -9999.0 -9999.0 -9999.0 -9999.0 -9999.0 -9999.0 -9999.0 -9999.0 -9999.0 -9999.0 -9999.0 -9999.0 -9999.0 -9999.0 -9999.0 -9999.0 -9999.0 -9999.0 -9999.0 -9999.0 -9999.0 -9999.0 -9999.0 -9999.0 -9999.0 -9999.0 -9999.0 -9999.0 -9999.0 -9999.0 -9999.0 -9999.0 -9999.0 -9999.0 -9999.0 -9999.0 -9999.0 -9999.0 -9999.0 -9999.0 -9999.0 -9999.0 -9999.0 -9999.0 -9999.0 11.554252 11.546872 12.059221 11.549050 10.910838 10.680810 9.996212 9.504488 9.500124 7.924587 3.955712 -9999.0
-9999.0 -9999.0 -9999.0 -9999.0 -9999.0 -9999.0 -9999.0 -9999.0 -9999.0 -9999.0 -9999.0 -9999.0 -9999.0 -9999.0 -9999.0 -9999.0 -9999.0 -9999.0 -9999.0 -9999.0 -9999.0 -9999.0 -9999.0 -9999.0 -9999.0 -9999.0 -9999.0 -9999.0 -9999.0 -9999.0 -9999.0 -9999.0 -9999.0 -9999.0 -9999.0 -9999.0 -9999.0 -9999.0 -9999.0 -9999.0 -9999.0 -9999.0 -9999.0 -9999.0 -9999.0 -9999.0 -9999.0 10.211827 11.326331 11.819924 12.046046 12.260706 12.557649 12.459947 12.109321 11.901166 10.789099 10.028618 9.865738 9.379740 9.485981 -9999.0
-9999.0 -9999.0 -9999.0 -9999.0 -9999.0 -9999.0 -9999.0 -9999.0 -9999.0 -9999.0 -9999.0 -9999.0 -9999.0 -9999.0 -9999.0 -9999.0 -9999.0 -9999.0 -9999.0 -9999.0 -9999.0 -9999.0 -9999.0 -9999.0 -9999.0 -9999.0 -9999.0 -9999.0 -9999.0 -9999.0 -9999.0 -9999.0 -9999.0 -9999.0 -9999.0 -9999.0 -9999.0 -9999.0 -9999.0 11.139509 11.535199 11.277605 11.787819 12.369509 12.720082 12.470543 12.142521 11.950429 12.108358 12.162574 12.670969 13.087209 13.353663 13.270404 12.943663 12.784807 11.832121 10.979889 9.849217 8.542888 7.690471 5.975387
-9999.0 -9999.0 -9999.0 -9999.0 -9999.0 -9999.0 -9999.0 -9999.0 -9999.0 -9999.0 -9999.0 -9999.0 -9999.0 -9999.0 -9999.0 -9999.0 -9999.0 -9999.0 -9999.0 -9999.0 -9999.0 -9999.0 -9999.0 -9999.0 -9999.0 -9999.0 -9999.0 -9999.0 -9999.0 -9999.0 -9999.0 -9999.0 -9999.0 -9999.0 -9999.0 -9999.0 -9999.0 -9999.0 11.937166 12.119853 12.085927 12.129221 12.469479 12.843296 13.188393 12.952607 12.453998 12.283272 12.531999 12.818696 13.183891 13.576212 13.855222 13.948784 13.243055 12.634967 11.989641 11.023817 9.532598 7.459026 5.881708 5.570032
-9999.0 -9999.0 -9999.0 -9999.0 -9999.0 -9999.0 -9999.0 -9999.0 -9999.0 -9999.0 -9999.0 -9999.0 -9999.0 -9999.0 -9999.0 -9999.0 -9999.0 -9999.0 -9999.0 -9999.0 -9999.0 -9999.0 -9999.0 -9999.0 -9999.0 -9999.0 -9999.0 -9999.0 -9999.0 -9999.0 -9999.0 -9999.0 -9999.0 -9999.0 -9999.0 -9999.0 -9999.0 12.695280 12.199588 12.590048 12.954117 13.036433 13.107329 13.559591 13.793244 13.529260 12.777152 12.654373 12.747435 13.231019 13.827205 13.959919 14.257867 14.459292 13.112140 12.762222 12.054475 10.343594 8.445707 6.483930 4.949726 5.346491
-9999.0 -9999.0 -9999.0 -9999.0 -9999.0 -9999.0 -9999.0 -9999.0 -9999.0 -9999.0 -9999.0 -9999.0 -9999.0 -9999.0 -9999.0 -9999.0 -9999.0 -9999.0 -9999.0 -9999.0 -9999.0 -9999.0 -9999.0 -9999.0 -9999.0 -9999.0 -9999.0 -9999.0 -9999.0 -9999.0 -9999.0 -9999.0 11.041340 11.794757 12.142779 12.588142 13.082108 13.012820 12.949597 13.343658 13.679652 13.813397 13.735737 14.086131 14.273791 14.061132 13.490416 13.280382 13.256446 13.384435 14.238308 14.454007 14.647836 13.861123 13.319870 12.738970 11.165944 9.487148 8.694707 7.620041 6.192688 7.532338
-9999.0 -9999.0 -9999.0 -9999.0 -9999.0 -9999.0 -9999.0 -9999.0 -9999.0 -9999.0 -9999.0 -9999.0 -9999.0 -9999.0 -9999.0 -9999.0 -9999.0 -9999.0 -9999.0 -9999.0 -9999.0 -9999.0 -9999.0 -9999.0 -9999.0 -9999.0 -9999.0 -9999.0 -9999.0 -9999.0 -9999.0 12.578003 11.974898 12.694723 12.893190 12.975357 13.401615 13.701227 13.714345 13.759493 13.987188 14.211562 14.319801 14.423254 14.619098 14.511122 14.065626 13.815584 13.801041 13.229603 14.046347 14.738218 15.020907 14.054242 13.040519 11.348969 9.266298 7.932337 8.276971 7.450368 5.827699 6.860183
-9999.0 -9999.0 -9999.0 -9999.0 -9999.0 -9999.0 -9999.0 -9999.0 -9999.0 -9999.0 -9999.0 -9999.0 -9999.0 -9999.0 -9999.0 -9999.0 -9999.0 -9999.0 -9999.0 -9999.0 -9999.0 -9999.0 -9999.0 -9999.0 -9999.0 -9999.0 -9999.0 -9999.0 -9999.0 -9999.0 -9999.0 12.522895 12.508745 13.105040 13.390997 13.516123 13.872341 14.253893 14.226323 14.149355 14.081026 8.953396 8.932883 14.833811 14.844319 15.014191 14.596833 14.331748 14.161759 13.953591 13.773929 14.567902 15.134694 14.177040 8.687083 10.675622 10.243738 10.393611 10.161480 8.644560 6.599015 7.561561
-9999.0 -9999.0 -9999.0 -9999.0 -9999.0 -9999.0 -9999.0 -9999.0 -9999.0 -9999.0 -9999.0 -9999.0 -9999.0 -9999.0 -9999.0 -9999.0 -9999.0 -9999.0 -9999.0 -9999.0 -9999.0 -9999.0 -9999.0 -9999.0 -9999.0 -9999.0 -9999.0 -9999.0 -9999.0 -9999.0 12.911842 12.729736 13.130957 13.724237 14.037998 14.078128 14.178094 14.632515 14.618309 14.530098 14.433894 9.874277 9.657324 9.755196 9.735740 15.558453 9.422497 9.435203 14.701274 14.718406 14.654949 14.643335 9.039226 8.719430 11.858167 11.832700 12.229647 11.280292 10.478678 9.114923 7.163321 7.789846
-9999.0 -9999.0 -9999.0 -9999.0 -9999.0 -9999.0 -9999.0 -9999.0 -9999.0 -9999.0 -9999.0 -9999.0 -9999.0 -9999.0 -9999.0 -9999.0 -9999.0 -9999.0 -9999.0 -9999.0 -9999.0 -9999.0 -9999.0 -9999.0 -9999.0 -9999.0 -9999.0 11.049397 12.062785 12.899294 13.185832 13.238612 13.441016 14.058498 14.492942 14.526714 14.488751 7.394255 7.185332 6.811213 7.456076 7.329393 7.238128 7.846949 7.548772 7.475066 7.790395 7.630031 7.429947 7.556888 15.376345 7.846070 7.646094 7.328456 12.064119 12.483896 11.956638 10.069398 8.071662 6.632491 7.001053 8.104600
-9999.0 -9999.0 -9999.0 -9999.0 -9999.0 -9999.0 -9999.0 -9999.0 -9999.0 -9999.0 -9999.0 -9999.0 -9999.0 -9999.0 -9999.0 -9999.0 -9999.0 -9999.0 -9999.0 -9999.0 -9999.0 -9999.0 -9999.0 -9999.0 -9999.0 12.035475 12.988858 12.861651 12.866351 13.297160 13.641293 13.825560 13.678051 14.195772 14.889460 10.014558 14.901353 10.206457 10.416762 10.583319 10.706815 10.905235 11.057516 11.186904 11.164718 11.328563 11.353877 11.237197 11.073945 10.938138 16.080828 10.931028 10.690197 8.943779 12.102525 11.361729 9.617253 7.239638 6.520067 8.814901 9.835484 9.010100
-9999.0 -9999.0 -9999.0 -9999.0 -9999.0 -9999.0 -9999.0 -9999.0 -9999.0 -9999.0 -9999.0 -9999.0 -9999.0 -9999.0 -9999.0 -9999.0 -9999.0 -9999.0 -9999.0 -9999.0 -9999.0 -9999.0 -9999.0 -9999.0 -9999.0 13.138480 13.399864 13.469179 13.475507 13.842815 14.231708 14.399377 13.943284 13.847659 14.941493 7.128516 7.375611 7.537976 7.882353 8.166028 7.691812 7.892246 8.249135 8.570724 8.850745 9.166114 9.261734 9.444035 9.265438 9.353562 9.416264 9.239042 9.122575 8.457420 12.552285 11.876520 10.784278 8.814003 9.712613 10.515596 10.436372 9.617583
-9999.0 -9999.0 -9999.0 -9999.0 -9999.0 -9999.0 -9999.0 -9999.0 -9999.0 -9999.0 -9999.0 -9999.0 -9999.0 -9999.0 -9999.0 -9999.0 -9999.0 -9999.0 -9999.0 -9999.0 -9999.0 -9999.0 -9999.0 12.001309 13.107768 13.412027 14.007097 14.190408 14.113103 14.086524 14.603689 8.137436 7.733059 6.768497 14.720263 7.469765 7.915237 7.939431 8.030205 8.156610 8.286569 8.610735 8.801591 8.937578 8.999905 8.359868 9.193593 14.618330 14.515978 8.883476 8.536483 13.852580 7.645642 7.137043 6.741716 12.854654 11.342556 9.524247 10.980120 10.714100 11.010013 9.923634
-9999.0 -9999.0 -9999.0 -9999.0 -9999.0 -9999.0 -9999.0 -9999.0 6.275241 6.118706 7.590494 7.292265 12.626217 11.513784 11.132064 -9999.0 -9999.0 -9999.0 -9999.0 10.254186 11.905228 12.678760 13.387181 13.663323 13.818202 13.953791 14.628014 14.747106 14.593612 13.890669 14.155683 15.303770 8.123637 8.619326 7.774443 8.070075 9.304197 9.289518 9.355200 9.495328 9.607396 9.409319 9.723678 9.975716 15.214113 15.269342 15.265151 15.228606 15.027627 15.017189 14.167477 13.581577 7.548796 7.036935 6.829110 6.353785 6.148638 10.437307 11.611839 11.704672 10.882615 9.689566
-9999.0 -9999.0 -9999.0 -9999.0 -9999.0 -9999.0 -9999.0 8.875525 8.349094 8.113197 10.085632 9.738570 8.867505 3.277664 11.950751 10.593897 10.471867 12.079194 12.668120 12.633400 12.952126 13.460730 14.047404 14.243900 14.410286 14.291222 14.728206 15.155744 14.852290 7.061937 6.470081 6.359533 7.257326 7.847805 8.344882 8.979273 9.693962 9.852619 9.995425 10.324720 10.379215 6.727249 8.072578 8.207621 8.202733 8.027385 8.091105 7.602442 7.740354 7.839515 14.503469 14.259120 9.148215 8.983065 8.222667 7.768081 6.267677 11.730766 11.672222 11.210305 10.679355 9.301148
-9999.0 -9999.0 -9999.0 -9999.0 -9999.0 -9999.0 -9999.0 8.392547 6.133361 6.284142 6.191710 7.381976 7.272125 4.751811 12.766991 11.897768 12.673156 13.288601 13.150882 12.542103 12.774098 13.493992 14.331723 14.732950 14.810102 14.691501 14.156944 15.126487 8.518545 8.722957 8.793114 8.821455 9.143014 9.264395 9.346122 9.329353 9.249675 9.241372 9.211562 14.890931 14.495754 5.269466 6.805969 6.616948 3.388208 4.000902 3.535299 3.684474 6.395967 6.683709 7.211515 17.763688 14.138351 9.355404 9.240494 8.546920 7.773301 8.014674 12.090146 11.510120 10.270399 8.064563
-9999.0 -9999.0 -9999.0 -9999.0 -9999.0 -9999.0 15.069570 15.215378 9.098368 7.927539 7.715095 7.668167 6.900205 6.621469 8.741297 8.761763 8.881522 13.853412 12.853665 12.365531 13.081515 13.646447 14.507115 15.022237 15.182668 15.138553 8.152505 14.584877 15.872739 9.248090 9.420233 9.448924 7.646376 7.992818 8.244891 8.325975 8.334528 8.611768 14.172077 12.963970 6.395675 6.382885 5.783573 5.685443 5.952524 6.117804 6.137558 6.376564 6.436388 6.457201 6.454298 6.602214 7.381490 17.923847 9.341013 8.069429 6.163477 5.772128 5.389352 11.511604 9.266434 7.648266
-9999.0 -9999.0 -9999.0 -9999.0 -9999.0 14.024551 14.312784 14.408846 14.676955 7.443491 7.098128 6.796648 6.365871 6.043769 5.849822 7.937439 7.710909 7.111840 7.192074 13.151603 13.689756 13.877930 14.419259 15.001372 15.485257 8.533099 8.764497 8.781284 9.506562 10.017025 9.982295 9.966896 10.798028 11.185096 11.435544 11.317273 8.820340 14.436222 13.430901 8.856727 8.328166 8.256424 7.941679 7.904058 7.936646 7.906860 9.689360 9.747881 10.165659 10.340713 8.889064 8.780852 7.439751 4.685805 5.308159 15.525408 5.915059 5.378405 5.177756 4.980421 4.156547 9.539461
-9999.0 -9999.0 -9999.0 -9999.0 7.369032 14.271713 14.596362 14.643203 14.773018 7.843105 7.772810 7.561735 7.165876 7.064735 9.183823 8.833771 8.196436 7.645672 7.805139 7.987675 8.016406 7.506043 7.519995 7.893095 8.969953 9.297120 9.087389 9.688528 9.577234 10.466139 10.759534 9.491258 6.669868 7.310779 8.896288 14.293473 12.167972 7.833642 7.589811 7.592312 7.217389 7.295109 7.025841 6.956613 9.013926 8.522639 8.787079 8.466082 9.123964 9.351223 9.162601 8.407439 9.134064 8.300468 9.603325 15.843530 15.449876 10.157440 10.419486 9.724413 9.544495 9.456634
-9999.0 -9999.0 -9999.0 8.601261 15.210320 15.534171 15.340992 14.867899 14.733457 14.601839 14.376494 7.765097 7.154410 9.203082 8.073062 5.744824 5.092546 7.336747 8.551928 8.881630 9.094559 9.105523 9.271046 9.384187 9.666017 9.985856 10.091163 10.211126 10.474817 11.011173 8.992089 9.478533 9.760541 12.459832 15.517334 9.883433 9.598862 9.097419 8.970783 5.099516 5.526001 13.061026 5.583518 5.815826 6.527088 6.666730 7.027027 7.299343 7.587186 7.718355 8.128075 7.715138 7.944496 7.215043 7.516850 7.353632 7.976011 8.085609 7.849686 8.431584 6.813372 1.633122
7.850887 8.202389 8.540671 8.855545 9.352607 15.380281 10.523852 11.382929 18.243823 17.951165 14.692385 14.583509 13.936767 12.833452 6.869569 6.112691 8.199338 8.768530 8.646390 8.843172 8.730541 8.899277 8.967571 8.923047 9.436822 9.658481 9.719723 10.086940 10.193830 10.490958 8.677531 9.056225 11.257174 14.759033 7.746185 7.800257 7.583867 7.345313 7.205203 7.198226 13.601754 13.103091 8.985972 8.695956 8.713026 6.303135 5.654859 5.840457 6.332767 6.159639 5.524401 5.863626 6.135142 5.996826 5.844631 5.893228 6.227206 6.360985 6.763465 7.199496 7.100529 6.944557
10.400665 8.958551 9.096772 9.551931 9.459240 15.484786 12.143131 11.413084 11.345555 18.054215 15.114965 14.949779 13.858541 7.982238 6.786783 7.990491 6.574631 6.802528 6.889300 6.774957 6.761128 6.959500 7.110801 7.269508 7.332346 7.791709 7.891199 5.998379 8.356866 8.793753 7.483064 9.650710 9.723067 12.974270 7.440614 7.478469 7.556628 7.147732 6.958420 13.159340 13.243339 12.876374 6.162545 6.209708 6.164671 6.368672 6.729119 12.953075 13.460634 7.185239 7.431343 7.650131 11.970151 7.907929 8.105682 8.199725 8.216991 8.372129 7.095877 6.520458 6.477899 6.775415
9.193255 8.851141 8.885926 8.790081 9.491135 9.029629 15.087787 11.407007 11.406271 18.147766 15.310864 15.352494 14.550320 7.710927 6.062838 7.676871 7.931033 7.965916 7.914343 7.882799 7.867415 7.956943 8.023923 8.235236 8.531995 9.056575 7.468837 7.572859 7.339048 7.171601 7.405031 14.475238 13.439994 6.277530 6.020538 5.765911 5.277480 4.665178 6.189334 11.440300 10.958779 7.287751 7.680660 7.008327 9.930024 11.082185 12.216796 12.825144 13.163319 6.527621 6.610922 6.597927 11.003452 6.557458 6.652463 6.813633 6.671774 7.137427 7.138093 6.472367 6.392738 6.604494
7.548569 9.263945 8.647274 8.839840 8.938951 9.346807 9.608678 13.838411 11.426926 11.368675 18.378662 15.612119 14.884065 10.489695 6.609256 9.846739 8.262326 6.967819 10.364880 8.038213 6.310406 6.346509 6.525540 8.877567 9.001052 9.479879 7.623861 15.424413 15.533537 15.397587 9.713926 14.154178 8.655959 6.889617 6.714011 6.271476 6.019056 12.031876 11.739559 10.746557 7.273579 7.019751 6.141565 5.890817 8.031939 8.166102 9.793235 11.816858 12.439750 3.588219 3.744124 3.993659 9.270602 9.432280 9.849554 10.133915 3.611749 3.631074 3.414735 2.889362 2.545404 2.754615
