geotop_simulations/templates/TEST_Venosta_3D_034_template/rec/SoilPressure0000L0004.asc
ncols         252
nrows         194
xllcorner     598250.000000
yllcorner     5144500.000000
cellsize      250.000000
NODATA_value  -9999.0
[rows 144 to 167 of 194, columns 54 to 107 of 252]
-1344.614731 -1119.785712 -1354.601728 -1307.646288 -1160.804093 -1166.747397 -1138.642438 -1173.181450 -1311.012824 -1390.654838 -1491.721755 -1526.967956 -1656.433510 -3043.851684 -3143.248708 -3226.416756 -3298.401875 -3359.648799 -3450.152104 -3374.958479 -3239.456387 -3036.937148 -2743.211645 -1384.301100 -1438.445524 -1520.857409 -1505.907049 -1485.194451 -1486.329173 -3002.105056 -3178.920825 -3340.553033 -3388.459634 -3314.126934 -3127.868577 -2816.508293 -2393.614153 -1835.818421 -1544.785609 -1140.432032 -1023.075327 -964.939916 -848.142767 -645.682230 -645.380704 -451415.526452 -239359.073908 -91499.903981 -829.638780 -989.956343 -1076.565163 -1139.400674 -1183.529872 -578.483792
-987.727304 -1051.919171 -1048.850526 -1118.193263 -1191.049093 -1230.038843 -1322.398304 -1380.448543 -1421.919755 -1549.323380 -1578.207421 -1582.271991 -3232.443203 -3324.088036 -3293.479630 -3322.436584 -3364.296400 -3478.646287 -3407.724035 -3312.047676 -3183.211784 -2983.811957 -2603.877590 -1369.338781 -1387.475316 -1386.001067 -1397.470328 -1433.742300 -1428.703086 -2719.481600 -3044.984113 -1669.105859 -1722.170595 -3357.179352 -3165.172759 -2902.022092 -2487.108466 -1895.843162 -1688.347491 -1163.083737 -1062.303570 -1010.524977 -832.371433 553.389339 -336247.532218 -116463.539016 -639.787877 -1133.220790 -912.880169 -1213.056876 -1138.605767 -1183.711251 -916.974752 -713.327865
-940.228687 -837.435438 -1017.802212 -1144.825732 -1209.797198 -1200.194285 -1310.041639 -1410.508788 -1471.676378 -3127.459141 -1663.222010 -3186.876636 -3223.829831 -3307.297104 -3343.449510 -3360.400070 -3534.587810 -3439.604395 -3338.264853 -3229.297442 -3076.137250 -1493.482090 -1415.591842 -1326.308680 -1326.835819 -1318.333179 -1316.454536 -1396.595978 -1450.080724 -1431.929846 -1475.201526 -3153.143828 -3293.998199 -3373.941183 -3163.669796 -2931.846125 -2559.978149 -2096.529728 -2388.829519 -2095.484846 -1306.930030 -1234.868963 -1105.561723 -908.060766 -853.474218 -1248.015226 -947.707133 -1191.947544 -1228.004827 -1233.955420 -1224.035583 -1043.558702 -895.802792 -634.657524
-803.143858 -1241.114179 -941.875408 -1136.541874 -1209.591159 -1171.691352 -1214.160963 -2111.091660 -2443.169150 -2906.966305 -2960.722084 -3078.898838 -2787.709310 -3089.085712 -3319.810239 2544.821404 -3224.339367 -3330.689229 -3211.245355 -3079.867369 -2915.726304 -2528.903919 -2060.839715 -1256.033429 -1275.383187 -1314.693681 -1338.491571 -1431.005612 -1488.471905 -1473.693499 -2732.125634 -3021.433745 -3202.058248 -3336.675993 -3108.823268 -2893.868000 -2531.852884 -2129.224700 -1650.880862 -2089.355369 -1475.125283 -1101.118313 -1235.492249 -1068.932428 -1079.890728 -1176.372232 -1215.680368 -1262.527540 -1338.387820 -1295.844898 -1032.603963 -921.553868 -609.472373 -406.818294
-595.791442 -639.675156 -888.685025 -1115.176574 -1194.849917 -1149.902254 -1130.855849 -1170.089606 -1193.192789 -2160.652400 -2535.000638 -2065.110075 -2383.888175 -2576.115415 -2862.366428 -3360.153994 -3381.947698 -3202.859798 -2959.934317 -2787.083625 -2693.215525 -2515.161579 -2267.831029 -1409.100667 -1423.942867 -1432.912223 -1302.152583 -1343.527384 -1415.605085 -1416.195823 -2568.748714 -2898.204256 -3123.099420 -3218.602735 -3027.635188 -2822.103666 -2491.115626 -2129.321445 -2478.200187 -1867.780378 -1493.452032 -1101.821792 -1127.648487 -1112.582333 -1198.382962 -1176.358903 -1382.925697 -1402.203338 -1355.775555 -1223.692555 -1003.913104 -937.938290 -259636.435676 -217705.088183
-581.659523 -606.662167 -721.302953 -1105.214214 -1154.066808 -1177.704575 -1191.433069 -1294.962538 -1374.983629 -1372.972807 -2840.833092 -2970.188003 -2506.459039 -2776.227953 -2994.128747 -3207.205180 -3379.096778 -3122.258715 -2872.900782 -2718.921343 -2497.197536 -2997.633177 -3014.492738 -1395.576145 -1373.049677 -1328.644331 -1255.627839 -1241.326452 -1330.347877 -1377.807175 -1422.184052 -2792.706911 -1623.331686 -3201.220041 -2999.946894 -2818.617481 -2522.923912 -2189.561651 -1756.360590 -1904.657336 -1428.691883 -1267.542651 -1559.331664 -1162.744639 -1215.530361 -1339.348658 -1414.884643 -1402.171915 -1270.878445 -1160.432043 -1010.695743 -1255.284730 -340344.566653 -223340.908809
-1140.376296 -1021.599532 -1084.741742 -1154.205086 -1201.043179 -1218.890458 -1298.078437 -1406.257367 -1476.713570 -1525.752731 -3107.612669 -3147.227120 -3211.192923 -3217.202141 -3459.596051 -3464.174243 -3317.304236 -2991.715696 -3138.295335 -3147.200268 -2613.550576 -2345.161769 -1370.500886 -1263.029250 -1198.934273 -1205.633864 -1210.331878 -1212.225910 -1288.739312 -1339.095988 -2867.880869 -2530.904032 -1550.269583 -2995.526069 -3011.384355 -2836.108180 -2579.911314 -2292.390742 -1885.376454 -2209.779709 -1624.430976 -1433.192524 -1503.732981 -1301.786954 -1330.567725 -1383.892071 -1418.573521 -1710.615723 -1538.559582 -1203.258004 -1055.352489 -1357.347103 -477010.564920 -194142.097009
-1194.924863 -1089.633518 -1117.387489 -1186.101694 -1252.214109 -1309.353608 -1359.486221 -1388.444696 -2799.456048 -2951.415223 -3001.169187 -3017.974840 -2814.290472 -3111.697562 -3286.011618 -3373.206801 -3261.237677 -2875.555431 -3048.502405 -3055.582769 -3016.412558 -1433.007844 -1347.376772 -1253.347443 -1180.124239 -1199.373155 -1205.741238 -1207.283456 -1273.742849 -1315.163267 -2761.754337 -2862.514139 -2606.986780 -2863.218087 -3029.621161 -3068.397873 -2626.215381 -2419.028082 -2082.462210 -1685.836385 -2054.338513 -1647.350802 -1600.791610 -2217.174972 -1418.281172 -1469.105947 -2168.328787 -1357.636132 -1396.022533 -1122.721040 -1051.967246 -1233.875759 -510739.141243 -220310.566452
-1312.152144 -1277.575131 -1264.162940 -1292.568269 -1371.428713 -1447.031381 -1480.686078 -1516.447889 -3032.104719 -3092.469042 -3135.477117 -3178.074734 -3215.367898 -3139.843716 -3272.936567 -3352.271487 -3243.367428 -2780.926013 -2478.892689 -2595.015086 -1342.389797 -1352.985815 -1311.564332 -1265.989956 -1231.581439 -1312.842806 -1306.764963 -1333.913513 -1402.963141 -1393.407991 -1377.063723 -2820.187379 -2458.314447 -2647.749811 -2754.175050 -3083.649918 -2696.398960 -2562.839042 -2272.620233 -1907.196311 -1640.906279 -2272.419056 -2355.125531 -1572.031534 -2794.986358 -2471.355213 -1695.784981 -1392.776466 -1186.955082 -1115.308832 -1034.754500 -870.643899 -475650.375777 -231558.207012
-1176.312341 -1262.601807 -1385.424374 -1427.598220 -2915.629555 -2935.914480 -3036.863363 -3110.036001 -1625.988778 -3199.526940 -3242.896994 -3271.788664 -3273.938378 -3147.511097 -3266.060469 -3268.225333 -3151.567806 -2792.763448 -2852.778731 -2474.343200 -1270.974884 -1258.097608 -1241.266509 -1183.117636 -1177.199571 -1278.599992 -1235.890006 -1253.901163 -1340.844429 -1353.666136 -1297.515927 -2563.146310 -2786.262844 -2892.552227 -2546.126296 -2599.467352 -3050.947512 -2636.283079 -2434.570557 -2167.316441 -1943.821455 -1788.945113 -2750.268534 -1903.231482 -2613.917859 -1495.698610 -1304.038112 -1238.881207 -1149.123523 -1102.456316 -1524.256129 -1110.446986 -316779.882164 -169706.438599
-1198.232851 -1338.637276 -1443.529216 -2893.095806 -2929.979378 -3016.699721 -3062.830385 -3104.452352 -3152.902965 -3190.459489 -3202.199142 -3199.769685 -3089.221798 -3163.620360 -2260.581644 -3200.610340 -3116.236958 -2797.610887 -2975.901275 -1361.076138 -1314.898039 -1220.794453 -1090.907757 -1042.567766 -1037.794473 -1109.946761 -1151.288762 -1121.013324 -1173.112954 -1237.168023 -1273.814394 -1296.754534 -2686.225033 -1400.830864 -2372.925330 -2918.517984 -3085.193115 -3167.562454 -3092.420934 -3020.213844 -2254.158305 -2146.186634 -2147.851225 -2817.131652 -1720.816089 -1435.800858 -1410.717159 -1184.655569 -1121.832901 -1097.961126 -1009.717015 -1046.702877 -144827.642326 -438.962700
-1015.421386 -1036.570537 -1056.278804 -1069.203948 -1227.678831 -1202.021275 -1317.006118 -1365.865426 -1129.650836 -2164.624174 -1626.600037 -2985.253935 -2953.238700 -3031.486044 -1817.553235 -3057.031786 -2722.232991 -2685.752458 -2955.208733 -2842.164108 -1340.756769 -1197.661404 -1036.816832 -1006.629208 -881.980954 -973.216298 -1103.809593 -1101.981729 -1168.100348 -1367.604166 -1407.458221 -1362.963262 -1329.782276 -2554.103600 -2576.408520 -2163.027130 -2299.098147 -2852.741852 -1244.963395 -3074.608050 -3049.066871 -3039.361491 -2309.134010 -2069.543597 -1702.137804 -1469.864656 -1250.782810 -1199.688357 -1123.775985 -1049.139307 -1244.073743 -1126.317490 -788.913514 -439.668122
-933.441908 -936.745710 -937.348160 -958.935500 -998.035313 -1085.834500 -1215.501433 -1261.856599 -1332.023976 -2646.121913 -1509.986221 -3019.736663 -2562.210450 -2753.443662 -1760.752474 -2110.866565 -2509.974482 -2272.353068 -2604.063939 -2504.700149 -2211.278491 -1211.765791 -1055.482092 -896.639471 -292.975549 -484.608307 -1016.443687 -1106.340164 -1237.562677 -1420.293648 -1399.384157 -1345.445772 -2504.228962 -1290.040607 -1821.787060 -1841.697718 -2330.278553 -2033.301421 4528.173338 7357.851613 -3030.582516 -2984.576291 -2286.468396 -2034.567567 -1741.649897 -1502.618123 -1426.637111 -1177.700423 -1148.967722 -1216.059796 -1114.395776 -1005.064499 -1010.647955 -613.462825
-781.793945 -788.593167 -884.547534 -973.996855 -1023.845387 -1125.903839 -1260.596072 -1294.461896 -898.999910 -1081.298138 -1333.596404 -2437.383030 -2076.117029 -2159.663693 -1307.956587 -2217.346859 -2288.038182 -2021.760636 -2334.023606 -1295.411294 -1272.500055 -1977.092042 -1110.021543 -1116.482171 -1036.511964 -1206.100536 -1115.872305 -1130.497749 -1272.681798 -1287.381925 -1293.589350 -1292.299949 -1281.278410 -1962.007730 -1810.074997 -1854.056721 -2025.451786 -2175.174481 -1896.357921 -1984.596333 10272.657070 -2898.658030 -2739.513170 -2030.409027 -1728.378723 -1440.741770 -1414.107429 -1204.413643 -1186.480704 -1195.633281 -1189.528907 -1068.975225 -1044.458990 -1210.017388
-719.550329 -793.374808 -856.157786 -950.867443 -997.654692 -1021.692754 -1212.797032 -711.317929 -779.791890 -892.456959 -1122.704094 -1498.688294 -1554.968995 -1748.181138 -1063.573837 -2015.750088 -2511.030019 -2260.163346 -1456.642922 -1138.845861 -1135.069624 -1073.832159 -1068.930540 -991.011286 -921.933015 -1129.607679 -1106.550848 -992.188301 -1061.650655 -1155.498712 -1155.580148 -1155.459471 -1174.980803 -1372.256095 -1476.321889 -1609.169721 -1735.635353 -1968.764924 -2104.267429 -1771.181986 -1910.398717 -2183.707663 -2671.142243 -1998.081046 -1718.940797 -1493.677184 -1324.305111 -1253.377842 -1260.879091 -1250.922098 -1634.602521 -1142.910532 63839.122790 -1330.765073
-557.104022 -565.976142 -625.213836 -644.928412 -763.304410 -817.615818 -1000.174420 -582.491613 -678.936802 -1029.381037 -1070.727123 -1087.521442 -1059.514152 -1427.127227 -1009.086588 -1425.218434 -1274.841446 -1959.145940 -1125.384125 -1040.909470 -999.419018 -1050.600302 -779.060601 -223410.320832 -292614.192982 -185839.384256 -346466.003059 -751.121963 -752.776851 -986.073666 -1002.170477 -1039.470793 -1056.318475 -1103.242675 -1158.314766 -1202.001975 -1571.426890 -1728.315475 -1908.797422 -1653.201049 -1713.223321 -1331.313880 -1226.177908 -2022.594069 -1760.951474 -1567.521137 -1453.212670 -1723.643826 -1618.849894 -1494.934444 -1188.135490 -1509.709217 110244.643480 -1481.000974
-504.936993 -328.521303 -362.614354 -387.374638 -420.488981 -601.406126 -835.221908 -500.726643 -849.287353 -847.547899 -1014.383411 -978.781120 -1020.803507 -1317.998093 -883.071654 -940.090031 -1207.583100 -1216.072343 -1134.556585 -1044.947723 -862.222267 -1184.536156 -413147.707388 -318663.990428 -218433.787653 -173095.094366 -212642.129443 -374237.192661 -516.520888 -683.433749 -961.421174 -993.123755 -1069.197446 -1136.077155 -1200.094862 -1215.812272 -1205.151996 -1197.866346 -1427.209989 -1527.440425 -1597.697966 -1740.939243 1519.454369 -2532.877357 -1835.644565 -1693.161441 -1620.882944 -1539.491598 -1998.757726 -1779.372151 -1248.802385 -1240.721450 -1218.325926 -1484.042217
-9999.0 -294.019151 -282.285101 -192.892752 -53.505279 -386.768241 -637.807973 -449.299299 -707.425016 -857.947358 -429959.018182 -806.463589 -995.218785 -1009.888650 -762.269087 -858.344693 -1108.119432 -1137.300445 -1154.021407 -1149.972907 -518.585452 -446527.709159 -228990.164028 -200634.830673 -168678.486656 -65540.049642 -172358.381902 -174221.708841 -243357.332157 -340790.740325 -911.371625 -1005.483150 -1118.607441 -1196.840915 -1218.054678 -1194.099344 -1179.985460 -1172.366161 -1172.968360 -1452.748832 -1412.094297 -1851.068245 -1143.872825 -2538.833124 -1934.496849 -2369.057446 -2350.505248 -2219.606552 -1912.555413 -1464.329427 -1222.101263 -1188.259546 -1270.216971 -1429.465798
-9999.0 -115084.293913 -97236.499588 -82954.607559 -137399.816184 -198.140452 -437.289628 -376.098394 -585.738962 -708.699402 -924.431919 -761.333338 -765.171015 -859.356008 -712.168841 -994.973973 -985.116255 -1021.954766 -1065.656190 -1124.735644 -1177.200975 -278327.858922 -122679.956351 -72155.237815 -62939.885862 -54683.438591 -124363.958099 -174361.375799 -189449.285622 -226969.989236 -467.525878 -818.012356 -1003.556352 -1076.948124 -1098.074669 -1076.732332 -1066.346169 -1090.475430 -1065.667267 -1164.536256 -1327.120903 -1683.370442 -1133.674407 -2382.637626 -1688.198807 -1782.452485 -1679.149524 -1582.100203 -1395.408710 -1208.205570 -1181.561245 -1237.166982 -1392.683282 -1383.192797
-9999.0 -9999.0 -98542.058010 -107951.125768 -245186.970808 -172.523740 -336.620671 -274.254367 -386.605589 -368.626921 -807.013158 -538.701715 -636.388885 -763.961757 -651.826655 -967.948277 -927.675095 -915.054792 -900.533192 -1012.452744 -1045.174917 -1195.063326 -105609.022949 -71723.448021 -58194.706986 -48725.003191 -56076.433858 -67786.568256 -141225.145006 -187221.746896 -327.197070 -312.443627 -381.754738 -815.069889 -894.979323 -965.573472 -983.994040 -1008.967386 -1100.630007 -1093.867952 -1311.970824 -1647.531493 -1963.329757 -2175.686627 -1722.911567 -1226.053686 -1188.657828 -1233.706417 -1130.710123 -1171.959433 -1218.569165 -1248.016466 -1523.539839 -1305.122448
-9999.0 -9999.0 -41244.250311 -191315.788912 -113.494198 -360.889544 3.497483 8.401668 -0.888614 -342282.323353 -129492.513008 -60.600724 -290.825777 -580.886538 -548.798352 -820.022413 -822.128227 -671.855261 -578.600068 -484.771151 -852.927945 -532.068554 -541.346067 -181552.032600 -144090.933447 -49655.471818 -45188.962034 -51901.195796 -58776.182840 -159852.606835 -197205.254089 -235883.768968 -384627.481465 -239.745937 -585.372174 -947.053445 -932.974141 -1023.660331 -1070.786446 -1151.255835 -1363.496350 -1637.619124 -1939.578385 -2078.630972 -1260.103270 -1225.503984 -1167.101059 -1140.008766 -1181.968545 -1258.594517 -1557.700970 -1666.511828 -1606.116660 -4551.995457
-9999.0 -9999.0 -9999.0 -41958.615993 -93521.783054 -113473.053854 -518444.219795 -32.390959 -11.913292 -298923.841354 -113368.154886 -35.815849 10.488358 -358.776508 -199.857093 -540.934299 -604.806760 -400.618258 -418.772246 -140.981128 -273.021289 -321.089281 -561.746706 -229841.250040 -178501.848594 -55777.123778 -48231.561055 -55835.020314 -65268.510569 -61417.049806 -150787.148459 -181484.700669 -227629.179743 -280214.259599 -488049.112449 -679.624326 -1012.155098 -1096.026795 -1092.453553 -1123.588487 -1323.665275 -1544.897180 -2007.742578 -2154.972260 -1283.840074 -1193.545800 -1172.676901 -1193.690930 -1524.165670 -4175.160453 -171136.186922 -202746.331520 -214725.795482 -228806.532659
-9999.0 -9999.0 -9999.0 -79778.790409 -76135.028486 -97337.578364 -119420.329592 -374503.132178 -239571.430175 -96733.827623 -93407.202638 -4676.872170 19.882521 -402.678967 -8.893194 -291.643337 -393.795930 -364.913915 -175736.538052 -95670.097853 -111377.284307 -164105.040346 -503692.252294 -274990.814912 -198806.734274 -153310.075728 -50208.734498 -620100.580695 26.537777 -225.832212 -170.114478 -102398.348414 -94131.789727 -171548.461452 -633.813740 -910.822704 -1221.163837 -1228.949025 -1178.522293 -1136.825880 -1280.779611 -1491.573967 -1968.595553 -2157.029834 -1607.679767 -1243.579483 -1171.277483 -1235.695106 -1542.734845 -2932.487603 -156992.340097 -244616.454822 -219251.910324 -218609.888933
-9999.0 -9999.0 -9999.0 -9999.0 -60645.798622 -80983.855897 -102547.555662 -110461.831028 -109740.591282 -81860.903461 -76050.842911 -91918.187704 -374.052405 -354.871418 -6786.963979 -389359.331312 -166995.977643 -121340.614454 -97354.713807 -82966.722341 -75642.887663 -81382.950966 -83116.574311 -127043.502245 -190327.444619 -173859.995712 -53272.122124 -17527.178278 -6.422878 -170.487374 -305.318044 -443.222590 -938.280689 -1259.947032 -1241.541255 -1234.881483 -1247.266443 -1427.296641 -1238.726734 -1196.910515 -1347.983713 -1586.976356 -1306.255597 -1320.168638 -1486.528006 -1198.030248 -1143.115380 -1159.538328 -1384.812779 -905.578010 -821.663905 -1800.207086 -255377.115590 -475756.082369
