geotop_simulations/templates/TEST_Venosta_3D_034_template/rec/SoilPressure0000L0006.asc
ncols         252
nrows         194
xllcorner     598250.000000
yllcorner     5144500.000000
cellsize      250.000000
NODATA_value  -9999.0
[rows 120 to 143 of 194, columns 110 to 164 of 252]
-1248.329421 -1220.482288 -1202.075120 -1179.073388 -1145.259694 -1098.800132 -1216.996530 -1193.419169 -1234.061706 -1235.603114 -1222.508142 -1200.884346 -1200.179475 -1200.914332 -1207.781484 -1224.270699 -1232.960440 -1303.959204 -1256.791701 -1006.223368 -981.970029 -949.663964 -1073.701555 -1050.208339 -1034.530783 -1019.024076 -997.626780 -975.063023 -941.410203 -882.688995 -801.626160 -908.333812 -817.858831 -656.665603 -470.504966 -479.445423 -590.705353 -536.555843 -503.759486 -496.881056 -432.005003 -400.786136 -408.674016 -404.491026 -408.325584 -420.773583 -426.069888 -440.925777 -513.792265 -598.301895 -657.648073 -731.017868 -777.525464 -864.813626 -995.887606
-1218.567065 -1183.925078 -1162.242706 -1147.959852 -1115.780682 -1062.336085 -1146.076365 -1108.272906 -1170.447383 -1184.999051 -1154.850134 -1120.015672 -1126.117791 -1136.383679 -1149.959640 -1174.940697 -1166.375742 -1260.775853 -1216.404981 -1012.239732 -1011.469855 -988.270221 -946.282948 -1027.811461 -1001.251508 -986.045480 -963.196867 -934.515911 -881.832069 -882.812668 -764.354491 -920.541976 -826.967206 -669.767571 -484.491261 -505.254523 -623.662224 -585.558436 -531.814835 -514.551642 -450.644922 -465.118905 -454.845990 -419.333294 -455.168636 -442.236289 -452.008025 -486.632055 -573.027098 -652.131901 -711.111410 -765.753523 -770.681556 -839.274735 -978.809490
-1202.605289 -1166.624416 -1127.023712 -1109.002386 -1070.868067 -1005.229014 -1102.251437 -1064.422713 -1102.684119 -1100.293493 -1069.191832 -1038.158452 -1059.230604 -1083.655333 -1096.548622 -1113.900265 -1092.566031 -1204.400393 -1175.051628 -1137.730823 -993.037550 -971.756681 -1019.449161 -984.239027 -954.700095 -924.147842 -920.626822 -884.734564 -818.546226 -817.121123 -728.701161 -868.818752 -790.414075 -668.535333 -526.235569 -548.507847 -630.361976 -618.495075 -573.813903 -554.112732 -499.411735 -475.922364 -449.078882 -453.995566 -511.889985 -496.535484 -513.442236 -551.704524 -627.025192 -692.211232 -745.191287 -785.284378 -783.125927 -843.328927 -928.545512
-1185.104664 -1137.300558 -1106.825655 -1068.946372 -1009.833180 -947.275344 -1034.986110 -997.443775 -1028.886567 -1036.546697 -1020.991071 -1019.364226 -1039.324626 -1064.599893 -1078.820381 -1078.660644 -1046.224041 -1188.911198 -1124.960590 -1081.381944 -965.969662 -1015.177792 -976.753161 -927.236602 -882.406437 -859.885668 -872.123178 -838.777801 -750.628902 -795.160859 -729.110397 -856.722898 -775.216774 -667.822290 -552.274966 -560.862971 -626.704076 -632.912707 -599.685676 -582.976231 -550.203673 -514.733266 -496.503595 -558.818060 -579.526705 -554.441387 -569.911180 -612.074673 -674.742394 -721.965722 -755.607363 -781.867685 -800.646849 -866.489329 -923.133045
-1157.757362 -1074.964740 -1052.802589 -1035.102344 -961.499459 -891.400362 -958.245584 -936.186204 -963.170891 -990.111800 -973.554324 -996.748397 -1023.594770 -1039.552644 -1057.995820 -1027.580462 -992.545056 -1170.943922 -1059.702047 -1023.173235 -995.936559 -964.721861 -929.754208 -870.270150 -800.018441 -785.703621 -840.481593 -805.993596 -687.665401 -799.506200 -722.447450 -823.857208 -770.488651 -659.710301 -558.878806 -569.109024 -631.036730 -634.866474 -637.280835 -616.391231 -593.501348 -575.449128 -600.450263 -603.925106 -623.851567 -633.203275 -647.895311 -677.671062 -724.338166 -754.184818 -777.336891 -805.368233 -839.249334 -889.125851 -900.282238
-1071.326960 -1003.559183 -998.892245 -993.225507 -907.737138 -781.401287 -729.494470 -856.074657 -885.757473 -914.531663 -899.255972 -919.045320 -945.585011 -975.792336 -1001.979780 -963.020720 -973.139958 -1097.084412 -1002.508331 -973.456532 -945.462594 -913.136019 -871.709610 -801.761702 -755.209953 -741.785216 -781.300962 -755.617975 -638.626779 -721.008615 -701.959618 -783.259635 -719.153174 -649.686967 -561.506281 -561.540210 -613.820164 -671.405339 -653.807097 -629.394990 -613.464006 -607.635749 -607.156630 -617.058881 -637.349385 -688.938324 -718.248742 -726.201798 -739.758129 -778.992225 -810.087680 -834.460433 -856.914272 -882.588796 -852.416109
-1030.921394 -928.334593 -909.783947 -896.551246 -854.531923 -742.287512 -687.241466 -786.927363 -788.033527 -803.981213 -818.101432 -834.087820 -864.145934 -918.620352 -948.937671 -933.996079 -984.715610 -1053.603548 -956.127318 -924.505013 -891.054643 -858.974060 -811.397562 -781.757677 -779.980301 -758.480186 -778.471130 -760.238279 -591.978474 -682.159377 -677.866960 -743.351011 -694.785081 -616.675911 -553.195024 -556.437863 -642.685661 -639.714805 -633.895178 -620.776768 -616.638251 -626.427353 -644.657005 -665.179844 -689.634013 -737.797863 -760.101610 -758.034631 -774.267242 -832.223574 -848.501699 -852.061030 -932.490788 -855.127574 -936.422789
-1002.971929 -883.253575 -879.477014 -860.721700 -825.018835 -714.133267 -757.850058 -781.925236 -782.458374 -790.257032 -803.467472 -813.081879 -857.362039 -897.908960 -924.715259 -916.252858 -1031.599521 -1020.003471 -916.073161 -873.698426 -823.421197 -824.559046 -792.050139 -787.450016 -767.132801 -760.341093 -751.544082 -749.961787 -550.988259 -645.022478 -685.654759 -712.965807 -663.934208 -628.229921 -622.101594 -626.692512 -631.136086 -603.147749 -599.681904 -607.611621 -623.948502 -643.467153 -668.614806 -696.987883 -720.135152 -745.339963 -755.701804 -776.387560 -829.962764 -873.069468 -870.027133 -938.530232 -891.403865 -847.105129 -1040.767209
-912.525726 -832.640119 -833.163295 -793.087457 -744.441368 -651.552174 -690.821754 -726.354692 -713.748679 -707.228338 -770.849631 -790.405036 -889.065808 -893.165549 -915.356660 -885.806803 -1051.068601 -962.372893 -865.651803 -814.454718 -805.122215 -765.036549 -737.322457 -742.657470 -744.101574 -729.750626 -708.698720 -739.662760 -529.633970 -623.972395 -665.892193 -678.968933 -663.014858 -628.956349 -593.283709 -574.276014 -536.243463 -576.120582 -573.681674 -548.204087 -601.648007 -644.233350 -674.830205 -702.425084 -719.402299 -738.699713 -787.333889 -860.999813 -906.638220 -879.635087 -901.247269 -957.271905 -730.475283 -968.737669 -1132.903992
-825.788792 -816.359088 -745.053792 -688.559094 -677.463580 -557.998321 -606.867100 -649.209541 -697.783685 -628.370887 -640.523322 -669.754602 -933.653973 -974.793014 -926.427608 -917.653398 -1049.858810 -939.397879 -825.859988 -791.538363 -732.627202 -704.803337 -690.547283 -692.813663 -683.803142 -697.815488 -717.701404 -640.361644 -566.171974 -639.731109 -701.589012 -620.996007 -531.035313 -557.952885 -588.152115 -708.469480 -704.317799 -622.626719 -661.150780 -703.983079 -560.028742 -625.488406 -658.813549 -694.955891 -740.846304 -823.896442 -898.734088 -1009.374971 -1012.821789 -1005.580128 -992.845594 -959.119928 -931.944420 -1057.337390 -1196.341022
-827.219400 -751.339491 -655.478856 -612.729642 -604.072772 -543.744013 -573.410013 -591.800351 -626.154785 -645.241225 -667.797517 -685.235765 -953.849917 -897.801027 -959.133038 -960.868921 -1037.986453 -934.349915 -837.017198 -808.949522 -647.104945 -618.243112 -651.520927 -688.037494 -568.973884 -548.251279 -657.612807 -584.687978 -549.402612 -604.028844 -690.684670 -571.837186 -708.759154 -565.680860 -579.804678 -619.817599 -609.410816 -641.067183 -661.330220 -674.734398 -685.084759 -689.199861 -781.514006 -828.721544 -888.795290 -878.289970 -1006.777437 -1010.349045 -1022.693587 -1034.994766 -1025.334779 -1001.878074 -1048.134096 1165.920328 -1176.406816
-786.549640 -667.777771 -591.289527 -597.954981 -568.775869 -534.362197 -518.683988 -570.708873 -625.497245 -647.553007 -670.297033 -961.427574 -993.450881 -1013.914838 -1020.546706 -1010.097874 -1017.783580 -929.254669 -860.535076 -662.335563 -649.123545 -609.013511 -561.558127 -496.942915 -418.508836 -523.692277 -539.553536 -546.863466 -538.284879 -600.719681 -563.026321 -563.925463 -839.336293 -808.847347 -567.126272 -618.687266 -666.470534 -693.205922 -941.245849 -953.128735 -972.377917 -990.665858 -998.688616 -1008.076996 -1018.433726 -1016.161398 -1013.033061 -995.745803 -1042.652670 -1062.441774 -1062.341978 -1062.069510 -1005.713195 -1113.661697 -1147.438550
-577.638278 -585.709825 -536.951069 -512.498313 -524.228136 -514.509425 -499.845000 -579.191369 -608.791038 -658.545755 -676.435810 -971.771329 -992.359628 -1003.504193 -1018.086900 -1031.806381 -867.466166 -810.931244 -821.547492 -732.922109 -611.257756 -568.138373 -534.002499 -302.406828 -259.520727 -388.652508 -491.822551 -499.970178 -522.324873 -555.621284 -567.824762 -761.868644 -644.659167 -571.168807 -615.756977 -658.066749 -936.462124 -951.491165 -975.935776 -968.473854 -981.129574 -1005.660552 -1021.093465 -1029.788335 -964.675643 -978.933549 -1015.360919 -1082.325899 -1006.995654 -1014.488408 -1201.818787 -1027.876586 -1003.354080 -1031.442390 -1088.872228
-501.306162 -818.240994 -289.925771 -850.058044 -373.543156 -561.105759 -601.891268 -650.188147 -682.765203 -688.415118 -712.088692 -989.324335 -1001.630224 -942.213452 -965.490268 -835.362936 -812.397178 -772.839715 -789.989683 -719.465812 -592.437848 -556.973482 -354.666363 -231.627192 -217.101464 -252.138920 -428.416356 -488.885511 -508.020897 -563.440604 -576.896654 -649.116176 -633.563625 -633.806344 -666.847108 -700.058060 -948.350740 -970.429616 -1006.541527 -1013.869225 -1029.530279 -1046.386805 -1060.369789 -1039.081573 -1071.876557 -1015.245637 -1016.388154 -1026.413435 -1089.543304 -1104.411015 -1026.802508 -977.927999 -966.034679 -971.492632 -1014.743694
-457.907633 -346.962684 -3032.886302 -326.162818 -203.126526 -423.875734 -573.145789 -608.707725 -667.819217 -705.934464 -726.942512 -1000.435280 -1014.705667 -1018.571752 -984.917526 -844.502585 -761.677762 -730.195679 -794.141060 -635.642538 -690.799511 -640.992432 -611.848555 -606.068906 -610.468995 -541.323307 -496.804139 -517.242256 -525.956948 -580.222855 -589.071846 -629.906782 -657.364140 -662.847360 -691.642845 -967.047322 -977.619185 -974.831411 -992.009851 -1024.398953 -1047.759705 -1057.443732 -1079.924658 -1118.090084 -1036.251452 -1026.754865 -1031.528745 -1101.568615 -1104.162798 1000.660081 -891.236907 -985.844077 -913.894906 -908.945799 -940.735614
-411.979375 -232.907517 -206719.456383 -152842.206307 -68908.446844 -328.667998 -528.414294 -580.047258 -728.953347 -770.935415 -911.306557 -984.625241 -1013.338081 -969.338516 -1022.559221 -807.733900 -722.868517 -743.599186 -676.340571 -516.361076 -538.002553 -668.957815 -640.499063 -614.922144 -577.955677 -474.310250 -465.376420 -484.757373 -531.564416 -584.698745 -583.843985 -661.731643 -666.134016 -668.396213 -956.936126 -987.779682 -993.840742 -982.158639 -967.619267 -925.376884 -1024.161228 -1012.931360 -1020.286344 -1031.297800 -1034.052987 -1031.535232 -1105.769937 -1102.545100 4219.359128 -1023.017686 -870.638447 -939.333812 -896.161213 -859.574574 -861.692352
-402.447924 -190.603297 -111697.906345 -68754.137167 -127894.285963 -91.400510 -471.204449 -567.613661 -596.086519 -707.743841 -817.913028 -931.372985 -943.512652 -913.117405 -885.868040 -792.587653 -716.142650 -624.593284 -460.558677 -474.926489 -399.653220 -364.654945 -393.022622 -407.917324 -363.705063 -405.923938 -404.627510 -445.545301 -535.832441 -658.595060 -675.272338 -680.179930 -680.621459 -702.915445 -726.829660 -1020.374461 -1033.108845 -1033.847121 -955.793149 -946.913477 -1007.669523 -1098.855766 -1024.516328 -1033.496419 -1033.451411 -1041.619709 -1113.567699 -1077.394308 -938.591686 -1008.019019 -920.710297 -858.733005 -880.168378 -866.181641 -828.488008
-334.212746 -307.600127 -239.729438 -296.130244 -359.975044 -461.394873 -498.105943 -591.847724 -685.902350 -706.960643 -802.018121 -916.836613 -932.523649 -941.478729 -895.594313 -756.330488 -774.540121 -617.085711 -490.907112 -1431.204662 -217.040063 -97.575916 -90.241846 -137.134551 174.308404 -315.383268 -410.058990 -465.255524 -557.109910 -615.557703 -666.022076 -683.936057 -702.034711 -726.984749 -1024.574301 -1034.639544 -1043.057358 -1053.885818 -1036.239669 -1037.275494 -1061.226077 -1114.914895 -1019.957749 -1034.185982 -1035.654232 -1049.470290 -1252.898950 -996.935165 -1079.433787 -988.319372 -907.772687 -795.594903 -774.258612 -824.235459 -808.794563
-45169.542382 -42159.259864 -63181.329361 -408.090345 -448.831751 -537.914924 -578.812004 -607.313385 -633.691329 -645.497415 -830.728234 -905.300472 -922.042343 -796.159469 -712.336846 -724.687098 -595.917912 -568.273280 -439.503478 -2285.597799 108.350899 -277905.194100 -263413.898828 -63325.633090 -69413.199053 -123.397730 -443.445373 -499.550349 -562.974981 -602.464359 -638.608796 -660.747596 -926.350211 -952.855294 -935.604590 -957.767703 -977.189678 -998.041472 -1092.904195 -1077.510553 -1023.846650 -1033.550355 -1032.215533 -1041.916147 -1043.426237 -1049.664052 -1016.954995 -970.840154 -1072.502686 -1001.174061 -925.662295 -817.148139 -718.916375 -718.439423 -762.060632
-37667.184763 -35924.907240 -60458.168563 -244.788707 -476.642418 -535.205704 -551.515977 -597.323239 -632.432636 -720.834299 -735.045493 -782.661896 -829.957597 -716.288861 -764.932403 -683.400032 -620.719896 -596.429814 -506.028413 -402.941974 -251.828706 -74474.854395 -48839.330607 -53660.884290 -111909.925952 180.247179 -489.663113 -548.795184 -559.859556 -588.391586 -627.431497 -643.952686 -649.513370 -650.119020 -643.816452 -776.378564 -772.454613 -771.302587 -837.281881 -882.036202 -961.244086 -938.502827 -943.013482 -950.081570 -988.945363 -1287.892197 -1219.888910 -1137.114453 -1062.652708 -992.589900 -921.955812 -854.025140 -733.708137 -684.529405 -684.296689
-36209.493477 -3535.628554 -8.196318 -167.101178 -270.527555 -491.527746 -534.290963 -560.498809 -593.530109 -617.369649 -652.792371 -764.991103 -635.060788 -697.035782 -743.521431 -667.675482 -636.522186 -615.316214 -621.811235 -552.039867 -426.089287 -202.231111 -35289.485017 -297.762588 -327.928969 -491.405449 -532.713608 -573.544219 -582.605067 -594.968975 -619.122553 -639.449974 -652.233834 -659.001598 -670.617574 -687.670571 -885.771490 -917.563417 -985.904355 -1066.062408 -1002.684407 -954.480444 -962.251411 -966.474493 -986.544010 -1285.457659 -1231.844148 -1147.369175 -1052.385220 -970.658906 -938.059472 -880.693164 -751.855681 -716.307677 -676.610099
-40981.434367 -48284.717081 -34734.231705 149.702623 -114.554400 -397.454456 -504.153651 -518.094260 -553.688110 -534.726583 -553.766811 -689.588427 -561.834812 -649.743010 -710.930227 -590.291148 -671.430859 -555.942725 -576.553011 -611.233782 -623.458892 -615.709365 -637.692094 -572.066239 -569.383195 -575.983049 -564.516886 -595.197196 -635.943571 -669.920603 -691.993790 -669.288161 -672.128346 -685.563651 -708.472040 -735.578107 -752.518162 -1072.301929 -1122.050425 -1160.581058 -1216.480021 -1077.664398 -979.211031 -1019.096740 -1344.383335 -1309.742882 -1221.595458 -1134.928897 -1045.894546 -965.345451 -920.971298 -859.861802 -767.541864 -708.783643 -660.136736
139.289217 -28857.263342 -46280.048366 144.577296 167.825151 -55.739050 -271.541685 -428.124895 -493.372315 -514.975463 -536.369327 -621.369239 -533.569498 -646.591124 -536.817678 -486.807532 -547.681083 -605.293291 -736.107777 -520.751418 -585.548815 -632.781580 -646.012699 -660.080521 -638.939013 -614.628343 -599.520220 -612.480112 -655.042281 -696.115374 -724.906120 -747.969072 -772.548368 -785.724088 -788.576988 -787.236897 -1101.833383 -1101.071526 -1170.145819 -1176.924727 -1210.046603 -1243.657952 -1058.799465 -1327.706348 -1337.722476 -1279.635184 -1224.097439 -1155.652065 -1099.997447 -1082.287727 -1031.684709 -950.460654 -860.868882 -821.301051 -651.604638
-171.148038 136.607034 -2446.011369 -96002.040435 138.825818 173.162122 -157.847732 -361.306229 -456.286378 -550.019162 -673.420761 -530.918331 -616.066641 -547.578637 -472.813125 -153.440661 -1010.178957 -924.658296 -1282.184246 78.081577 -542.624187 -650.526082 -662.003345 -667.144789 -653.129837 -642.621177 -641.317712 -647.444902 -676.867954 -712.904610 -1042.790928 -749.583663 -774.207772 -1096.690799 -1101.678547 -1106.064985 -1199.467608 -1221.463817 -1235.561520 -1212.305920 -1222.768690 -1262.940841 -1344.062777 -1287.978168 -1241.110108 -1222.115949 -1272.919164 -1238.376457 -1209.012378 -1154.190305 -1072.871832 -1039.301565 -966.973026 -892.580284 -691.386417
