geotop_simulations/templates/TEST_Venosta_3D_034_template/rec/SoilPressure0000L0000.old.asc
ncols         252
nrows         194
xllcorner     598250.000000
yllcorner     5144500.000000
cellsize      250.000000
NODATA_value  -9999.0
[rows 72 to 95 of 194, columns 162 to 215 of 252]
-4059.410829 -4742.229590 -5183.362810 -5281.468974 -5350.500135 -5387.119869 -5336.332240 -4608.094536 -4587.479437 -4796.560015 -4869.787145 -5212.134253 -4940.737534 -4642.376274 -4539.608653 -4464.004215 -4692.494834 -4774.193687 -4631.810839 -4701.325920 -4775.378626 -4603.526120 -4396.721194 -4421.821608 -4565.914199 -5212.993312 -5320.276743 -4718.195275 -4605.492647 -4482.368069 -4461.508611 -4311.762957 -4072.344694 -3963.550859 -3969.786028 -4207.758656 -4039.046543 -3694.087140 -3598.763236 -8509.012522 -11607.514276 -3239.340038 -987.386477 -662.841863 -316.263620 3.409996 4.003333 4.721077 4.961195 4.905361 4.857876 4.730290 4.530936 5.025151
-4262.556723 -4500.126194 -4784.833169 -4996.893915 -5137.978337 -4728.002365 -4720.574753 -4654.590158 -4670.591104 -4822.915565 -5241.161901 -5060.764347 -4710.371884 -4473.640993 -4331.852474 -4326.186787 -4633.173399 -4646.020628 -4362.705571 -4499.890058 -4689.645485 -4456.999793 -4158.512713 -4189.673355 -4329.725979 -4470.380383 -4815.953085 -5127.038217 -5152.769237 -4465.973177 -4470.147991 -4310.808882 -4088.829014 -4173.092606 -4196.122170 -4146.873196 -3967.652228 -3683.142951 -2781.404247 -9549.717143 -3284.311932 -1119.338856 -1636.631399 2.839564 4.072517 4.786038 4.758968 4.328104 4.530725 4.373393 4.605117 4.901625 4.728905 4.731321
-4052.638493 -4133.756061 -4286.659910 -4460.340909 -4612.043681 -4652.638503 -4386.826066 -4540.382499 -4634.234434 -4733.474936 -4801.587026 -4907.329679 -4281.544129 -4253.667564 -3928.337850 -4144.876700 -4570.280159 -4559.211193 -4293.275157 -4384.714629 -4512.516969 -4268.876732 -4102.173915 -4309.994365 -4216.880248 -3878.617555 -3993.914870 -4261.470370 -4327.417994 -4403.822327 -4970.823393 -4913.489037 -4783.114343 -4282.495778 -4202.631277 -4043.413303 -3895.319552 -3721.611819 -3346.168659 -4042.984893 -1650.857653 -801.868349 1.899209 4.936506 6.930594 8.194491 9.380455 5.998533 7.779416 4.587334 4.467695 4.848653 4.882929 4.899808
-44471.371114 -9703.063197 -3710.264119 -4208.038910 -4584.203746 -4554.931629 -4334.023870 -4484.904176 -4484.869537 -4580.376236 -4711.591503 -4827.395888 -4437.357186 -4320.687629 -4055.729120 -4134.017911 -4487.767527 -4505.166041 -4107.865771 -4140.075418 -4323.770599 -4101.890647 -4098.011198 -4414.652841 -4281.933851 -3695.749564 -3730.688180 -4240.910591 -4290.660042 -4373.470450 -4557.569156 -4767.706701 -4406.174333 -4353.694066 -4222.701275 -4066.335498 -3914.133021 -3763.284672 -3595.697090 -2983.992695 -809.851653 0.000245 5.061127 8.239077 9.371430 9.999266 11.778236 12.098271 14.427614 9.602149 4.337973 4.628212 4.985459 4.763305
-62337.456457 -27351.030461 -3668.221596 -4199.129141 -4551.946898 -4226.949525 -4393.115238 -4445.412340 -4363.761482 -4320.703233 -4516.247708 -4692.948279 -4495.117797 -4272.614962 -4222.326629 -4246.364029 -4346.826117 -4382.963949 -4034.643512 -4103.929019 -4119.056787 -4109.698492 -4181.367487 -4465.840741 -4260.741209 -3539.856360 -3613.476591 -3879.355519 -4084.908783 -3756.782595 -3508.681603 -3920.478335 -4242.422997 -4246.064425 -4141.348854 -4025.100668 -3835.767785 -3644.500029 -3412.824172 -1052.167224 -564.700655 0.001006 7.835814 9.637846 9.863246 9.718871 10.000574 11.157865 11.566068 13.084305 4.487250 4.425795 4.806414 4.868311
-5581.930631 -4313.414556 -4146.243749 -4216.698835 -4574.023408 -4234.865992 -4267.502976 -4271.318078 -4073.729383 -3972.656110 -4110.202282 -4283.153795 -4095.637211 -3904.582747 -4141.159559 -4098.461313 -4254.043909 -4299.584739 -4255.789764 -4110.949392 -4114.086815 -4107.166439 -4202.483010 -4395.189521 -4100.698363 -3442.177049 -3490.284340 -3636.080706 -3634.386144 -3371.424984 -2304.975417 -3045.632976 -3963.914109 -4159.876551 -4097.490714 -4000.336483 -3822.040162 -3355.318368 -1347.521555 -611.131868 0.000385 5.636325 9.517836 9.840916 9.314119 9.530855 9.520483 9.707949 10.026307 13.156666 4.588239 4.500660 4.384477 4.223740
-4614.935616 -4543.262458 -4294.950160 -4254.645032 -4049.597699 -3936.898645 -4049.952097 -3938.073467 -3941.835543 -3950.822597 -3913.736845 -3803.129731 -3600.916372 -3715.941275 -3868.263359 -3915.333167 -4170.494116 -4450.798513 -4426.446649 -4105.649443 -4081.294874 -4116.305081 -4249.344713 -4299.744751 -3920.886827 -3409.538973 -3474.100491 -3526.228553 -3520.645617 -3047.592610 -1150.899399 -1307.722622 -3190.234254 -3743.349430 -3968.016955 -3878.783243 -3323.920248 -1199.678184 -719.371775 -463.806013 0.000904 7.135059 7.809854 7.895518 8.633067 9.385578 9.194155 9.216004 9.811733 12.244368 4.504807 4.278905 4.173601 4.064055
-4162.880720 -4167.504919 -4015.121721 -4194.325314 -1260.784131 -3579.877554 -3876.753711 -4257.588078 -4349.118601 -4170.540759 -3855.552042 -3442.793862 -3025.017590 -3252.372514 -3374.156421 -3620.822246 -3948.276451 -4200.867688 -4152.667736 -3973.588506 -4008.542713 -3997.108440 -4147.439324 -4012.894970 -3811.463212 -3448.968746 -3522.616390 -3423.427633 -3250.642636 -2706.949051 -1437.007206 -1795.925172 -1153.097110 -2308.490031 -2014.356780 -3355.665362 -2508.210653 -1521.798950 -876.215326 -573.445631 -539.120381 -641.541389 4.069748 6.924831 8.408972 8.772766 9.588844 10.002151 12.209955 14.345001 7.833684 4.450415 4.538361 4.460118
-3667.785890 -3871.859464 -2437.012503 -1007.352600 -1055.745592 -2663.968224 -3292.087694 -3715.244870 -3781.079308 -21991.315376 -30361.431307 -22078.734692 -4648.836550 -7155.709758 -8780.716419 -3582.541024 -4026.819911 -4134.191973 -4112.846121 -3891.722824 -3845.273486 -3952.505760 -3856.181151 -3711.078394 -3641.165791 -3437.532739 -3464.576371 -3342.644500 -2597.437746 -1869.580471 -1317.910844 -1183.071732 -940.208863 -814.357000 11269.170855 590.155699 -2448.558712 -1378.697588 -951.025697 -774.823168 -1164.641556 -603.460698 4.259486 6.489327 7.395514 8.783316 10.575622 13.080354 15.592201 16.640787 8.319259 4.804131 4.722700 4.472178
-2112.619951 -2657.111134 -796.784532 -692.783887 -1879.055350 -2640.121023 -2859.104011 -3327.215079 -9785.535410 -35768.007370 -43812.451997 -20807.334182 -6339.588677 -8280.056027 -10251.472436 -3834.796333 -4017.119941 -4299.364090 -3929.176625 -3917.761202 -3895.213124 -3881.301890 -3727.163004 -3619.170162 -3542.841130 -3479.603816 -3595.689767 -3075.666005 -1736.285792 -1410.189862 -1094.860090 -885.649664 -743.564740 -656.827654 -1163.447251 2882.538407 -3272.423273 -1969.742433 -1499.742784 -1216.460047 -777.428202 -465.034204 3.605147 5.288726 6.609456 7.206949 0.914556 0.954600 0.960580 15.145412 6.540444 4.402014 4.297343 4.355216
-801.296895 -1080.826117 -540.626688 -628.139485 -796.093061 -869.860207 -2196.462509 -5151.672862 -18705.051234 -46016.183306 -56854.795554 -48784.272248 -31692.102895 -4499.643916 -4181.040361 -4072.178814 -4186.183915 -3960.082488 -3925.714183 -3651.419920 -3814.048996 -3669.116520 -3767.470698 -4011.406716 -3870.351248 -3483.409497 -3333.208436 -3124.719784 -3013.977637 -1483.666516 -1001.864140 -830.671614 -710.273976 -974.391715 -779.674537 7048.943129 -3548.940569 -2919.868591 -2728.095866 -2535.776114 -1289.588673 -628.681782 -540.901470 3.900262 0.924574 0.935289 6.577434 6.053256 4.549388 4.454432 4.355493 4.248040 4.532293 4.865713
-666.668819 -752.138618 -391.275397 -594.630397 -615.741319 -349.738575 -1415.665620 -2483.082718 -3246.806630 -63156.386455 -46211.634423 -10526.078432 -4625.459138 -4164.519599 -4197.493261 -4198.414851 -3890.583178 -3914.403561 -3815.763820 -3599.422177 -3250.061780 -3397.814086 -4248.255337 -3862.250397 -3719.661013 -3105.303695 -3036.441003 -2787.776341 -1593.809717 -2604.666889 -824.699812 -749.094804 -735.695822 -605.291942 -613.504261 -1127.462545 -3285.690801 -3424.399961 -3084.819426 -2360.889271 -1017.827635 -665.934847 -680.602861 0.879902 7.636002 8.613870 8.013133 5.908032 4.451681 4.469295 4.548143 4.584892 4.757624 4.354355
-778.244542 -807.614463 1.847624 -995.284889 -4177.178610 0.891074 -2294.016470 -15730.498217 -60677.184707 -56989.881217 -43997.622909 -6505.154634 -4157.336423 -4224.744761 -4198.585039 -3740.768612 -3783.371662 -3819.444782 -3375.131779 -3182.467827 -3849.739030 -6205.996234 -5697.107168 -4479.846299 -3200.559604 -2875.036232 -2629.146763 -3031.579628 -3064.736005 -1435.555676 -703.821492 -641.633352 -700.250535 -634.199263 -584.051521 -635.958794 -1383.573357 -3231.102162 -3147.057208 -2792.001230 -1276.691180 -819.415437 0.000327 4.540824 6.618353 5.195666 4.533868 4.479794 4.527608 4.478501 4.558417 4.648157 4.439401 3.959138
-2620.271806 -2271.342582 4.931313 4.066660 4.228708 -43456.261319 -1367.487737 -49020.789516 -58993.159904 -55086.273873 -43202.692803 -4067.439015 -3973.269770 -4180.135028 -4161.252633 -3683.413474 -3677.978102 -3268.334665 -2984.318780 -3015.621602 -5368.176271 -3509.747104 -6244.451424 -8762.242938 -4064.591307 -2949.042438 -2690.867902 -1783.614822 -2297.222774 -2416.133690 -928.632635 -631.819776 -679.888295 -670.404254 -638.598795 -498.496970 -544.730186 -989.437027 -3432.886191 -3288.183578 -2384.553101 -730.620084 0.000228 4.503401 6.096904 6.076644 5.687181 4.635799 4.470132 4.276741 4.367663 4.530984 4.122999 3.823074
-10795.158321 -1150.602642 -55643.922769 -26277.087317 -25353.443988 -49697.850173 -58415.455265 -49208.778155 -59692.607055 -50794.959796 -4299.096154 -3775.114415 -3976.181803 -4143.675497 -4125.653382 -3604.982356 -3609.439743 -1043.964316 -2065.608554 -2458.249036 -7596.882282 -3993.783219 -7146.132818 -2290.725761 -1602.142033 -1511.161434 -1685.947072 -1971.048721 -1782.050608 -1895.400492 -868.854883 -633.035352 -645.134821 -622.689078 -590.393987 -175342.041715 1.652056 -632.790797 -3123.574850 -3352.307693 -2501.870084 -746.925436 0.000261 4.657452 6.056194 5.886325 5.595036 4.415925 4.301040 4.269197 4.379786 4.104063 3.792609 3.883005
-13722.625940 -12604.003511 -11799.012923 -25613.053323 -27059.983069 -69049.342928 -62941.243869 -42496.781610 -42604.021351 -6453.381439 -3705.436678 -3841.824142 -11868.473418 -4727.069673 -3949.752349 -5669.083155 -1091.258876 -1173.183395 -1499.218166 -1448.411419 -1603.356382 -2258.546899 -2442.192098 -1851.921676 -1259.543172 -1179.823995 -1336.799683 -1327.542850 -1172.067934 -898.444990 -821.384343 -861.897365 -822.131599 -562.250363 -515.648286 1.400757 1.400426 -499.962587 -205.479695 -3208.579552 -1594.307938 -631.249466 0.000335 4.887909 6.233864 6.098828 5.019418 4.387276 4.186500 4.226791 4.678074 4.055034 3.929773 4.105929
-1470.852660 -2190.185930 -22411.242820 -2639.231084 -2135.341855 -13636.145315 -37899.678795 -30114.146651 -21719.775114 -4181.446174 -3539.318037 -30121.983924 -23232.934640 -4180.391097 -3259.067241 -3072.196270 -1251.567237 -1018.813882 -1271.106442 -1429.359444 -1399.106522 -1614.493746 -1596.090530 -1616.664069 -1199.374287 -1058.287952 -1075.133978 -1053.639177 -907.868666 -866.153843 -2692.649083 -2116.012408 -856.692238 -552.789392 1.018435 0.967400 1.530133 -431.590852 4.760420 197.361850 -1018.153931 -425.200141 1.305305 5.945095 6.717288 6.570592 4.997106 4.466389 4.142618 4.245975 4.566947 3.983819 4.163235 4.210896
6.804156 5.119691 -20308.856050 -776.165913 -1176.249630 -3992.923854 -17095.245910 -24927.033390 -10403.807012 -4665.323025 -3550.199509 -13032.166179 -2753.343244 -2562.048278 -2467.901874 -1829.250112 -792.118522 -968.406141 -885.857659 -1093.492582 -1076.752082 -1155.399326 -1685.370154 -1740.254388 -1154.322386 -956.453702 -927.272357 -875.779377 -880.206953 -973.250581 -8666.039835 -2371.989501 -857.046283 -792.905792 -2324.221899 1.060861 1.683801 -513.511050 126.138955 668.118695 463.657519 -371.890084 3.915921 6.582226 7.081170 6.794852 4.682555 4.403114 4.315390 4.221958 4.219269 3.998194 4.027157 4.008932
9.105037 9.235631 0.000161 -972.372949 -1373.158780 -1899.579531 -4704.090646 -12239.188930 -14911.356204 -8126.739835 -3501.532509 -3015.093025 -2793.762186 -2427.535886 -1525.799896 -1122.998974 -786.322575 -8476.634186 -7050.332273 -881.923387 -688.660085 -680.706779 -1969.499948 -3418.072195 -2338.482978 -1136.462947 -875.607035 -762.592529 -981.897931 -1394.809610 -1288.997389 -985.291158 -963.330790 -727.771859 -1288.204005 -1065.180990 0.992868 0.777535 -402.789981 17072.489988 36481.314686 -394.117815 2.568786 5.356142 6.567799 6.405496 5.822612 6.272369 4.351900 4.098454 4.321648 4.053762 4.274848 4.713084
9.122268 12.589552 4.278642 -1083.926997 -1432.523713 -1556.761119 -2233.029671 -3484.362864 -5285.571577 -3883.892184 -3285.416191 -3377.711728 -2446.665580 -1735.268282 -1421.811105 -1129.422405 -928.508454 -867.879964 -835.943164 -574.361541 -763.434724 -2911.347817 -1347.885145 -3787.655632 -3446.923911 -2122.432295 -1401.526944 -1050.353281 -1232.091814 -1701.657546 -1532.629418 -1001.530305 -1016.359199 -6778.768488 -1840.234499 -681.631922 -582.381302 -808.871981 -407.281455 -432.581540 16652.114481 3901.484295 0.000240 3.790156 5.584628 6.099308 5.653527 4.988817 4.116509 4.062859 4.227120 7.078400 6.371609 6.466831
11.004647 4.690915 -846.538145 -1050.878385 -1164.247277 -1358.138474 -1451.893597 -2079.048994 -3482.462073 -3828.536016 -4646.137428 -3335.139723 -1692.882016 -1407.452562 -1260.166658 -1153.189541 -912.785828 -1101.850492 -1687.079830 -1207.528881 -2055.723540 -4511.209515 -1377.340039 -1646.368567 -5062.726046 -4222.609491 -4243.176093 -1750.532445 -1544.666926 -1561.189766 -1493.405864 -1097.391265 -775.089823 -1399.927038 -2587.747011 -695.030888 -681.605227 -686.265410 -456.192093 -461.133825 -562.412599 2055.809043 -205.605136 2.784467 4.862014 5.470357 5.073131 4.562031 3.990071 3.958363 3.994824 5.989407 6.273056 6.837308
2.384121 -854.775225 -951.692049 -1069.630630 -1202.641944 -1423.093095 -1704.728186 -2015.631212 -3019.527043 -4026.201071 -3877.704850 -2565.247902 -1571.740347 -1256.512560 -1133.883997 -912.518002 -936.113470 -1466.541224 -1930.919978 -9330.520707 -2918.334637 -4278.765230 -2054.233767 -2964.768559 -6168.979019 -4654.633307 -4394.039725 -5752.017627 -4077.967901 -2247.820246 -1721.282581 -1254.969533 -953.262176 -1122.831007 -1326.819533 -3631.341078 -788.837737 -655.423628 -575.354084 -527.192970 1.630126 2.083311 -180.667757 0.755852 4.520420 5.427242 5.330579 4.968154 4.045802 4.069346 4.176317 5.173594 5.758275 6.600502
0.000138 -808.811490 -864.071875 -1097.771970 -1162.605669 -1299.057530 -2163.820780 -2814.408528 -4677.514209 -7631.540003 -32330.573478 -20388.572918 -2088.885309 -1161.359885 -927.197934 -1317.991652 -1730.503180 -1706.860577 -1411.422851 -2844.240177 -5745.139429 -6759.013754 -5435.785014 -3332.969124 -3183.831164 -2146.581291 -4672.164734 -3808.426824 -5071.677774 -16881.863202 -11092.689230 -3346.898839 -1085.791824 -1258.784992 -1205.040638 -9326.653044 -1778.281937 -781.632297 -613.633985 -765.544871 0.925486 1.099979 -345.282795 2.154157 3.984596 5.385755 5.801876 5.617084 4.492706 4.151080 4.473171 4.684451 5.284473 6.425629
-779.737112 -9293.918564 -6422.106465 -6577.249303 -1121.661311 -1167.859504 -4980.636048 -4826.040579 -2005.904671 -8879.574288 -24334.971819 -13612.544611 -3407.368907 -13368.562075 -1616.997556 -1099.609744 -2144.017996 -1291.103084 -1060.434255 -1168.815904 -4320.693897 -4042.306936 -3471.457332 -4019.327599 -2153.938914 -2061.537621 -1734.073042 -2972.563441 -3180.882045 -4355.331981 -3999.285922 -1806.925404 -1083.390158 -1161.810306 -1309.911939 -994.505956 -885.215476 -832.146173 -700.846642 -746.893929 0.422598 1.426118 -509.574496 -241.054497 5.048793 6.553388 6.586726 6.041644 4.890695 3.843479 4.283569 4.455978 4.702177 5.968542
