geotop_simulations/templates/TEST_Venosta_3D_034_template/rec/SoilTemperature0000L0002.old.asc
ncols         252
nrows         194
xllcorner     598250.000000
yllcorner     5144500.000000
cellsize      250.000000
NODATA_value  -9999.0
[rows 84 to 111 of 194, columns 126 to 188 of 252]
-0.002864 0.081953 0.192501 0.270192 0.300207 0.112511 -0.003438 0.063230 0.262838 0.353478 0.327942 0.233251 -0.014024 -0.012295 -0.020407 -0.014783 0.371830 0.942187 2.390185 -0.024585 0.157037 1.104916 1.698559 1.642900 0.678179 0.028894 -0.030549 0.606345 -0.019211 -0.018576 0.170843 0.325515 0.093993 -0.003782 0.065972 0.065218 0.189587 0.207618 0.132417 0.041130 -0.001481 -0.002033 0.109078 -0.011600 -0.026063 -0.024002 -0.019887 0.719437 1.244084 1.968059 2.826650 0.443868 0.697366 1.105685 0.822646 0.933397 0.050359 -0.012815 -0.011308 0.644878 0.914189 1.098084 0.058552
0.027455 0.398710 0.418123 0.415149 0.391073 0.262112 0.108240 0.203883 0.314218 0.366968 0.370263 0.297609 -0.017551 -0.014025 -0.022294 -0.016574 0.667452 1.361309 2.677316 -0.023613 0.147362 1.180595 1.740224 1.712491 0.714535 0.055133 -0.026004 -0.040664 0.072576 0.094246 0.399066 0.318548 0.008029 -0.002621 -0.016156 -0.011673 0.220917 0.056041 -2.344801 -1.310728 -1.246695 -0.003274 0.334629 -0.021187 -0.024368 -0.023149 0.080834 0.765743 1.744834 2.458489 3.193953 0.427764 0.573920 0.353343 0.275390 0.112022 0.025334 0.677978 0.558776 0.514291 0.537319 0.495849 -0.008658
0.451059 0.535908 0.521498 0.468651 0.408731 0.328172 0.261402 0.276211 0.281136 0.313000 0.372335 0.416148 0.144904 -0.015811 -0.018309 0.604157 0.862005 1.930590 3.046106 0.146460 0.189154 1.181738 2.272114 1.835266 0.853846 0.141735 -0.020295 -0.030002 0.471962 0.425860 0.423266 0.291131 0.073023 0.195155 -0.017604 -0.018305 0.195960 0.202556 -0.003195 -0.004730 -0.014629 -0.021522 -0.024123 -0.021280 -0.024807 0.044819 0.814584 1.598498 2.340997 2.758515 3.205037 0.335610 0.418091 0.072931 -0.003423 1.127027 -0.012507 0.578884 0.436659 0.337256 0.285470 0.325984 0.402996
0.694904 0.695743 0.578870 -0.011926 0.423028 0.373019 0.293241 0.201468 0.243995 0.380989 0.436288 0.505219 0.571102 0.600578 0.628262 0.779764 1.545225 -0.024133 0.116125 0.187107 0.116469 0.131412 1.477809 1.927976 1.025024 0.349569 -0.015198 -0.021223 -0.009719 -0.016798 0.399983 0.259732 0.179032 0.314618 -0.017024 -0.014114 -0.010783 -0.010346 -0.006640 -0.014691 -0.015093 -0.028723 -0.025889 -0.019469 -0.019521 0.723425 1.200882 1.953730 0.094251 0.161413 0.176918 0.118750 0.072908 -0.001536 0.787443 0.511718 0.454808 0.382884 0.277493 0.262753 0.292368 0.373435 0.464621
0.764994 0.606664 -0.010980 -0.011874 -0.020383 -0.029517 0.188111 0.089060 0.268419 0.411978 0.451015 0.540095 0.619406 0.686556 0.755706 1.326290 0.052141 -0.020379 0.082829 0.075380 0.056015 0.252664 0.784407 1.289421 1.110523 0.238234 -0.011137 -0.013635 -0.009196 -0.016262 0.393177 0.342231 0.314756 0.354303 0.401833 0.304943 0.231507 0.152159 -0.004251 0.217301 0.322780 0.125139 -0.018190 -0.016006 0.521254 0.779123 1.255521 -0.022807 -0.018022 0.050210 1.724309 1.818326 -0.002136 1.100771 0.642246 0.528269 0.432508 0.305579 0.189106 0.217248 0.328268 0.387657 0.430164
0.763368 -0.010059 -0.012094 -0.024015 -0.030999 -0.027181 0.339258 0.344263 0.260610 0.394178 0.414695 0.519774 0.626790 0.830968 -0.009871 0.016827 0.062062 0.040696 -0.007138 -0.007229 -0.003251 0.101619 0.514243 0.583744 0.998253 0.244037 -0.008872 -0.009915 -0.010211 -0.014767 0.431357 0.409413 0.358601 0.317802 0.282466 0.192571 0.013648 -0.003394 -0.002534 0.261889 0.355055 0.364820 0.174754 0.176931 0.593936 0.706905 0.988081 -0.012976 0.028435 0.644368 0.584938 0.558496 0.528383 -0.005341 0.497004 0.465432 0.391114 0.300309 0.200080 0.199126 0.212548 0.252123 0.359691
-0.013874 -0.010615 -0.015725 -0.012400 -0.007302 -0.006882 0.533070 0.479897 0.226702 0.170715 0.484955 0.586655 0.702779 -0.008007 -0.008360 -0.007135 -0.005924 -0.009570 -0.016060 -0.010306 -0.003649 0.073738 0.371525 0.682030 0.195872 -0.007284 -0.005813 -0.006284 -0.008751 -0.016069 -0.022754 0.324565 0.282694 0.246710 0.199094 -0.000583 -0.857343 -0.582045 0.199431 0.316697 0.368219 0.386125 0.416172 0.417276 0.419710 0.542560 0.690869 0.755624 0.638855 0.549133 0.435074 0.362461 0.336248 -0.012181 -0.011307 0.320532 0.279751 0.248131 0.234312 0.250375 0.286488 0.242499 0.325226
-0.015465 -0.011524 -0.011639 -0.010634 0.675313 0.675318 0.684766 0.712391 0.621561 0.446847 0.628740 0.644786 0.649375 -0.007834 -0.009770 -0.015077 -0.021675 -0.022717 -0.010002 0.019481 -0.006231 0.062186 0.183755 0.544826 0.086047 -0.006918 -0.009258 -0.022174 -0.015594 -0.011678 -0.041001 -0.108985 0.204539 0.076782 -0.835202 -0.945242 -0.852178 -4.290664 0.252612 0.288888 0.327502 0.344479 0.368228 0.408377 0.461169 0.554067 0.609942 0.600509 0.535900 0.465928 0.381728 0.337107 0.296127 0.223351 0.178126 0.137190 0.070773 0.008936 0.220733 0.358711 0.334204 0.334919 0.352176
-0.014322 -0.013760 1.088064 1.350148 0.020842 0.018669 -0.008345 -0.011431 1.301694 -0.020170 0.682609 0.607795 0.388503 -0.028430 -0.035561 -0.034393 -0.038380 -0.025604 -0.009470 0.637577 -0.005573 0.039252 0.082221 0.477436 0.103226 -0.009557 -0.009874 -0.008094 -0.015872 -0.030228 -0.024847 0.247193 0.156678 -2.428517 -0.901903 -0.634983 -2.059222 0.121791 0.218321 0.226616 0.278102 0.303306 0.343942 0.419895 0.485924 0.525224 0.476058 0.402114 0.381739 0.370697 0.340942 0.329134 0.265350 0.168557 0.076656 0.158274 0.254293 0.277717 0.391171 0.465889 0.393635 0.351094 0.428774
0.026815 0.107341 2.185671 0.097874 0.098470 0.096835 0.097676 0.068278 0.004543 -0.011156 -0.016281 -0.014820 0.283833 0.275347 0.283965 0.244305 0.247270 0.352424 0.515440 0.806140 -0.005553 0.026907 0.059491 0.404532 0.109573 -0.009187 -0.010097 -0.014420 -0.014404 -0.025574 -0.025171 0.338881 0.250432 0.080641 -0.004516 -4.657426 0.124061 0.254407 0.296677 0.318615 0.350743 0.366850 0.398722 0.414761 0.398120 0.356024 0.270664 0.249527 0.302394 0.324274 0.309375 0.289639 0.207287 0.199054 0.330161 0.397068 0.453364 0.428648 0.492221 0.576985 0.573428 0.470797 0.458217
0.239020 0.180297 0.175241 0.182953 0.175753 0.154923 0.133710 0.166789 0.100913 0.006049 -0.015519 -0.011323 -0.013313 0.054785 0.302100 0.265621 0.293667 0.421863 0.555347 0.017844 -0.006358 0.027618 0.057654 0.366210 0.078993 -0.002705 -0.009511 -0.016851 -0.041213 -0.016930 -0.015426 -0.010663 0.292624 0.216796 0.098285 0.178242 0.293850 0.351832 0.369881 0.367713 0.410384 0.431973 0.424182 0.426457 -0.009440 0.363431 -0.016764 -0.009281 0.353302 0.271935 0.210609 0.102153 0.086973 0.246873 0.401261 0.487835 0.525034 0.554131 0.624065 0.705340 -0.008676 -0.007574 -0.009472
0.703137 0.551510 0.331082 0.698477 0.913753 0.229235 0.182029 0.379932 0.107897 0.005668 -0.012020 -0.011380 0.162899 0.265231 0.221691 0.322340 0.367524 0.464141 0.540448 -0.006518 -0.008431 0.008929 0.047285 0.346259 0.051017 -0.000929 -0.013848 -0.014278 -0.006852 -0.009003 -0.011021 -0.010387 -0.030384 -0.445789 -0.867579 0.279000 0.387538 -0.011382 -0.010257 -0.010223 0.438528 0.507475 -0.009407 -0.009427 -0.007384 -0.011167 -0.017747 -0.012756 -0.008546 -0.012534 0.301573 0.230388 0.099492 0.276302 0.413590 0.493931 -0.009292 0.653535 -0.008923 -0.009327 -0.007874 -0.007775 -0.007191
1.085649 1.118507 0.952268 1.425399 1.398206 0.691084 0.563819 0.823865 0.077661 -0.001783 -0.015733 -0.012963 0.649863 0.614334 0.478415 0.266436 0.383775 0.521660 0.593830 0.001174 -0.007990 -0.003619 0.046601 0.330321 0.060990 0.037587 -0.008032 -0.008670 -0.005602 -0.006080 -0.009945 -0.010792 -0.027562 -0.307513 -0.356892 0.379298 -0.012591 -0.008938 -0.009221 -0.009846 -0.009472 -0.006645 -0.008208 -0.007177 -0.006625 -0.010327 -0.012594 -0.010419 -0.008620 -0.010556 -0.012221 -0.015943 0.328430 0.395682 0.506953 -0.007443 -0.009937 -0.009605 0.031860 0.041784 0.053133 0.057295 -0.005335
1.305088 1.319205 1.408179 2.009005 1.652317 1.387805 2.056253 1.422772 0.408771 -0.000075 -0.011100 0.896228 0.032820 -0.009531 -0.011646 -0.010191 0.571625 -0.009902 -0.009452 -0.001556 -0.007875 -0.003875 0.050158 0.211586 0.502522 0.242107 -0.001582 -0.003387 -0.004837 -0.005021 -0.008983 -0.022425 -0.028552 -0.082459 -0.027163 0.479701 -0.009737 -0.008398 -0.008248 -0.009719 -0.006530 -0.005295 -0.004371 -0.004042 -0.003969 -0.010022 -0.009988 -0.009742 -0.008756 -0.007728 -0.011399 -0.012079 0.387487 0.461485 -0.008489 0.005128 0.008725 0.010954 0.049217 0.057302 0.071828 0.085015 0.076625
1.744187 1.347298 1.360684 2.116037 2.155238 2.639315 2.190549 1.540842 0.491620 0.060084 0.062765 -0.018791 0.040113 0.009202 -0.010915 -0.011013 -0.008771 -0.008257 -0.008542 -0.007803 -0.009537 -0.004073 0.042692 0.063498 0.527045 0.266286 0.047340 -0.001189 -0.003314 -0.015125 -0.018987 -0.062507 -0.395743 -0.029919 -0.009727 0.549038 -0.005804 -0.004714 -0.006149 -0.006539 -0.007423 0.035779 0.038780 0.024870 0.068819 0.058210 0.051873 0.023537 -0.009683 -0.009484 -0.008525 -0.008994 -0.013858 -0.015795 -0.009360 0.042566 0.061287 0.066869 0.059688 0.090980 0.078787 0.091937 0.118121
2.201505 1.658972 1.296551 2.160099 3.440253 2.964249 2.435748 1.628313 0.637097 0.205185 0.147222 0.099141 0.077143 0.048725 -0.016132 0.023760 0.027887 0.017896 -0.005971 -0.007838 0.016676 -0.003717 0.038151 -0.005275 0.486714 0.457965 0.025863 -0.002597 -0.013211 -0.018690 -0.031674 -0.133122 -0.374150 -0.308885 -0.010192 -0.006946 -0.005952 -0.004408 -0.010079 -0.011839 0.022951 0.052196 0.070240 0.090272 0.109291 0.121778 0.132071 -0.009759 -0.009002 -0.015054 -0.001948 -0.010547 -0.011173 -0.011411 0.040451 0.069373 0.087893 0.112657 0.146909 0.150589 0.135443 0.115104 0.132839
2.387663 2.092929 1.618879 2.639138 3.619773 3.326865 2.676240 1.880625 1.037619 0.632766 0.199312 0.152002 0.109241 0.081261 -0.009402 0.049296 0.043973 0.034918 0.029731 -0.003517 -0.008354 0.026000 0.032614 -0.007919 0.046202 0.039957 -0.004820 -0.009275 -0.013944 -0.023892 -0.057856 -0.219854 -0.375028 -0.024991 -0.007326 -0.006388 -0.005786 -0.001056 -0.007842 -0.009051 -0.009699 -0.004998 0.054514 0.245858 0.153019 0.181090 1.188418 0.489726 -0.001471 -0.014049 -0.010098 -0.009195 -0.020388 -0.017900 0.031463 0.103394 0.121607 0.150281 0.390138 0.942249 1.044881 0.661498 0.813037
3.242566 3.604983 1.850235 3.984160 4.022904 3.766643 3.097196 2.281313 1.489859 1.104952 0.627259 0.209331 0.142427 0.107892 -0.007860 0.071855 0.058219 0.045259 0.040353 0.291209 0.245668 -0.003365 0.033634 -0.006450 0.024566 0.228902 -0.005004 -0.011402 -0.019678 -0.027133 -0.065146 -0.024674 -0.024452 -0.023881 -0.007502 -0.006458 0.009624 0.038557 -0.005716 -0.010628 0.019209 0.048786 0.081190 0.451580 1.056804 0.650389 0.961178 1.484298 0.773444 0.194816 0.024414 -0.014011 0.168801 0.171943 0.176069 0.143245 0.164830 0.201537 0.857396 1.640163 1.559168 1.433836 1.351564
2.400163 2.741287 2.893484 4.167922 4.295793 3.987811 3.565721 2.768193 2.165088 1.751060 1.052940 0.653139 0.523996 0.864570 0.136777 0.107854 0.076352 0.056901 0.506592 0.301496 0.230746 0.220297 0.261384 0.461954 0.323755 -0.001515 -0.004262 -0.010023 -0.017287 -0.021683 -0.023487 -0.026494 -0.016461 -0.021497 -0.008809 -0.005866 -0.005396 0.058540 0.072236 0.566445 0.553813 0.431815 0.416064 0.125261 1.445750 2.503344 1.503799 1.218184 1.580650 1.037770 0.604864 0.496077 0.546188 0.705825 0.648634 0.277169 0.194607 0.248687 1.181277 2.411727 2.511304 2.355765 3.212250
2.322370 2.733272 0.940625 2.492484 4.018915 4.500234 4.171936 3.724414 2.768206 2.339104 1.447282 1.221319 1.129090 0.649342 1.611807 1.343653 0.926418 0.444621 0.627230 0.385205 0.221212 0.001326 0.225509 0.423476 0.458113 0.018912 -0.004267 -0.009091 -0.013312 -0.020345 -0.022723 -0.024130 -0.016804 -0.017407 -0.009302 -0.005249 0.001418 0.068302 0.115080 1.360337 1.211157 1.108155 0.306474 0.273399 1.924303 2.889331 2.723295 2.332385 1.980619 1.514644 1.200212 1.037795 1.103290 1.211227 1.247190 1.063642 0.531327 0.255451 1.180649 2.188470 3.270833 3.845342 3.813590
3.055440 2.805377 1.376469 2.243918 4.016659 4.362146 4.037205 4.239670 3.886999 3.716024 1.969192 1.609111 1.617300 1.138235 1.488661 0.455410 0.131323 0.094225 0.716094 0.532312 0.251108 0.279825 0.248762 0.415009 0.548143 0.416950 -0.002494 -0.004790 -0.010723 -0.018951 -0.019908 -0.020743 -0.015070 -0.012587 -0.006886 0.004658 0.042759 0.074162 0.308983 1.974779 1.838136 1.141124 1.774931 1.894501 2.830013 3.269788 3.063151 2.625574 2.500805 1.949260 1.702048 1.589965 1.691577 1.816513 1.926846 1.838857 1.730754 1.206636 2.641884 3.558808 3.940437 4.024263 4.499389
3.567842 3.576741 3.182277 2.774109 3.699265 4.566807 5.148923 4.086481 3.667872 4.191155 2.646892 2.028625 2.105832 1.682290 1.388975 0.844286 0.398000 0.145971 0.074901 0.058120 0.782673 0.599832 0.395600 0.458022 0.672414 0.593711 -0.000789 -0.003273 -0.004449 -0.012367 -0.011132 -0.011155 -0.010769 -0.008090 -0.005337 0.026403 0.074157 0.098941 0.631193 1.696464 2.506830 2.480412 2.503187 2.839019 3.630244 3.761260 3.382948 3.184485 3.271665 3.288533 3.329607 3.446190 2.326078 2.427426 2.321331 2.451819 2.585594 3.240779 3.486721 4.078570 3.536359 3.989831 4.866751
4.091163 4.127179 4.152561 4.011797 5.064821 4.511802 5.638286 5.348077 4.250390 3.798044 3.309943 2.664339 2.697221 2.168291 1.665777 2.204885 1.830140 1.568028 1.363581 1.266364 1.158041 0.045950 0.716537 0.604732 0.443341 0.667126 0.011379 -0.001240 -0.002697 -0.003321 -0.003781 -0.004294 -0.003824 -0.001430 0.006646 0.060486 0.124902 0.195981 1.019696 2.241747 2.429266 3.265189 3.329074 3.693408 4.247301 3.414891 3.159731 3.454057 3.205328 3.119492 3.080945 2.797819 2.816587 3.199748 3.375054 3.655953 3.953732 4.240116 3.426693 3.392187 3.784965 4.597641 4.666112
5.674363 5.701519 5.802786 5.894051 4.553460 4.654068 5.059980 5.842279 5.583939 7.019504 3.909123 3.358323 3.207052 2.564487 2.019560 1.490216 1.197061 0.910906 0.588149 0.388065 0.276928 0.098489 0.069768 0.019211 0.011885 0.055357 0.017054 0.007697 -0.001000 -0.002108 -0.001942 -0.000877 0.010286 0.050675 0.071725 0.208889 0.635870 0.828921 1.476008 2.774827 2.988393 3.138241 3.224323 4.475350 3.879086 4.643419 3.643457 4.099151 3.964260 3.971589 3.516664 3.461031 3.458987 4.139501 4.328297 4.559087 4.818405 4.356268 4.419787 4.222498 4.136160 5.056615 5.139024
6.132298 6.100672 6.143496 6.261098 6.281618 6.208544 6.134617 6.039886 5.903802 5.678755 7.432206 7.266917 7.062421 6.485322 2.422771 1.900654 1.586220 1.319256 1.000032 0.765052 0.614661 0.383891 0.191112 0.082738 0.021026 0.079567 0.025658 0.015778 0.012690 0.013564 0.015263 0.019064 0.029013 0.096915 0.420818 0.752843 1.167903 1.489056 2.004278 3.224698 3.557695 3.856327 4.025462 4.173793 4.426568 4.326396 4.975166 4.865778 4.820608 4.843345 4.862108 4.824893 4.211434 4.485823 5.321587 5.465120 5.658086 5.025589 5.239140 5.221210 5.146967 5.473457 5.713734
6.735946 6.234990 5.644145 6.743563 5.724536 5.722861 5.653098 5.500844 6.023267 4.915323 5.440185 4.230773 3.913088 3.266264 2.718033 2.144209 1.807742 1.542322 4.957145 4.780998 4.662873 4.490553 4.319215 0.105803 4.180283 0.129070 0.106434 0.077921 0.068080 0.051443 0.070505 0.113082 0.393122 0.686045 0.952047 1.289533 1.676510 2.096377 2.520572 3.477049 3.990339 4.467200 4.697509 4.740377 4.717681 4.809774 5.624683 5.594145 4.914396 5.657610 5.725680 4.869207 5.075947 6.223029 6.324265 5.545923 5.585856 5.620170 5.790283 6.154055 6.098341 6.125355 6.300980
6.507151 6.355096 6.262194 6.233547 6.233037 6.173797 5.944836 5.751943 6.271812 5.985498 4.854622 4.481646 4.120811 3.725742 3.224295 2.638638 1.939993 1.667783 5.181145 1.125043 0.831295 0.571355 4.475125 4.373998 4.282028 4.313423 4.096690 0.210187 0.203642 0.267210 0.423839 0.587593 0.815056 1.071260 1.405007 1.751723 2.104814 2.560414 3.442392 3.753996 4.398493 4.875313 5.139015 5.290256 5.373003 5.471920 5.466359 5.528145 5.579752 5.568790 5.558254 5.703004 5.982457 7.159693 6.252575 6.319587 6.405887 6.406978 6.489815 6.735509 6.789659 5.384540 4.383694
7.186918 7.034183 6.908647 6.810895 6.660347 6.467474 6.203168 5.960121 6.444014 6.164193 5.846324 4.678538 4.299893 3.900176 3.426172 2.841566 2.073831 1.700407 1.413517 1.086044 0.885048 4.625015 4.499018 0.288766 4.312218 4.268266 4.363016 4.294106 4.338877 0.468541 0.665710 0.902060 1.160318 1.421484 1.754165 2.123576 2.462940 3.427262 3.855954 4.030352 4.703297 5.263455 5.510831 5.621388 5.833221 5.976793 6.080866 6.149110 6.215417 6.146082 6.244964 6.548559 7.859375 7.971795 8.005567 7.005351 7.077630 7.033695 6.933708 4.309439 4.306353 4.352380 4.382503
