geotop_simulations/templates/TEST_Venosta_3D_034_template/rec/SoilPressure0000L0005.asc
ncols         252
nrows         194
xllcorner     598250.000000
yllcorner     5144500.000000
cellsize      250.000000
NODATA_value  -9999.0
[rows 24 to 47 of 194, columns 108 to 161 of 252]
-1890.819002 -1888.385775 -1975.168784 -1956.693448 -1930.202635 -1937.184828 -1940.385866 -1899.819133 -1819.416038 -1773.453226 -1789.979087 -1834.393963 -1936.657022 -2019.928247 -2042.333748 -2053.008170 -2055.753711 -2040.459013 -2022.277507 -2005.179805 -838.728810 -804.803394 -773.060439 -775.811643 -789.512726 -590.995559 -464.361384 -313.722297 49.456781 36.021542 18.380499 -96762.038174 -67369.978635 -59954.781908 -58399.135772 -52367.370724 -9999.0 -9999.0 -9999.0 -9999.0 -9999.0 -9999.0 -9999.0 -9999.0 -9999.0 -9999.0 -9999.0 -9999.0 -9999.0 -9999.0 -9999.0 -9999.0 -9999.0 -9999.0
-1980.470853 -925.353132 -977.047515 -1986.039759 -2045.685999 -2041.551170 -923.232250 -2020.596199 -2010.951813 -1994.813761 -1964.524226 -1968.395791 -1841.115500 -1372.179977 -1480.193924 -1925.829717 -1816.875611 -789.733743 -795.825150 -783.798547 -748.341336 -741.641690 -751.888673 -735.027887 -674.738724 -630.052208 -555.052174 -475.962169 -384.025006 -230.624335 -177.672548 -94758.430296 -144758.429520 -57922.819483 -93484.105529 -52131.873192 -9999.0 -9999.0 -9999.0 -9999.0 -9999.0 -9999.0 -9999.0 -9999.0 -9999.0 -9999.0 -9999.0 -9999.0 -9999.0 -9999.0 -9999.0 -9999.0 -9999.0 -9999.0
-899.855199 -910.580493 -940.751049 -1961.560719 -2010.814347 -1985.971659 -868.294100 -1953.672191 -1928.563867 -1917.364496 -1832.353736 -1882.805925 -1866.107404 -1277.754648 -1352.736546 -1849.136274 -1329.102450 -1200.462150 -1075.302324 -677.483192 -689.872887 -703.128433 -724.672967 -675.329636 -604.817534 -507.597871 -438.501195 -347.299197 -353.886604 -338.056664 -268.030498 -254473.559636 -205099.827666 -64925.186634 -9999.0 -9999.0 -9999.0 -9999.0 -9999.0 -9999.0 -9999.0 -9999.0 -9999.0 -9999.0 -9999.0 -9999.0 -9999.0 -9999.0 -9999.0 -9999.0 -9999.0 -9999.0 -9999.0 -9999.0
-814.091565 -869.408875 -878.799954 -1130.822463 -1375.435058 -1395.795923 -808.438376 -802.568248 -788.216704 -783.661988 -987.908632 -980.384172 -946.080395 -677.527705 -683.383682 -903.881643 -818.830988 -882.097163 -758.662552 -709.457691 -640.793163 -639.822098 -637.716862 -600.347689 -609.638000 -515.011950 -392.517735 -220.785683 61.815210 43.161276 -150203.231252 -89862.313801 -207556.250253 -155667.535045 -9999.0 -9999.0 -9999.0 -9999.0 -9999.0 -9999.0 -9999.0 -9999.0 -9999.0 -9999.0 -9999.0 -9999.0 -9999.0 -9999.0 -9999.0 -9999.0 -9999.0 -9999.0 -9999.0 -9999.0
-789.668136 -830.242361 -723.718274 -720.416254 -1504.119770 -1428.901357 -728.647008 -742.331295 -752.544442 -746.755742 -735.998082 -1053.983718 -1816.331749 -1171.389905 -1015.147447 -1509.710222 -1383.787351 -1105.101899 -954.853664 -534.731611 -576.321250 -583.107232 -566.453230 -524.006101 -547.350810 -469.737363 -328.765071 41.271415 -377780.302766 -198266.514991 -115642.876568 -107928.042606 -68863.942696 -70884.360383 -9999.0 -9999.0 -9999.0 -9999.0 -9999.0 -9999.0 -9999.0 -9999.0 -9999.0 -9999.0 -9999.0 -9999.0 -9999.0 -9999.0 -9999.0 -9999.0 -9999.0 -9999.0 -9999.0 -9999.0
-824.640469 -762.464449 -655.828672 -700.571578 -725.954952 -713.839088 -647.744056 -657.440947 -670.751952 -672.697101 -669.067978 -1082.340771 -1050.985565 -766.367524 -1079.456160 -1837.105483 -592.847414 -483.515148 -793.758786 -360.174389 -461.318491 -372.594932 -526.757465 -476.536727 -120692.926841 -107432.148254 -97088.025044 -105856.772587 -111941.151187 -107221.314343 -75713.674005 -148853.053067 -56780.563166 -9999.0 -9999.0 -9999.0 -9999.0 -9999.0 -9999.0 -9999.0 -9999.0 -9999.0 -9999.0 -9999.0 -9999.0 -9999.0 -9999.0 -9999.0 -9999.0 -9999.0 -9999.0 -9999.0 -9999.0 -9999.0
-863.752685 -751.327189 -620.772597 -645.261532 -671.836494 -681.637768 -674.575566 -596.902553 -593.985744 -602.725203 -596.442102 -610.126615 -584.828715 -494.619803 -1001.467676 -699.281435 -496.186470 -371.628717 -260.824907 -22.615075 -351.743841 -193.063220 -432.420837 -117618.990049 -81416.995678 -78107.439872 -80259.760072 -99720.011490 -102179.861676 -85560.239168 -136744.975749 -148177.598753 -54149.135225 -9999.0 -9999.0 -9999.0 -9999.0 -9999.0 -9999.0 -9999.0 -9999.0 -9999.0 -9999.0 -9999.0 -9999.0 -9999.0 -9999.0 -9999.0 -9999.0 -9999.0 -9999.0 -9999.0 -9999.0 -9999.0
-870.522333 -691.738769 -568.454485 -570.617405 -617.823460 -631.795502 -667.208068 -582.182870 -578.904532 -591.359675 -566.800722 -585.852925 -544.858083 -407.037353 -452.633238 -573.980193 -382.518457 -153.177328 -55.423336 55.911035 -246.338423 -124.858797 -113626.344715 -93418.028975 -70154.785285 -66274.074856 -68288.255415 -78787.145276 -78780.236884 -59082.967675 -148112.007764 -131537.261057 -52893.840437 -9999.0 -9999.0 -9999.0 -9999.0 -9999.0 -9999.0 -9999.0 -9999.0 -9999.0 -9999.0 -9999.0 -9999.0 -9999.0 -9999.0 -9999.0 -9999.0 -9999.0 -9999.0 -9999.0 -9999.0 -9999.0
-830.492332 -624.623508 -535.249052 -545.218385 -572.828024 -611.500847 -692.842747 -585.642125 -518.179724 -545.915333 -505.759007 -531.565597 -464.516616 -327.753039 -387.787383 -386.049250 -154.489565 824.855210 -112924.149176 -99974.434319 -106587.968838 -97900.123065 -61666.297975 -138367.032567 -55659.360073 -49917.644595 -51569.504482 -52491.851064 -54358.244662 -54901.719051 -140991.933997 -58174.463443 -9999.0 -9999.0 -9999.0 -9999.0 -9999.0 -9999.0 -9999.0 -9999.0 -9999.0 -9999.0 -9999.0 -9999.0 -9999.0 -9999.0 -9999.0 -9999.0 -9999.0 -9999.0 -9999.0 -9999.0 -9999.0 -9999.0
-741.595057 -663.849162 -539.222291 -500.043831 -707.711630 -870.004115 -892.167523 -888.162483 -803.959120 -605.745398 -430.529118 -464.490143 -366.448925 -214.318977 -351.695533 -368.919921 -311.461706 -103766.152529 -64099.358904 -69671.934492 -72419.315485 -54231.858422 -57429.988225 -120202.365055 -47634.229329 -44160.064676 -44626.415503 -51693.944194 -51014.735342 -53167.597333 -9999.0 -9999.0 -9999.0 -9999.0 -9999.0 -9999.0 -9999.0 -9999.0 -9999.0 -9999.0 -9999.0 -9999.0 -9999.0 -9999.0 -9999.0 -9999.0 -9999.0 -9999.0 -9999.0 -9999.0 -9999.0 -9999.0 -9999.0 -9999.0
-939.039805 -776.491469 -718.690082 -712.898400 -825.983555 -874.551647 -879.050549 -841.047615 -805.920159 -621.101705 -473.730471 -428.094912 -205.819809 95.010900 5.859880 -116.852435 -120616.551184 -64532.738797 -55998.438887 -68969.382778 -28977.873665 -69213.859735 -58259.346958 -52437.167898 -47017.010580 -44111.547560 -45543.820746 -52281.185757 -9999.0 -9999.0 -9999.0 -9999.0 -9999.0 -9999.0 -9999.0 -9999.0 -9999.0 -9999.0 -9999.0 -9999.0 -9999.0 -9999.0 -9999.0 -9999.0 -9999.0 -9999.0 -9999.0 -9999.0 -9999.0 -9999.0 -9999.0 -9999.0 -9999.0 -9999.0
-969.062608 -848.986462 -860.370833 -801.459574 -869.946601 -876.047308 -886.261005 -803.930227 -690.041528 -601.288122 -532.736582 -404.268454 59.193418 -131848.376553 -120689.678650 -98053.462120 -75199.258805 -56594.371184 -2378.652112 -337118.093887 -214032.460028 -65524.359460 -148179.756593 -109143.509843 -53091.229756 -49837.539599 -44925.743943 -9999.0 -9999.0 -9999.0 -9999.0 -9999.0 -9999.0 -9999.0 -9999.0 -9999.0 -9999.0 -9999.0 -9999.0 -9999.0 -9999.0 -9999.0 -9999.0 -9999.0 -9999.0 -9999.0 -9999.0 -9999.0 -9999.0 -9999.0 -9999.0 -9999.0 -9999.0 -9999.0
-830.954791 -834.695509 -852.162992 -856.606081 -864.243030 -894.478357 -818.154660 -787.841708 -691.671328 -592.813776 -526.125380 -71.560562 -102389.296704 -82007.202943 -72225.999134 -62400.212201 -76713.826391 -130851.439331 -282.141440 70.446407 -8827.582679 -50648.937025 -143822.808942 -107599.430664 -84644.516580 -55516.750382 -49219.162163 -9999.0 -9999.0 -9999.0 -9999.0 -9999.0 -9999.0 -9999.0 -9999.0 -9999.0 -9999.0 -9999.0 -9999.0 -9999.0 -9999.0 -9999.0 -9999.0 -9999.0 -200172.624408 -209401.605979 -205500.592877 -213230.265908 -295105.751707 -9999.0 -9999.0 -9999.0 -9999.0 -9999.0
-843.779201 -838.291342 -853.739560 -829.305294 -863.584682 -902.438009 -540.398347 -483.657965 -403.696818 -280.917932 89.572478 41.347166 -84384.783290 -21601.127449 -14393.210368 -58657.217451 -281.831204 -164.864100 -448.894604 -305.956806 66.373885 -382.424179 -98746.651778 -169168.152783 -140395.672416 -102160.247372 -54743.220938 -9999.0 -9999.0 -9999.0 -9999.0 -9999.0 -9999.0 -9999.0 -9999.0 -9999.0 -9999.0 -9999.0 -9999.0 -9999.0 -9999.0 -9999.0 -206727.785234 -206999.840902 -226915.610179 -229938.065009 -269077.177964 -347382.673290 -9999.0 -9999.0 -9999.0 -9999.0 -9999.0 -9999.0
-818.553090 -842.590302 -873.524377 -828.033859 -871.867353 -914.002522 -548.263396 -374.681092 78.574025 68.058247 -7.868164 -425768.072227 -53936.561815 -379063.845913 -208.219990 -257.850817 -416.271221 -452.821299 -541.053732 -556.062157 -286.414354 -382.900827 -207600.064936 -185678.345389 -134511.621101 -130747.395740 -101959.991077 -9999.0 -9999.0 -9999.0 -9999.0 -9999.0 -9999.0 -9999.0 -9999.0 -9999.0 -9999.0 -9999.0 -9999.0 -9999.0 -9999.0 -231153.969907 -371868.098109 -16788.788237 -15900.316315 -456512.544889 -564459.601873 -802.147930 -857.988717 -9999.0 -9999.0 -9999.0 -9999.0 -9999.0
-767.174325 -786.156644 -893.875280 -867.455654 -892.145885 -914.594214 -638.980420 -407.870719 -93.965738 28.128244 -106590.446182 -86872.975467 -31723.306504 39.297544 -118.658003 -343.549081 -466.531938 -625.507459 -679.648632 -559.820131 -438.917261 -564.632848 -293509.054948 -201828.328420 -104643.135239 -129316.848958 -105102.987150 -58331.140475 -59305.761335 -66280.837698 -68886.030558 -69755.632339 -72444.865819 -9999.0 -9999.0 -9999.0 -9999.0 -9999.0 -187354.315674 -196213.223337 -280939.234899 -552301.859765 -1096.682465 -1297.625658 -1350.088226 -822.791830 -866.306082 -760.020577 -844.061067 -9999.0 -9999.0 -9999.0 -9999.0 -9999.0
-770.534385 -821.438780 -852.732807 -869.471252 -898.558585 -771.069958 -585.991836 -420.370942 51.756793 -106633.306403 -76987.855212 -74664.673462 -33994.580563 77.335205 -189.409784 -451.187087 -618.427901 -719.553658 -732.843017 -590.735855 -497.429449 -491.906897 -346.749227 -251957.578865 -82618.949319 -131635.046607 -150964.777212 -135533.241346 -72126.393574 -82365.216988 -167998.450160 -182823.669529 -190374.574085 -197761.810311 -205686.364313 -198433.888812 -191861.076378 -228493.815287 -340870.013269 -381252.932739 -371494.263840 -528604.617156 -633.437957 -888.075242 -1164.615752 -1026.986696 -880.825000 -928.118246 -782.525760 -325707.978340 -9999.0 -9999.0 -9999.0 -9999.0
-943.343195 -856.265754 -867.323726 -901.524682 -916.772943 -751.250676 -474.441489 -24.967061 -364261.216775 -94815.416980 -2384.696068 -29248.646350 -96.361995 -223.163341 -321.382220 -522.597870 -683.565816 -756.878364 -758.455807 -669.479391 -532.038012 -401.198350 -349.395311 -92002.954848 -83041.829122 -98683.973404 -157587.225792 -67191.295846 -88869.516675 -86000.153902 -89027.569827 -248050.012443 -408170.905323 -3935.749816 894.353515 -3100.736158 -504252.226765 -331723.675458 -379085.412252 -538798.970463 539.266056 -605.336854 -644.860518 -816.822794 -1022.863320 -1044.057794 -999.906352 -977.801479 -935.484426 -785.738310 -882.034851 -9999.0 -9999.0 -9999.0
-795.692178 -874.906956 -909.112587 -932.859149 -947.107379 -511.765497 -491.240617 -260.055308 -168.304154 -163.835150 -419.135477 -320.976567 -310.010353 -326.798386 -495.481845 -615.851045 -731.868580 -777.405639 -785.903526 -687.577495 -381.839303 100.780102 -2113.632218 -91819.534240 -76421.430010 -70707.606798 -116024.825217 -63242.671283 -94815.537854 -98654.669500 -123950.159164 -173.820186 -277.345321 -428.467833 -725.940047 -933.174390 -1430.119937 -891.405015 -7541.363675 -606.116579 -689.263948 -827.446797 -820.012558 -821.281551 -863.445197 -1054.125704 -1024.216166 -1023.929779 -850.356662 -709.228897 -683.080709 -9999.0 -9999.0 -9999.0
-822.207440 -891.799861 -925.414641 -949.738082 -567.478732 -898.585551 5536.112168 -357.082213 -457.125855 -250.724152 -491.179483 -488.599781 -452.815743 -526.325607 -633.918653 -713.568062 -752.914851 -793.158012 -790.203522 -641.409886 -514.379391 -445.271114 -114580.866629 -153449.100311 -64193.840156 -61243.269438 -63605.123644 -59884.941743 -81691.852555 -99588.477901 -141297.460596 44.638791 -219.461969 -460.868220 -728.614053 -1071.655168 -1192.377931 -1173.594283 -965.286450 -893.881041 -937.628965 -866.086489 -847.712971 -856.637194 -888.995477 -874.227238 -1088.433570 -908.675576 -1033.321846 -718.071817 -736.836247 -9999.0 -9999.0 -9999.0
-853.435374 -890.426302 -927.046257 -1260.846178 -466.429632 -336.812000 74.082024 61.279259 -457185.160700 -75187.152144 -363.486492 -433.842467 -514.004281 -658.348597 -706.280225 -726.902096 -795.639738 -895.755419 -746.317291 -607.153190 -468.999395 -111472.743336 -80576.842548 -88291.057425 -73875.521998 -73938.800708 -150296.121002 -60757.308437 -59554.099727 -77663.633622 -110638.665235 -183455.208899 -5617.967663 17.642340 -206.259955 -555.461963 -911.694243 -893.216382 -906.622855 -837.646872 -874.624434 -856.040473 -885.253776 -869.035215 -906.226054 -916.561862 -1106.410199 -1518.992205 -2308.757965 1896.912648 -9999.0 -9999.0 -9999.0 -9999.0
-908.621170 -905.660625 -930.203886 -944.736966 -710.286825 -625.421921 -457.645963 -309.964637 -71805.961786 -36013.394732 -345.216567 -402.553931 -491.204602 -609.490799 -719.581968 -742.403626 -805.007886 -917.523067 -793.225451 -513.869164 -388.769159 -112232.019486 -82994.705893 -102910.634506 -64346.834164 -80360.843942 -188083.750045 -134215.010457 -58479.721328 -98621.195661 -249940.263812 34.430172 -328.408876 -412.279717 -525.521212 -616.185408 -777.736519 -895.096152 -900.295715 -880.033759 -858.388799 -874.476865 -882.525085 -869.093719 -916.418604 -945.897885 -1354.641739 -1327.137613 -432017.403135 -6627.178325 -9999.0 -9999.0 -9999.0 -871.967958
-934.614424 -942.248625 -945.823652 -704.257458 -478.227033 -2039.573773 -435.112215 -347.191642 -227.925363 -312.631311 -408.311097 -374.961228 -406.631076 -477.796530 -569.246635 -592.136901 -592.687042 -672.181248 -1110.357185 -748.762237 -601.367243 -574.475251 -409.778631 43.430313 -409927.334100 -83065.969332 -202294.128738 -169575.912069 -68817.124237 -110491.989618 31.479393 -453.568397 -535.948282 -649.401126 -652.802779 -739.024349 -807.398963 -895.346555 -897.595737 -874.131616 -882.541100 -884.358414 -893.645693 -882.485359 -1134.415364 -934.946390 -1488.859973 -1539.194822 -505322.213560 -428934.290757 -9999.0 -1073.009725 -928.977962 -1062.268749
-956.208631 -965.637784 -969.454343 -735.246156 -643.298107 -391.427595 82.348108 50.031777 -78565.360168 158.444519 85.597530 -42.473750 -193.642272 -273.855247 -406.276405 -567.022130 -588.609363 -699.945671 -837.770834 -843.131097 -724.770552 -682.743382 -524.903686 -238.771350 38.245585 -188471.574678 -193311.637929 -173091.304590 -80987.769559 -96055.249574 -137.636586 -421.279291 -508.027538 -632.938722 -729.198567 -789.783453 -835.687718 -890.864715 -1027.531808 -917.006314 -897.765143 -903.395053 -906.494874 -907.970509 -949.905194 -915.649016 -964.271906 -1489.245441 -1210.810952 -858.451387 -755.983801 -858.414927 -907.442051 -908.992156
