geotop_simulations/templates/TEST_Venosta_3D_034_template/rec/SoilPressure0000L0005.old.asc
ncols         252
nrows         194
xllcorner     598250.000000
yllcorner     5144500.000000
cellsize      250.000000
NODATA_value  -9999.0
[rows 48 to 71 of 194, columns 54 to 107 of 252]
-1518.823970 -1249.401846 -1326.680377 -1404.195678 -1476.134892 -935.704188 -912.390598 -902.002215 -879.847820 -887.598478 -896.168056 -1114.800348 -1161.588608 -1080.136618 -941.311586 -941.634713 -974.178995 -961.331664 -979.098366 -999.600143 -526.889247 756.376633 -1350.091361 -1370.382990 -1213.222302 -1394.262858 -1432.314740 -1184.977323 -1147.249382 -1092.344833 -1045.541566 -1098.664378 -1588.177754 -1606.679588 -934.063305 -1383.068484 -1458.229879 -1612.612182 -1705.426410 -1495.685572 -1249.460701 -849.164810 -791.585688 -801.322232 -890.905902 -893.576338 -824.016780 -836.047939 -873.850694 -887.225584 -923.666881 -951.493311 -972.810013 -1632.706264
-1477.982799 -1217.285477 -1271.900914 -1229.256363 -1143.653697 -853.109514 -882.590072 -909.589699 -894.634651 -888.729716 -893.690270 -1126.269984 -1178.576099 -1103.902396 -906.880120 -957.491005 -931.960134 -951.654896 -981.593945 -1004.809213 -1163.119239 647.901206 -1258.939626 -1289.783994 -1159.784195 -1335.781614 -1376.872013 -1394.711587 -1122.326114 -1092.009164 -1062.020425 -1047.763767 -1465.211127 -1469.308685 -1549.059971 -1590.519860 -1631.058292 -1666.734362 -1632.582303 -1583.501977 -1342.006004 -793.037396 -755.086412 -827.762829 -747.705443 -804.037146 -817.639567 -878.005211 -883.690314 -885.503221 -921.425652 -973.857807 -1735.116919 -1771.026861
-1322.009981 -1201.482970 -1217.640762 -863.150551 -833.141122 -838.222231 -907.408891 -918.472611 -916.728108 -910.947927 -913.129088 -918.957380 -1222.327073 -1180.641679 -951.088104 -926.336153 -936.536239 -971.360939 -1002.036160 -1027.609975 -1205.949922 529.220043 -1329.486104 -1220.043542 -1223.874190 -1538.073020 -1243.168692 -1178.302589 -1149.568895 -1122.209703 -1103.808264 -1069.530983 -980.893521 -1342.379248 -1518.958118 -1514.421153 -1582.173529 -1610.580817 -1566.751420 -1437.462566 -840.948486 -911.799889 -709.023635 -667.558669 -712.736215 -810.038894 -873.365086 -895.903352 -884.545191 -902.476974 -1456.337706 -1610.320170 -1700.455300 -1790.057870
-1112.344174 -1126.749247 -1184.574648 -881.747304 -882.569071 -911.842856 -903.174967 -917.935294 -924.450165 -918.501262 -1302.761776 -1280.871570 -1254.287289 -901.259760 -915.308918 -929.160582 -957.495183 -995.338886 -1027.221567 -1060.248263 -1216.922008 107.916725 -950.793983 -1300.882500 -1313.338183 -1489.712813 -1366.222655 -1219.398591 -1119.444049 -1059.158736 -1018.993187 -990.210522 -968.689758 -1491.148411 -1844.526734 -1853.655392 -1832.657569 -1789.899074 -1621.048749 -1432.222353 -857.687372 -848.220884 -833.669897 -852.269471 -894.215010 -876.839915 -898.980840 -908.790554 -920.967902 -1578.496852 -1524.447856 -1578.673620 -1726.838090 -849.918565
-1106.382558 -1184.339411 -1235.710603 -1272.011070 -880.090767 -898.388383 -872.552316 -875.326969 -883.233145 -879.323772 -1095.288007 -1087.518514 -1094.588997 -890.652100 -921.388130 -959.550470 -1001.230593 -1036.779865 -1229.740413 -1251.675547 -1306.037881 1304.000338 344.396740 -1407.027116 -1728.344427 -1645.913571 -1550.766570 -1449.264262 -1411.805392 -1363.320650 -1852.281062 -1845.167211 -1852.163356 -1890.852799 -1896.042271 -1865.587970 -1834.501162 -1715.963164 -1586.400781 -1464.814008 -882.412249 -867.018207 -941.415121 -897.704151 -924.778892 -928.930685 -1670.661856 -1780.012068 -968.481405 -1691.708950 -1596.607108 -1593.110596 -959.011747 -738.026380
-1316.827555 -1360.961192 -1265.366291 -1154.554587 -852.524686 -864.680912 -857.818791 -856.517932 -865.393022 -873.940918 -1059.204562 -1105.400944 -1157.884214 -1031.679947 -989.211969 -1068.664615 -1144.471685 -1189.824909 -1173.052888 -1409.504103 -1431.202098 12229.991379 5416.269279 2552.215301 -1884.078823 -1894.442335 -1614.787289 -1561.236560 -1577.473062 -1559.107121 -1418.492208 -1306.029944 -1264.821350 -1917.132825 -1891.690550 -1843.242887 -1779.386770 -1726.369239 -1539.259342 -1390.483226 -1330.613139 -1267.162073 -949.264425 -956.621917 -1777.899489 -1790.762578 -1809.479169 -1817.958898 -1817.202632 -1774.883190 -1702.309701 -1716.411738 -943.310928 -727.577163
-1327.949653 -1308.554272 -1180.985625 -1055.376884 -1015.390911 -860.375705 -861.422489 -871.195028 -875.255758 -878.506268 -1151.070876 -1171.570678 -1315.392831 -1099.400847 -1115.517054 -1199.191988 -1290.116091 -1355.041962 -1366.970745 -1408.057086 1787.836458 19477.801803 25564.522322 9634.260958 -1948.647355 -1925.145792 -1707.499638 -1726.300036 -1717.131919 -1632.208387 -1536.479117 -1420.489127 -1430.269454 -1346.060596 -1898.611654 -1842.629150 -1807.587938 -1722.934888 -1497.271852 -1421.274247 -1289.929323 -895.415760 -950.892534 -948.177812 -1796.591848 -1816.757529 -1836.225462 -1846.591850 -1856.399582 -1846.658403 -1806.105879 -1013.858444 -959.678800 -733.591612
-1114.232567 -1123.837742 -1220.926491 -1435.404074 -902.523274 -909.184913 -907.807394 -920.283728 -959.719919 -965.854183 -965.012490 -970.753126 -974.471659 -1816.633670 -1323.741342 -1379.248190 -1477.538840 -1497.764081 -1595.118399 -1775.974907 556.158151 13743.089383 2415.850305 5335.771853 -1909.311628 -1881.644813 -1807.090336 -1824.647377 -1806.738106 -1750.488699 -1540.480699 -1503.438511 -1580.325841 -1959.998850 -1872.453001 -1718.205422 -1792.010675 -1632.599882 -1431.509660 -1261.590087 -896.320201 -907.436087 -969.661924 -1791.597588 -1790.558886 -1825.070132 -1851.776154 -1871.881442 -1877.893161 -1870.027261 -1863.575312 -923.910699 -845.553536 -811.031169
-944.668904 -966.962059 -956.165791 -965.913948 -1897.505296 -1912.228873 -969.813398 -976.098887 -996.046007 -1004.169061 -1008.415804 -1007.697955 -1881.623295 -1887.510260 -1431.386384 -1462.824479 -1566.485430 -1590.987171 -1686.281022 -1886.502327 -1957.925897 9790.891314 1534.029905 -247.788934 -1943.897573 -1923.318233 -1895.767376 -1889.244248 -1805.074146 -1537.450998 -1479.075398 -1762.725918 -1770.377780 -1918.913752 -1781.746825 -1820.082930 -1160.756178 -1555.861562 -1418.271592 -1253.666371 -929.119996 -955.906460 -1883.555590 -1852.850446 -1808.916948 -1833.238984 -1863.576643 -1892.397409 -1891.663056 -1881.079248 -1004.942881 -810.946261 -724.999846 -808.339038
-981.186763 -1003.282236 -982.913861 -1897.758159 -1904.499166 -1927.515189 -1934.624154 -1013.242228 -1014.368609 -1021.060310 -1945.406527 -1953.472969 -1961.709958 -1968.329717 -1557.419561 -1634.955396 -1735.754181 -1956.336160 -1803.133263 -1946.453407 -1193.377785 7650.967938 1341.306376 -1934.082103 -2015.380762 -1997.353408 -1981.033556 -1932.692370 -1765.173799 -1690.279714 -1892.036141 -1893.154188 -1881.447229 -1440.246437 -1823.340321 -1208.067358 -1204.825732 -1354.937511 -908.293452 -932.316716 -991.747118 -1886.086297 -1931.661845 -1916.860826 -1883.478216 -1874.568281 -1885.898823 -1896.161702 -1893.191809 -1893.840357 -1109.299346 -932.603051 -757.374855 -857.735082
-1901.371679 -1928.064207 -1925.939639 -1917.998677 -1915.297617 -1936.672371 -1946.794799 -1957.139872 -1965.695569 -1964.989432 -1971.252687 -1984.592855 -2001.207923 -1646.887112 -1715.053925 -1767.653942 -2032.466285 -1811.452129 -1803.050298 -1931.442293 -1147.353388 6406.855715 3134.373455 -326.525402 -2030.683243 -2057.428851 -2046.879546 -1964.253930 -1915.996952 -1972.400642 -2023.465958 -1961.969939 -1959.349737 -1908.943300 -1523.593720 -1374.731240 -1779.509065 -1775.640856 -941.699354 -974.820145 -1933.067312 -1944.263326 -1962.265476 -1952.749196 -1924.725253 -1916.905528 -1901.291301 -1885.969957 -1899.760494 -1335.661509 -962.729860 -829.441916 -850.260134 -967.859515
-1791.692752 -1833.735438 -1853.513902 -1916.755746 -1963.233719 -1989.274574 -1988.214330 -1985.318179 -1992.599615 -1993.669060 -2001.033761 -2012.689477 -2022.000716 -1771.954068 -1804.977678 -2000.301536 -1741.940953 -1798.158645 -1864.620222 -1974.445394 -2055.500495 3991.348182 4460.937788 -489.951376 -2040.606585 -2042.506834 -2036.849648 -2066.177351 -2078.541388 -2081.014693 -2068.078299 -2033.092500 -1969.427613 -1817.804722 -1401.537459 -1418.042519 -1829.575781 -1817.933954 -973.743129 -1026.624695 -1956.974069 -1975.557025 -1984.884919 -1970.199609 -1955.020347 -1936.575784 -1915.586638 -1904.228680 -1373.856326 -1004.748156 -902.829988 -816.664180 -927.662806 -842.335672
-1354.756217 -1309.493972 -1389.768485 -1484.759081 -1618.992378 -1859.031221 -2017.545095 -2023.156193 -2022.173774 -2021.876548 -2029.572332 -1773.844469 -1807.239270 -1974.440774 -1577.345423 -1626.104037 -1710.508343 -1756.144974 -1882.119367 -2004.598646 -2073.351577 113.722705 3247.465793 -1917.044486 -2052.241855 -2058.123733 -2055.113317 -2130.303421 -2139.003234 -2070.034532 -2120.114874 -2020.777653 -1916.029350 -1423.224994 -1274.404386 -1486.392294 -1582.937286 -942.638689 -1012.461931 -1998.437250 -1993.910988 -1995.844490 -1990.681636 -1984.203973 -1972.930850 -1954.764976 -1933.513835 -1473.594750 -1092.928256 -997.268678 -871.618201 -848.318888 -964.252011 -1037.087795
-1019.363528 -1000.961215 -1052.722560 -1159.477247 -1331.203282 -1411.816520 -1632.162879 -1927.434416 -2030.409480 -1988.248628 142.546541 -1941.406816 -1855.285306 -1413.430271 -1529.126428 -1787.586640 -1807.468047 -1840.825644 -1932.351637 -2041.754239 -2100.840812 -1194.141936 1350.449892 -2066.193016 -2066.675050 -2065.573795 -2064.142324 -2073.144192 -2077.014179 -2071.938648 -2065.288700 -2020.842426 -1765.862054 -1578.401826 -1522.517379 -1839.495722 -962.783856 -1026.553400 -2013.937380 -2017.359364 -2008.940720 -2004.665762 -2002.044402 -1996.675130 -1986.685705 -1976.434412 -1953.999900 -1360.702057 -1032.584027 -972.085326 -858.019672 -833.800445 -956.461432 -871.840916
-931.092904 -824.851452 -876.406385 -928.778470 -961.501662 -1871.851059 -1878.218609 -1895.518378 -1889.821536 -1794.259729 -1778.185063 -1382.036758 -1370.268206 -1457.078003 -1729.059287 -2013.496395 -1864.122702 -1931.755459 -1993.529235 -2092.656505 -2138.926716 -2179.892470 604.873864 -2074.310129 -2076.035158 -2075.548812 -2075.889916 -2077.835899 -2075.815365 -2071.657819 -2056.134791 -2035.783513 -1971.545867 -1886.730017 -2008.559212 -2001.470092 -1089.621372 -2032.477816 -2036.137377 -2034.635858 -2023.311224 -2013.742646 -2010.657526 -2007.171085 -1996.860724 -1992.617253 -1640.683632 -1263.006315 -1060.294057 -968.198336 -875.621933 -896.667551 -918.729486 -1021.213879
-958.722819 -966.232842 -995.024005 -1055.224611 -1089.764800 -1086.979529 -2019.196923 -1977.205155 -1892.846185 -1812.098709 -1464.850379 -1539.814917 -1593.804589 -1985.272470 -2024.568489 -1068.430798 -2027.676471 -1978.429070 -2035.335098 -2133.674252 -2205.238860 -2204.879839 566.795090 -2080.783059 -2083.090799 -2083.403265 -2082.966270 -2084.130217 -2069.124904 -2042.401453 -2031.744718 -2035.052525 -2017.033913 -1933.027473 -2009.604273 -2025.116561 -2057.467999 -2052.437917 -2049.948141 -2043.793856 -2034.615707 -2023.045357 -2021.406199 -2017.582827 -2006.237572 -1791.265269 -1431.114274 -1141.881492 -961.658874 -945.654190 -889.063397 -978.767054 -911.810571 -808.492162
-999.075483 -1002.443815 -1031.471427 -1081.691490 -2053.345155 -2047.214832 -1994.298240 -1984.719746 -1900.107060 -1542.358792 -1628.556651 -1983.356572 -2009.001014 -2039.255941 -2040.627965 -1079.896787 -2045.730527 -2039.774183 -2092.444014 -2167.600006 -2218.340834 -2228.273621 529.163721 -2086.044475 -2088.678205 -2089.249380 -2084.903757 -2078.287125 -2058.036964 -2101.649093 -2026.241827 -1950.210331 -1892.017646 -1895.976392 -1921.676990 -2058.464007 -2068.832498 -2069.682772 -2057.849433 -2053.121895 -2046.008347 -2033.839986 -2030.895897 -2022.161615 -1866.133395 -1617.396918 -1231.693127 -1058.709099 -963.506207 -818.167662 -986.126625 -948.365253 -845.204326 -939.948104
-1042.414494 -2024.024708 -2030.320464 -2048.073835 -2060.212162 -2057.374237 315.011126 -1901.349670 -1472.456955 -1908.903765 -1915.101168 -1952.682407 -2017.478926 -2058.517464 -1084.868491 -2056.288633 -2074.968123 -2097.671782 -2140.520194 -2210.857951 -2210.078053 -2248.621455 503.637162 -2090.797354 -2093.692072 -2095.270958 -2089.572297 -2085.126033 -2185.903658 -2145.723238 -2095.856578 -1982.790164 -1931.975256 -2017.922300 -2058.352038 -2091.975147 -2084.452933 -2083.338877 -2068.225284 -2062.074033 -2055.334959 -2044.247031 -2010.698527 -1902.872067 -1735.976286 -1199.956165 -1164.666149 -1006.558772 -854.352868 -911.015680 -947.925474 -865.985468 -933.078624 -941.099872
-1082.034545 -2020.792573 -2027.613239 -2034.620645 -2034.357624 703.388552 -1899.888818 -1889.562610 -1899.717490 -1923.588538 -1968.506968 -2016.889740 -1093.233103 -1118.061853 -1102.754820 -2080.018415 -2097.485223 -2134.843299 -2171.944390 -2220.416538 -2227.598584 -2257.787900 486.063857 -2095.012470 -2100.071728 -2096.788713 -2093.869611 -2090.389629 -2080.616876 -2185.987148 -2162.905658 -2141.687389 -2134.610527 -2122.181565 -2109.411370 -2083.956800 -2069.501506 -2097.252297 -2079.037305 -2071.202430 -2036.790970 -2024.314744 -1906.674547 -1755.155009 -1258.743395 -1214.111086 -1088.692242 -977.478054 -1131.223880 -1155.461096 -1316.813256 -931.899921 -947.477305 -949.150107
-1111.320684 -2042.751665 -2033.869794 -2017.648737 -1977.255492 -1925.377803 -1927.620641 -1962.486035 -1986.785955 -2037.105792 -1128.009452 -1141.495757 -1141.817612 -1146.128615 -2087.894735 -2100.036649 -2117.083643 -2164.385268 -2188.039227 -2221.756429 -2241.121933 -2087.180296 483.402496 -2101.849797 -2100.828659 -2099.692769 -2097.350642 -2095.438194 -2090.190738 -2211.755215 -2182.411161 -2182.701414 -2176.960184 -2157.926114 -2134.507870 -2129.766425 -2117.782518 -2107.445017 -2050.712291 -2046.576383 -1968.209025 -1897.830342 -1702.605028 -1297.936304 -1281.009209 -1168.740748 -1420.130758 -1350.040640 -1327.345978 -1526.248820 -1798.350525 -987.769060 -974.206881 -988.876359
-2062.840920 -2066.687120 -2058.097821 -2022.697318 -1967.282665 -1953.047282 -1964.061546 -1972.547880 -2031.866593 -2101.420789 -1153.209882 -1160.093967 -2118.824069 -2117.247751 -2106.923928 -2116.565115 -2179.899301 -2187.450706 -2202.706452 -2221.064838 -2363.444446 -2104.975894 107.923335 -2103.450098 -2103.108022 -2101.829687 -2100.181723 -2098.715247 -2096.456973 -2231.483324 -2206.161423 -2206.243876 -2200.676018 -2187.459980 -2158.895812 -2157.165673 -2147.873067 -2066.574202 -2062.508199 -1930.151981 -1814.819121 -1449.601341 -1270.959524 -1226.346513 -1135.545018 -1049.154613 -1020.323173 -1456.042949 -1683.494786 -1875.964749 -1899.571020 -1905.173119 -1901.418860 -1905.986731
-2066.034113 -2071.746903 -2055.926406 -2015.314270 -1992.036656 -1994.383925 -1995.189082 -2025.870274 -2078.753793 -1138.940736 -2119.373332 -2127.522987 -2130.734351 -2128.152570 -2124.793342 -2132.730475 -2146.335699 -2213.540423 -2222.837383 -2237.037135 -2259.752960 -2087.069364 -2086.604555 -2104.668311 -2104.714470 -2103.695907 -2102.367802 -2100.911360 -2099.979910 -2093.019073 -2228.455413 -2225.789053 -2219.960366 -2083.810225 -2070.768696 -2071.974127 -2070.009335 -1997.966817 -1891.834405 -1554.617131 -1404.234390 -1284.767823 -1274.673301 -1210.607184 -1091.018527 -1292.187862 -980.101789 -1676.401497 -1913.470488 -1940.929957 -1934.631026 -1927.050308 -1931.976612 -1929.686800
-2064.140289 -2068.335326 -2057.715803 -2049.763863 -2042.871219 -2032.476068 -2047.273978 -2090.923541 -1138.798096 -1144.008605 -2124.721365 -2137.060840 -2139.918082 -2135.483098 -2133.967546 -2202.885900 -2222.718173 -2231.842734 -2240.889958 -2242.515518 -2270.901011 438.650576 221.676298 -2105.731254 -2105.805405 -2105.281885 -2104.029765 -2102.322780 -2100.827703 -2097.909013 -2089.185327 -2091.852990 -2086.273979 -2079.786791 -2079.396425 -2034.884368 -1995.284232 -1837.522025 -1614.349408 -1431.973740 -1307.802409 -1256.820451 -1202.176004 -1185.969068 -1539.675653 -1586.418637 -1825.080531 -1942.586836 -1963.860663 -1965.872399 -1942.609151 -1940.615689 -1946.361605 -1953.090414
-2058.802608 -2072.571219 -2072.031737 -2070.022232 -2081.278375 -2085.185670 -2096.086057 -2117.830226 -1160.806579 -1164.023158 -1193.555484 -2141.692718 -2144.952428 -2140.590067 -2188.372568 -2218.952908 -2237.004210 -2246.706773 -2258.160970 -2260.969382 -2294.495054 409.292668 276.767156 -2105.743695 -2106.235064 -2105.823645 -2104.322054 -2102.362888 -2100.556484 -2099.656004 -2094.599005 -2247.648513 -2091.456735 -2141.436410 -2026.181123 -1914.343065 -1864.855971 -1755.744576 -1516.302914 -1339.803592 -1319.543160 -1222.191209 -1497.599135 -1431.778794 -1488.162540 -1871.916365 -1968.321956 -1992.109511 -1977.299761 -1959.213666 -1956.268676 -1960.075747 -1968.640419 -1974.660755
