geotop_simulations/templates/TEST_Venosta_3D_034_template/rec/SoilTemperature0000L0006.asc
ncols         252
nrows         194
xllcorner     598250.000000
yllcorner     5144500.000000
cellsize      250.000000
NODATA_value  -9999.0
[rows 84 to 111 of 194, columns 62 to 123 of 252]
8.149927 9.079110 10.212558 10.966335 11.339587 11.506006 11.359973 11.662612 11.889097 11.966191 12.946806 14.432512 8.046891 8.021610 14.472198 14.654407 22.155140 22.166060 22.077223 18.838239 18.548029 18.174917 17.781819 11.270590 10.779280 10.279680 9.756500 14.895291 14.130084 7.974155 7.401330 6.907509 6.517086 6.358050 6.429531 6.574979 6.889076 13.859999 13.805225 13.223472 11.549531 6.982263 10.159979 9.728576 5.073134 4.219985 3.335055 2.129268 2.400061 -0.003960 -0.007252 -0.020099 -0.029152 -0.055803 -0.066816 3.737655 4.094035 4.012802 1.680702 -0.057433 -2.170212 -0.002250
8.240876 8.983457 9.670028 9.678506 9.924627 10.166095 10.295675 10.614439 10.963973 11.350395 11.882046 13.376482 7.837986 7.947300 7.912974 14.401934 21.956474 21.850470 21.740823 21.521513 18.266643 18.074704 17.831295 17.543976 17.087762 16.257941 10.067658 14.953781 14.462445 14.065091 7.802348 7.312126 6.947607 6.828413 6.903280 7.029508 7.296358 7.909753 13.960547 12.700756 7.408911 6.948524 10.666360 9.967700 5.827521 4.934169 4.000445 3.046055 2.211097 -0.004187 -0.010622 -0.020487 -0.036188 2.806540 2.139093 0.409256 0.310247 -0.001569 -2.150687 -0.352139 3.606727 4.599508
8.362631 8.450830 8.567242 8.727539 8.960544 9.245499 9.519244 9.798312 10.188682 10.770000 11.263747 12.135549 13.735702 7.801498 7.815682 7.778950 7.771482 7.703005 14.060489 21.464691 18.265887 18.035869 17.796511 17.499761 17.074219 16.242029 10.432682 15.252706 14.718608 14.361521 13.794610 7.710507 7.390440 7.313564 7.372710 7.433836 7.801360 8.229306 8.084143 12.262295 11.552454 11.386860 6.244173 5.467986 5.316286 4.742473 4.010760 3.035713 2.268517 -0.004512 -0.020702 -0.026748 3.289762 1.773310 -0.005286 -0.027870 -0.488876 -0.440957 -0.375756 2.105338 5.331403 5.622279
7.242464 7.189530 7.425842 7.833254 8.269720 8.700392 9.130561 9.542878 9.907929 10.369597 10.937180 11.483715 12.660429 9.337265 7.740372 7.753995 7.725930 7.677570 7.588800 18.424655 18.044935 17.596894 17.392457 17.347947 17.246685 16.700225 11.688290 11.150587 15.088538 14.732830 14.139954 9.332659 9.191529 9.176480 7.873133 7.883156 8.242199 8.431502 12.521453 7.826219 7.347309 6.701403 5.882617 5.043035 4.303906 3.663915 3.295883 2.950909 1.879710 -0.003924 -0.020598 -0.029169 2.853662 1.046380 0.905237 -0.004786 -0.602664 -0.647033 3.221492 5.162921 5.920497 6.115654
6.023821 6.389390 6.956355 7.645691 8.277035 8.736983 9.101540 9.492391 9.871516 10.279324 10.903654 11.316589 12.273241 13.735536 7.668875 7.697753 7.653180 7.640995 7.585844 13.843983 17.818409 13.184600 12.885002 12.852345 17.377295 16.926518 16.221649 11.491560 11.009283 10.607464 10.184787 9.907249 9.780929 9.674381 14.777041 14.148946 8.552254 8.690357 8.438851 7.897412 7.318278 6.639050 5.858860 5.083868 4.317398 3.587566 2.930677 1.758663 0.429214 -0.004257 4.429025 3.400317 3.144004 3.311786 3.771511 4.232111 4.085524 3.932660 4.827099 5.635366 6.042119 7.005199
6.078570 6.690976 7.425552 8.119711 10.489040 9.189779 9.512739 9.860542 10.242996 10.637116 11.169659 11.540591 12.375315 21.845141 12.094644 12.039452 7.615234 7.602904 7.568744 9.116004 17.970301 17.936495 13.351157 13.105701 17.533852 17.151856 16.578890 16.158354 11.442878 11.071906 15.366609 15.310872 9.197137 15.264748 15.096333 9.074562 8.995979 8.741023 8.341220 7.836242 7.249472 6.585493 5.902804 5.185104 4.370024 3.666375 2.762060 1.039585 -0.003850 0.322306 5.413551 4.714161 5.352361 5.715780 5.759767 5.777189 5.564508 5.291460 5.554330 5.997134 7.182497 8.527699
6.733608 7.161474 9.338131 9.861536 10.507078 10.978098 11.337163 11.667890 10.617222 11.043984 11.545593 12.797061 13.482993 21.926452 9.249801 7.593152 7.568295 7.549494 7.538117 9.064505 20.852008 18.171267 18.212963 17.951192 17.601745 17.290825 16.827890 16.395418 16.097145 15.885079 15.764559 9.964938 9.827693 9.716341 9.633612 9.504406 9.152121 8.607405 7.979275 7.395008 6.859075 6.392762 5.890474 5.230704 4.390305 3.622131 2.618276 0.675979 0.666388 0.311619 5.054866 5.452820 7.207849 7.395809 7.159353 6.777495 6.737423 6.123347 6.199550 7.383729 8.757685 9.487478
6.994806 9.161565 9.272074 9.615418 10.388774 10.937069 11.389395 11.733130 11.979385 12.240491 12.720260 13.296819 22.294461 13.665628 13.741145 9.131142 7.474904 7.454483 7.428829 8.959816 20.450683 17.463276 17.447066 17.481952 17.346665 17.127306 16.900962 16.624343 16.290837 16.060741 15.973533 16.096853 10.356343 10.224520 9.906949 9.398783 8.856143 8.310086 7.688578 7.066618 6.467675 5.956872 5.549104 4.996085 4.232521 3.470790 2.381689 0.623365 1.141784 0.319388 5.221109 6.825437 8.216582 8.556642 8.622544 8.619161 8.520771 7.705066 7.151280 8.393731 9.574489 10.143344
8.743542 9.230066 9.525785 9.750759 9.722753 10.262482 10.717332 11.120343 12.162110 12.530443 12.922724 17.794365 14.158215 10.168652 10.816332 13.328205 8.899789 8.877907 8.857249 13.373146 20.216143 20.113686 19.953464 19.860220 16.878964 16.906645 12.800945 19.696120 16.477978 16.168351 16.252228 10.793114 15.613391 10.168494 9.601543 9.105582 8.504074 8.235092 7.762480 7.205571 6.181804 5.514261 4.887695 4.426445 3.894922 3.218521 2.124781 0.548695 1.158121 5.608480 6.509137 8.318549 1.587003 1.387167 0.967026 0.613024 0.505077 0.490169 7.772221 8.883050 10.126038 1.463870
7.577231 9.431612 9.862831 10.179132 10.293380 10.785240 11.148638 12.063749 12.353748 11.926541 16.946684 9.491628 12.780364 12.609192 12.500476 12.718948 16.792929 13.030762 13.004785 13.029506 13.119986 13.156896 13.103922 12.978667 12.848611 16.409899 12.424593 12.615533 19.270280 16.373494 19.348331 15.567543 10.398457 9.865934 9.508994 8.961801 8.305510 7.498660 6.889834 6.293603 5.767137 5.181824 4.461979 3.813249 3.401637 2.865612 1.909789 0.485761 1.241052 6.585765 8.447178 9.323430 2.066954 2.007655 1.934647 1.762015 1.808360 1.634059 1.582654 2.112946 1.731419 1.847255
8.006797 8.716246 9.986196 10.489869 10.688019 11.113430 11.376586 11.752423 15.994879 8.617517 14.375937 13.839037 13.046880 11.084477 11.068149 13.642646 11.852237 12.401141 12.583139 12.660407 12.774667 12.940153 13.012849 12.629491 11.019776 10.596898 10.088421 9.804869 9.714432 19.124087 18.804961 10.952919 14.366611 9.893182 9.670217 8.975789 7.787903 7.062247 6.388897 5.778443 5.229804 4.702719 4.032975 3.329601 2.690836 2.267297 1.675931 0.529820 1.948453 9.004052 2.624025 10.086001 2.460608 2.473736 2.616499 2.386474 2.686856 2.407969 2.332726 2.799597 2.449021 2.476365
8.555261 9.128552 9.831002 10.396151 10.757371 11.012895 11.048655 14.282236 13.718725 10.765267 10.459588 10.199533 10.095924 10.029906 10.013422 10.177548 10.690951 14.897421 15.734606 16.034898 12.500186 12.682167 12.838830 10.039599 6.831247 10.239185 10.097220 9.833479 9.677853 18.796505 18.446245 17.957724 14.815430 10.524855 9.765660 8.402010 7.642606 6.867841 6.138314 5.489753 4.808838 4.124538 3.539672 2.983733 2.373862 1.829283 2.481173 2.780965 9.671312 3.173235 3.113704 3.132513 3.127738 2.955797 3.086292 2.931358 3.158204 2.983746 2.766973 1.583802 2.909230 3.193623
9.013877 9.566080 10.111492 10.403790 10.570226 10.727841 10.617389 10.349500 10.036873 9.819306 9.575210 9.278303 9.160839 9.188976 9.320619 9.523949 9.932533 14.197896 14.900415 15.538054 12.252788 12.525872 12.697539 10.645063 6.780156 9.601605 10.374052 10.146482 9.963352 18.883335 12.069880 15.254909 14.688816 10.501083 9.157091 8.383695 7.592017 6.803884 6.019357 5.240803 4.459337 3.743952 3.152357 2.661055 2.160872 3.000934 3.403619 3.875455 3.752090 3.701101 3.578333 3.597825 3.634111 3.715914 3.486408 3.312572 3.502605 2.235308 1.884739 3.388961 3.236901 3.756624
9.354722 9.732915 7.471389 8.747296 10.635677 9.580195 9.682159 9.420647 9.113112 8.850176 8.631935 8.402313 8.235778 8.324630 8.677861 9.091194 9.455068 10.313768 10.670711 10.847069 11.194903 12.008116 12.465388 12.527954 6.697910 6.669050 10.428511 10.430209 10.306377 12.177145 12.052099 15.390913 14.793790 13.954524 9.825642 8.419842 7.607339 6.793828 5.986972 5.149642 4.314355 3.631214 3.003474 2.451603 3.385187 3.766616 4.150615 4.158690 4.125898 4.096279 4.134951 4.225489 4.279844 4.359677 4.119057 3.823080 3.113031 2.660249 2.255250 3.638739 2.067491 3.890174
9.648942 10.830481 8.593240 13.073047 8.685143 8.808171 8.476068 8.202142 7.996494 7.766294 7.435969 7.262950 7.237828 7.497349 8.065198 8.613194 9.127158 9.855995 10.061793 10.227763 10.550137 11.017171 11.550482 12.435604 6.682220 6.671801 10.416311 10.585986 10.567216 12.142145 11.992138 15.333576 14.739048 14.054098 13.157740 8.528840 7.711010 6.874602 6.063822 5.241288 4.462866 3.836659 4.561819 4.113327 4.022051 4.336682 2.677309 4.314298 4.389490 4.578339 4.696478 4.771166 4.879116 4.921138 4.731354 4.771113 3.497950 3.026216 2.485849 2.323277 2.055198 2.442501
6.891531 5.608193 12.936896 8.433958 8.302523 7.701352 7.295764 7.045822 6.814934 6.594967 6.268015 6.137949 6.448068 7.023341 7.708157 8.159269 8.773293 9.204074 9.458065 9.754225 10.203949 10.622507 11.150390 11.700291 12.435402 6.025774 5.976718 10.329025 10.859298 12.120095 11.942391 11.179281 10.747251 10.672163 13.186730 9.209666 7.825032 7.000948 6.208207 5.424651 4.716398 4.112635 3.534888 3.082656 4.523697 2.949740 3.062003 3.380076 3.626077 4.031446 4.271795 4.361434 5.382299 9.759904 9.688182 4.282455 3.753898 3.187901 2.579342 2.254413 2.084640 2.146668
6.561340 8.601043 10.265414 7.940160 7.364256 6.730619 6.159977 5.834093 5.682237 5.594573 5.516877 5.661805 6.088239 6.537211 7.091694 7.651123 8.082932 8.521650 8.935464 9.291452 9.843169 10.372967 10.864914 11.458686 12.297202 6.572652 5.969645 5.920463 9.798081 11.567914 11.383745 11.175729 10.767112 10.675340 13.186582 9.317270 8.622227 7.225137 6.448934 5.726301 5.068573 4.478060 3.971892 3.590929 3.394008 3.406185 4.772668 3.799825 4.136132 4.551775 4.854894 4.954803 10.196960 10.007626 5.573593 4.496600 3.929483 3.341807 2.753841 2.342957 3.593874 2.327374
11.638814 7.413801 7.486384 6.936590 6.434723 6.011983 5.465830 4.883121 4.613595 4.624849 5.537369 6.214896 6.354477 5.770285 6.233069 6.811670 7.461823 8.058205 8.574702 9.009675 9.518565 10.095251 10.619516 11.236184 12.158437 7.734551 6.520086 6.453980 5.828547 9.734770 11.367681 11.192493 14.763692 10.791764 10.191947 9.565908 8.986425 8.315304 6.847756 6.171628 5.555071 5.014061 4.544917 4.185925 3.966623 3.915061 3.947452 4.100217 4.447260 4.911802 5.316567 5.462628 10.457886 6.100230 9.471054 5.166567 4.113653 3.604193 3.079919 2.672918 2.607449 4.044231
7.509810 7.344869 6.678055 6.101760 5.581201 5.217933 4.846100 4.366979 4.371792 4.331017 4.730312 5.240532 5.449694 5.113152 5.697981 6.389666 7.257189 7.950925 8.395633 8.827942 9.311532 9.871615 10.449183 11.069813 12.036456 10.883062 6.482305 6.426116 6.405530 5.804580 12.601015 11.202777 14.924924 14.294698 10.474615 9.903323 9.281267 8.682111 8.094048 6.659717 6.097125 5.600976 5.158957 4.826874 4.584708 4.466136 4.478324 4.577891 4.748824 5.164338 5.656590 5.886911 5.897003 6.284156 5.812946 4.807985 4.374227 3.921738 3.508436 3.164571 4.428944 4.500866
7.102212 6.703453 6.103970 5.539408 4.883942 4.265020 4.607192 4.805381 4.650115 4.418017 4.479590 4.777439 5.350026 5.006880 5.743330 6.475358 7.268774 8.124905 8.575723 8.911588 9.305075 9.763907 10.295081 10.912848 11.435130 11.847179 6.449020 6.406605 6.384526 5.780875 5.755679 15.276201 14.982327 14.543259 10.724625 10.223233 9.600711 9.039420 8.511518 7.919920 11.467897 6.177510 5.790089 5.483815 5.236436 5.079838 5.036813 5.138207 5.299773 5.569768 5.996574 11.053890 10.552339 6.499846 9.506924 9.405445 5.636573 5.351708 4.042161 4.962292 4.877949 4.869283
6.123261 5.908758 5.450579 4.860658 4.296920 3.741345 4.015858 4.559131 4.744033 4.851108 5.097127 5.289996 5.762198 5.149563 5.908592 6.410039 7.162683 8.236400 9.880921 9.156021 9.469722 9.769485 10.499268 10.725483 11.289598 12.042532 8.633643 8.625392 6.359386 6.327562 6.299587 5.697852 11.050660 14.934594 14.646094 10.542959 10.018171 9.481347 8.942956 8.402849 7.982152 11.672639 11.437859 6.143120 5.906965 10.823439 10.818802 5.729415 11.028452 6.140974 6.422464 11.377293 10.676817 6.770425 6.528930 10.069450 9.935551 5.857057 5.671012 5.528370 4.256499 5.328604
5.495381 5.286202 4.901683 4.272659 3.672085 3.937353 4.107423 4.550407 4.749934 5.143210 5.527322 5.650531 5.780051 6.244046 5.693312 6.243794 7.088879 8.007751 8.611854 9.046433 9.407620 9.785637 10.104296 10.531117 11.072838 11.910760 11.346918 8.573356 8.543600 6.298251 5.713595 5.683531 11.356154 10.910080 14.878607 10.863980 10.402957 9.918483 9.416494 8.933380 8.536323 12.179465 11.891293 6.779526 11.327815 11.262140 11.240508 11.261644 6.534998 11.485276 7.428109 11.650866 7.092562 7.251510 6.949039 10.540537 10.361015 6.406889 6.269526 5.168455 4.977767 5.881820
4.810490 4.576065 4.782349 3.849417 3.969223 3.981029 4.565026 4.649686 4.611278 5.000064 5.337819 5.492082 5.512586 5.634702 5.318126 5.958383 6.790268 7.635835 8.203473 8.694057 9.166982 9.614941 14.254684 14.285766 14.776246 11.293285 15.399395 8.545318 5.741764 6.264447 6.241354 6.222642 6.177125 11.418357 11.366763 14.779304 14.371654 10.308040 9.873318 9.437711 9.053256 8.705648 8.394490 8.130388 7.938438 7.820618 11.678352 11.653222 7.775116 11.786810 11.933590 7.761118 7.512779 7.193219 7.393112 10.949122 10.856248 10.848631 6.862929 10.758372 6.567319 6.465007
3.805378 3.479608 3.467718 4.021490 4.112627 4.239987 4.253371 3.973872 4.245153 4.915929 5.435071 5.746964 5.834678 4.788779 5.380939 6.034473 6.825601 7.579662 8.151835 13.126226 13.640552 14.005751 14.592306 10.445547 10.852665 17.956697 17.962445 17.903872 10.013623 6.228264 5.665512 6.210025 6.171622 6.127624 11.357038 11.217859 11.045079 14.395944 9.747297 9.336666 9.580463 9.249934 8.956752 8.708158 8.527784 8.389054 8.308323 8.308785 7.917364 8.038929 8.044646 8.241340 8.234204 7.708533 7.903536 7.731891 7.607127 11.383503 11.294724 11.204338 11.051032 10.961280
3.209201 3.011637 2.957700 2.952668 3.885926 3.743989 3.490547 3.708571 4.504509 5.237309 5.717737 6.112449 6.412140 6.616375 5.719717 6.291257 7.035382 7.724584 8.247555 13.701063 14.134159 14.506389 14.829042 10.376467 10.749195 17.337087 11.121002 11.752741 11.201636 5.674523 6.209139 6.188513 6.158748 6.106768 6.039128 17.229518 10.599387 17.370007 17.214255 9.870273 9.552788 9.242065 9.524432 9.281215 9.101120 8.958632 8.888775 8.537104 8.581468 8.639852 8.622194 8.682217 8.717874 8.243826 8.011212 7.855457 8.215269 8.118920 7.472670 7.322235 7.144308 6.966762
3.283222 2.844035 2.507981 2.430318 3.422327 3.403908 3.947671 4.717946 5.076551 5.437365 5.768074 6.291901 6.752789 7.168756 7.471851 6.655002 7.325303 7.973186 14.102506 14.403799 14.753474 14.745644 9.819996 10.026974 10.356452 10.625275 10.869152 11.148376 11.267644 5.672931 6.174343 6.163563 9.892958 9.848442 9.798527 5.521173 7.915845 17.077036 17.093871 17.279365 10.526548 13.899263 9.539215 9.804772 9.639649 9.493412 9.415090 9.112295 9.107285 9.086559 9.155008 15.390664 9.174044 8.776143 8.626859 8.515319 8.416147 8.331563 8.231897 8.102420 7.939537 7.753300
3.300302 2.875728 3.839169 3.706277 3.462688 3.648480 4.590667 5.070703 5.231536 5.400768 5.767459 6.397407 5.636020 6.110123 6.587834 7.084673 7.608613 14.187482 14.414460 14.475793 13.671371 9.168077 9.302236 9.495199 9.892580 10.681322 11.064292 11.514334 11.758791 7.177335 6.149204 6.103925 7.516478 7.253608 5.518196 9.863576 9.795038 9.742418 9.616233 5.833182 6.013523 5.677149 7.789634 7.711287 5.494435 7.656431 7.540029 7.408591 9.194910 9.141703 9.160454 10.446297 6.469394 9.449061 9.452518 9.115360 9.064895 9.019725 8.961600 8.869319 8.742696 8.573839
3.285583 2.938067 4.240224 4.009950 3.712977 4.215401 4.763705 4.966315 5.142448 5.303673 4.549195 4.857488 5.168249 5.684189 6.371406 7.002331 12.691849 13.387021 13.199175 8.343009 8.342796 8.415898 8.652356 9.010892 9.437578 9.934270 10.374209 10.804982 11.114287 11.727857 10.105880 10.317584 10.616038 10.491332 15.987668 10.555812 9.614019 9.648645 5.968149 5.896558 5.833634 5.773185 5.675974 5.608602 5.569928 5.512204 5.475280 5.448878 5.410109 9.187697 9.208084 5.364076 5.054778 5.038571 5.361176 5.371829 5.369756 5.372145 5.433877 9.765646 9.738541 9.670241
