geotop_simulations/templates/TEST_Venosta_3D_034_template/rec/SoilPressure0000L0007.asc
ncols         252
nrows         194
xllcorner     598250.000000
yllcorner     5144500.000000
cellsize      250.000000
NODATA_value  -9999.0
[rows 144 to 167 of 194, columns 55 to 109 of 252]
-1297.871290 -608.364879 -628.238123 -408.073179 -392.972816 -395.855591 -421.041327 -467.468200 -490.470989 -519.114759 -530.349915 -548.409568 -865.781149 -887.865929 -908.983282 -925.371896 -952.022120 -1032.868481 -993.537701 -933.002466 -867.019944 -796.145380 -510.414080 -508.905084 -515.720274 -517.869212 -518.451381 -522.774384 -850.077119 -905.192333 -963.935196 -684.145999 -686.275746 -913.937000 -823.137504 -728.427815 -632.058184 -507.527180 -424.791641 -405.458117 -368.838089 -305.937199 26.171864 -4175.426560 -184546.665332 -132894.540532 -655.472591 -262.013597 -327.237755 -364.376866 -378.961594 -393.355261 -149.291974 -73.283408 5.389801
-3250.879663 -355.951690 -401.317496 -408.503465 -432.453437 -469.364080 -482.660766 -491.699005 -520.734374 -530.696462 -540.565446 -716.152894 -746.193967 -949.816033 -950.768365 -956.941215 -1048.612365 -1008.689294 -960.094045 -910.884849 -849.491990 -763.864828 -503.124097 -495.703352 -492.276833 -498.886873 -508.516649 -512.745072 -788.364973 -864.802148 -551.960319 -564.436570 -692.882541 -931.439004 -851.069976 -753.323591 -645.000676 -524.585082 -426.991531 -401.858164 -357.228608 -283.776269 -10090.263395 -156721.812157 -35525.353007 -222.053831 -383.860328 -325.510733 -435.558817 -398.632692 -406.160766 -289.640666 -211.847118 -152.694344 -59.017941
-3592.715893 -371.177950 -398.319339 -408.814440 -428.515424 -465.378952 -487.266933 -500.456187 -661.148519 -539.653297 -693.174258 -714.432531 -744.056556 -975.932346 -990.052929 -690.978471 -1025.780097 -970.190912 -926.676333 -878.773139 -529.577206 -510.629371 -493.167495 -483.564101 -481.409622 -486.030830 -500.030019 -512.491064 -516.949290 -525.398672 -891.722803 -954.193038 -693.671241 -935.326035 -862.891802 -774.154103 -680.387218 -594.054526 -557.428619 -473.231624 -447.016596 -374.225848 -302.298046 -260.431445 -419.969417 -337.799497 -438.564955 -441.306175 -436.641809 -430.363560 -348.347972 -279.977854 -180.301732 146.803827 -183206.314236
-3821.885629 -324.971897 -389.710351 -410.273166 -424.184766 -439.916467 -535.207561 -571.720638 -633.512352 -630.838674 -657.321847 -802.039146 -879.125205 -742.830918 2866.485603 -675.353968 -971.844000 -922.642158 -879.396553 -839.320666 -754.024241 -666.501568 -481.109053 -475.475853 -478.693398 -487.892078 -502.923287 -514.324699 -518.151573 -786.829543 -852.984349 -914.749346 -688.101388 -914.184581 -850.303680 -766.620488 -685.169133 -604.546119 -548.696158 -460.605961 -554.393711 -2204.588174 -348.242740 -355.083789 -432.836495 -450.176343 -457.706063 -474.417996 -461.792148 -348.172514 -294.311096 -176.224779 -44.268069 -6022.845348 916.082992
-200.940275 -292.236750 -374.646675 -401.219744 -408.201811 -415.872525 -433.602813 -445.898316 -549.053936 -581.585203 -657.248953 -707.423334 -744.566838 -799.671130 -642.957365 -695.297711 -929.092389 -853.930377 -809.566746 -787.349270 -748.673500 -698.858772 -506.572755 -499.415688 -497.586017 -482.423151 -490.981763 -502.359060 -507.162352 -753.550588 -819.699465 -887.060894 -948.648473 -886.244361 -830.930839 -755.873131 -682.838626 -597.316239 -528.730271 -401.071960 -404.575496 -388.382095 -365.131165 -427.492245 -440.888425 -488.157411 -490.483398 -482.898701 -446.362385 -346.143352 -310.305413 -141117.501950 -125853.829215 -2177.474878 -5265.119013
-223.059555 -231.867702 -365.249812 -383.081251 -419.780004 -436.675313 -464.190980 -486.541947 -486.015194 -616.186140 -631.034838 -730.949637 -784.885417 -837.140306 -899.024902 -1008.471140 -905.902488 -829.332931 -790.554084 -740.170932 -662.534741 -654.346197 -496.651455 -486.354002 -464.690812 -464.899518 -470.406346 -486.274729 -500.858487 -511.049406 -796.587572 -537.224227 -944.031561 -879.118669 -831.400954 -762.800645 -693.058786 -623.202620 -536.435551 -441.828835 -569.294825 -1964.825293 -412.724440 -453.577859 -483.275901 -493.279232 -489.326657 -460.883280 -431.327571 -352.709356 -419.622196 -165984.771299 -131642.235945 -89406.292782 -56235.093333
-336.389600 -352.114709 -382.810718 -423.549590 -440.359386 -463.950278 -487.994968 -505.700237 -519.114952 -687.366097 -705.157421 -725.283478 -934.070887 -678.672291 -688.283958 -979.385004 -863.116361 -694.406433 -697.426283 -765.190477 -706.942730 -487.362579 -471.627222 -451.494704 -441.798883 -450.508986 -462.062661 -475.315868 -493.243443 -642.057598 -746.758404 -526.921666 -856.495624 -883.674877 -838.159909 -778.796445 -713.386332 -646.133799 -567.494714 -506.596777 -409.221026 -471.518548 -471.192570 -486.383030 -492.192298 -495.066798 -522.155921 -641.576586 -612.532113 -367.335372 -467.223659 -201504.972034 -118248.687145 -1114.351973 -630.551021
-375.788475 -392.843772 -422.773560 -444.855877 -462.000157 -480.745001 -490.853894 -628.068013 -657.507663 -671.004609 -678.052368 -816.396060 -898.557562 -961.616040 -1001.933004 -957.563574 -832.334318 -677.988569 -678.924473 -659.117880 -495.702795 -483.972400 -470.865505 -446.957309 -437.729484 -447.601175 -459.636510 -475.098502 -491.559665 -633.154896 -642.042069 -763.317567 -816.488250 -890.556603 -715.825027 -792.288863 -741.644744 -678.489687 -615.274995 -554.881890 -513.699233 -504.967551 -562.801924 -504.525215 -509.958473 -566.948190 -457.132209 -440.786499 -422.587920 -363.895425 -469.574067 -207489.090623 -136992.104080 -893.069382 -669.475251
-455.362488 -449.030041 -456.260857 -475.188455 -492.951006 -501.507173 -512.138108 -666.679306 -680.223411 -686.067370 -701.867520 -718.974836 -910.324802 -956.703036 -992.861080 -957.066515 -817.451163 -746.277763 -622.715910 -486.844422 -480.009024 -472.512454 -468.800644 -464.156814 -466.759437 -473.692487 -482.626220 -493.453811 -496.290823 -497.533611 -634.238499 -733.289481 -771.327164 -795.507234 -722.086025 -809.782180 -777.713424 -716.124605 -655.443818 -605.182190 -579.553402 -586.211203 -607.274902 -636.282576 -594.269755 -518.093677 -467.623237 -445.763035 -417.764330 -356.548095 -1304.038814 -201689.863420 -141641.742490 -1640.864765 -507.663838
-454.528746 -478.279264 -487.526919 -625.121673 -625.047262 -641.379771 -656.931028 -531.542889 -676.861275 -692.766241 -712.530695 -726.593312 -913.758067 -949.473386 -754.401529 -919.960971 -826.016993 -652.985116 -605.069576 -472.809720 -461.688499 -455.870552 -438.532207 -441.999287 -454.676469 -454.162307 -463.269895 -477.860358 -484.227219 -484.684394 -618.110402 -638.084357 -658.096764 -751.997577 -765.944663 -713.941457 -798.144501 -753.422291 -701.521133 -664.584862 -638.862480 -644.557632 -663.394643 -616.878931 -576.668878 -521.480904 -446.804489 -438.196533 -405.719871 -522.542780 -2830.679479 -160959.793072 -106452.463384 -349.172122 -415.826532
-472.081744 -489.850537 -622.418745 -627.919475 -648.395476 -661.285011 -665.058937 -669.472804 -681.653202 -697.682334 -712.720092 -896.834587 -921.481130 -672.212579 -733.057011 -715.480718 -823.368282 -677.748773 -497.324234 -474.129376 -453.425382 -409.244637 -380.485539 -375.078647 -388.034033 -419.006813 -423.848300 -443.002532 -464.578876 -480.122583 -491.140301 -634.220989 -502.693817 -717.816573 -660.319341 -630.383147 -657.255394 -645.840933 -636.026928 -721.951557 -701.795974 -700.582158 -665.213044 -617.440160 -552.293555 -493.839042 -455.919198 -430.078960 -382.946962 -1200.488647 -4331.166923 -449.234874 -72.988429 -1325.803816 723.042398
-373.187945 -371.376745 -373.382291 -410.319474 -401.751108 -441.765796 -448.558757 -406.786317 -529.342401 -537.957840 -859.292454 -854.950867 -867.476022 -607.394137 -694.455067 -800.811377 -791.473676 -669.884791 -645.235792 -485.555531 -439.151690 -383.670400 -353.457067 -297.423658 -318.796781 -379.466418 -416.470284 -428.323156 -482.196889 -498.230826 -497.049915 -486.899842 -612.818747 -616.630688 -682.934074 -707.378169 -610.836855 -410.893233 -650.181836 -645.522654 -644.654493 -731.425741 -683.819395 -619.656254 -564.732077 -474.714267 -458.107151 -427.529445 -357.124959 -472.527693 -330.393369 -264.829916 -86.649130 1493.452289 -120225.783524
-339.024803 -347.972132 -361.622593 -376.293692 -402.112292 -442.624899 -459.920242 -479.537317 -614.987328 -522.520844 -675.289499 -759.767859 -791.125381 -498.740236 -669.547286 -761.312028 -704.007263 -621.072838 -599.370971 -561.172486 -453.990176 -391.870811 -311.192841 -7111.752730 -5368.431760 -358.798880 -425.144213 -446.248205 -490.887488 -490.662148 -483.597800 -604.493142 -474.598576 -634.787106 -642.425361 -602.219606 -667.341824 4840.367510 7814.821355 -655.607544 -653.230463 -730.429437 -683.003993 -631.426965 -574.283678 -495.433914 -450.380568 -436.519994 -426.219511 -380.450425 -346.934483 -342.935157 -231.328793 -202967.156240 -132306.685201
-297.686541 -331.950542 -363.866938 -382.155176 -410.821295 -451.754556 -468.198307 -319.120896 -395.831418 -486.323007 -603.374933 -677.869309 -687.470519 -502.552725 -562.485533 -716.522149 -660.450222 -587.872434 -474.678190 -469.873986 -437.390106 -419.339209 -396.428192 -332.650546 -400.040858 -419.280208 -431.494610 -462.875755 -465.625608 -470.052410 -470.542152 -466.967862 -552.013577 -546.191886 -556.202932 -574.774785 -589.734773 -652.444893 -663.619773 10470.977083 -650.816128 -632.234939 -685.669301 -630.261714 -558.052704 -494.122052 -462.519862 -447.692117 -442.924489 -442.659083 -390.258718 -343.363965 -413.744374 -2837.850527 -152165.663522
-265.533456 -291.075877 -333.722928 -362.102799 -367.524371 -435.835851 -220.721082 -262.526815 -318.882905 -431.476521 -505.642994 -584.334212 -625.374719 -383.479131 -542.400351 -614.160984 -582.004605 -497.025247 -436.326827 -434.311130 -411.343951 -395.875806 -333.882946 -298.053171 -376.866071 -404.569143 -357.799165 -393.100285 -426.895248 -430.952081 -434.380504 -445.874190 -483.135355 -503.575728 -526.292901 -544.476443 -568.684662 -583.002410 -633.067369 -653.104304 -700.410863 -629.752190 -682.363686 -629.872590 -574.260117 -523.124081 -475.151742 -472.718657 -465.701729 -559.236892 -476.371509 -2324.410501 -224.441999 -2629.780530 -183251.399614
-157.364600 -188.013936 -203.610121 -251.647679 -271.316917 -363.730886 -161.277686 -222.806922 -409.693437 -434.914067 -369.903018 -425.986436 -555.150853 -368.259642 -470.152040 -476.451053 -552.165883 -437.023151 -414.635286 -387.054356 -326.722063 -2434.716395 -147388.392161 -157641.867942 -108531.407601 -167889.418624 -278.993632 -263.096630 -360.472103 -379.176365 -404.973900 -419.151607 -438.970875 -453.761599 -464.150319 -520.548512 -542.175908 -562.208365 -610.219347 -622.072315 -515.477272 -419.464697 -687.224676 -640.863928 -594.380727 -561.138683 -535.127458 -514.733689 -493.758861 -429.610812 -621.320543 -3396.841718 -500.944705 -3290.220921 -206527.559930
7.119465 -35.310351 -56.851422 -72.764602 -181.657554 -289.220915 -126.232738 -310.314759 -332.301813 -366.168107 -390.464633 -417.905724 -397.789045 -427.853024 -336.941638 -448.510427 -467.105172 -442.127911 -395.584626 -2135.108419 -3079.362862 -193465.731367 -170879.776803 -128244.771473 -98086.527767 -123047.806434 -175671.960028 -1870.760509 -252.015636 -352.365617 -375.866061 -408.242283 -430.968391 -451.342729 -459.569487 -454.302601 -450.977850 -552.639071 -579.073284 -600.589957 -624.695202 1849.761597 -649.807964 -656.666266 -624.145513 -604.550605 -585.369357 -561.108709 -547.339944 -385.229361 -484.899814 -423.688664 -577.610587 -4152.737225 -211556.927892
-783.530847 -345.720603 -391.771768 358.618122 -57.341755 -193.209576 -90.375201 -245.532998 -425.402527 -183778.782391 -318.932808 -405.035392 -393.016051 -250.537023 -305.775269 -416.806844 -425.415977 -457.695897 -438.483082 -7001.412348 -201794.319904 -135058.859606 -113487.277159 -93431.338123 -870.005682 -97384.087174 -100993.974542 -134809.791436 -160067.761745 -328.861348 -350.863222 -406.753887 -438.727151 -447.618968 -444.914959 -440.659784 -439.290569 -442.008400 -499.691515 -557.829263 -556.051217 -388.001955 -655.584345 -673.035136 -623.116889 -615.777451 -602.069409 -571.551769 -510.410250 -474.198706 -457.104949 -424.862609 -506.320835 -3853.189542 -205448.006463
-447.915349 -80.071375 -403.433221 -388.742170 91.263846 -86.892730 -39.060855 -216.346549 -319.028204 -295.651520 -307.523261 -316.081020 -313.378296 -238.132159 -391.962060 -379.660382 -375.805905 -409.042000 -439.937740 -404.104781 -158889.841060 -63130.365691 -3643.674390 -963.209179 -487.467925 -68402.615982 -97270.401708 -108336.105005 -130534.539416 -147.279818 -273.992250 -347.151365 -386.300788 -401.345372 -397.084373 -398.384467 -417.803547 -382.512740 -441.254477 -486.927614 -540.221368 -401.177717 -635.934401 -626.482324 -570.320396 -554.580893 -539.747331 -508.733568 -480.583055 -463.263171 -445.438182 -403.861079 -428.763923 -2654.715195 -226398.721547
-9999.0 -418.768675 -334.084733 -416.581909 167.626112 -10.337878 68.778477 -49.406179 -109.537017 -253.963023 -211.837965 -258.034988 -266.098822 -211.817131 -366.497881 -342.438917 -328.570499 -307.027285 -375.936706 -384.049346 -356.867507 -33144.986826 -1665.706106 -869.816761 -487.942332 -615.523681 -3581.261116 -78829.278455 -110809.109532 -2893.184192 -19.742192 -48.354792 -264.980874 -304.167083 -343.020192 -360.147787 -383.591990 -427.076214 -404.482602 -480.314904 -533.268543 -562.655853 -616.710028 -572.598334 -490.996530 -474.050406 -471.824877 -438.534790 -461.991751 -439.481371 -417.838505 -393.121536 -56.705273 -2229.562245 -109432.955112
-9999.0 -57.516464 -56.495965 192.873573 -19.789405 324.662796 342.347502 398.776588 -155421.178749 -431.417027 200.438584 -28.378694 -188.336767 -155.677023 -269.955754 -277.675964 -226.637903 -151.053564 -113.242888 -290.716108 -209.236080 -3160.582449 -104263.009951 -80661.124211 -514.124545 -481.313585 -536.592098 -1341.750554 -90172.870009 -114164.295654 -127074.466520 -170722.898847 673.400271 -232.182046 -299.124407 -333.904156 -370.758304 -403.247556 -422.439195 -485.355778 -529.355185 -562.269201 -603.208861 -501.903925 -483.007430 -459.883537 -457.144001 -453.382010 -428.790331 -445.399349 -641.561179 -222.705091 -1143.914076 -20169.615970 -45071.152849
-9999.0 -9999.0 186.658688 206.870111 483.340638 -174251.785476 1245.717400 658.842840 -102504.154751 -492.396884 -7044.996178 249.955496 -45.748013 121.380998 -180.090183 -185.649705 -64.690300 309.593008 -6891.168342 54.758931 131.003406 -1573.433511 -144809.992813 -98403.229937 -825.860863 -465.969549 -445.102623 -381.928792 -431.048197 -85589.347709 -108258.776236 -126148.307016 -134896.391448 -194574.391185 -229.228468 -336.386360 -377.651073 -418.486505 -440.474666 -478.077799 -516.129624 -566.853413 -600.792886 -502.636663 -472.795229 -453.682409 -431.410067 -453.572691 -1239.093747 -44905.255617 -63030.192599 -72267.026635 -67310.502467 -41629.878632 -48719.266533
-9999.0 -9999.0 -150.887013 92.102637 335.661062 811.309276 -492.461049 1160.883279 547.593312 -449.420574 -42634.950192 269.452631 -86.967864 1512.892363 221.730302 -57.013924 -4884.387000 -70644.364730 43.412863 1892.921765 2843.795702 -191197.249441 -160366.893335 -117694.457181 -84900.635943 -473.811376 -212574.169759 293.327732 65.325238 -5938.946518 -366.229307 -491.261930 -842.820506 -209.175616 -301.621466 -418.489701 -440.977255 -449.292515 -408.911829 -469.201541 -509.312566 -565.736902 -590.899175 -530.119976 -468.891148 -452.608252 -387.947061 -630.900952 -2351.996107 -39829.244072 -73182.537787 -86949.519326 -63723.080288 -43246.729049 -201102.380521
-9999.0 -9999.0 -9999.0 -430.164480 113.533686 724.325003 1260.864878 1513.107340 677.829135 -445.059901 -290.127840 -86.226440 -10.260390 -43921.927919 -112935.874909 688.782501 598.969244 -383.546642 228.652951 329.779228 881.110678 2392.985623 -60728.354535 -109043.251574 -95788.242739 -463.452499 -165.263528 -192.231558 121.044664 -12.315280 -118.170241 -327.749466 -432.696606 -434.964330 -437.937276 -441.433775 -452.938672 -458.617211 -461.347679 -481.369905 -520.327567 -484.002365 -487.317852 -502.555833 -432.882305 -443.555449 -377.935536 -518.255763 -1549.415153 -5258.403040 -27499.915305 -59818.796305 -210921.903908 -206254.814040 -6192.413806
