geotop_simulations/templates/TEST_Venosta_3D_034_template/rec/SoilTemperature0000L0002.asc
ncols         252
nrows         194
xllcorner     598250.000000
yllcorner     5144500.000000
cellsize      250.000000
NODATA_value  -9999.0
[rows 112 to 139 of 194, columns 63 to 125 of 252]
1.691839 1.586404 1.478908 1.444871 1.720667 1.877349 1.880138 2.160480 2.460573 2.697284 3.601205 3.886405 4.272275 4.945115 5.606075 6.042193 6.541023 6.906728 7.038326 7.093979 7.151431 7.295497 7.593473 8.039485 8.525692 8.981468 9.480431 9.965614 9.484561 8.870765 8.744623 9.765309 10.128048 9.974641 5.654527 4.785615 4.773483 4.745281 4.701571 4.658548 4.618510 4.563442 4.524269 4.485458 4.443486 4.407950 4.375072 4.350263 4.333401 4.321253 4.316628 4.645990 4.650596 4.329902 4.337573 4.328909 4.321812 4.307789 4.279807 4.241142 4.203679 4.158193 7.745436
1.490118 1.226951 1.225641 1.259281 1.527944 1.662949 1.789691 2.140407 2.381332 3.049884 3.358839 3.685037 4.172335 4.811044 5.351727 5.928309 6.295125 6.460797 6.474082 6.416699 6.470528 6.661885 7.079584 7.585289 8.061905 8.587478 9.114976 8.754891 9.339452 10.761388 8.698247 8.749483 9.950434 9.955354 4.787205 4.793087 4.770967 4.736418 4.699610 4.659553 4.620439 4.576409 4.531558 4.489757 4.443591 4.405978 4.390824 4.674383 4.366007 4.356322 4.657976 4.674823 4.679567 4.383148 4.404575 4.408058 4.408786 4.406490 4.395001 4.367056 4.336328 4.297767 4.226993
0.809011 0.786061 0.955625 1.394663 1.639681 1.666424 1.704839 2.107295 2.285443 2.806159 3.085956 3.480776 4.064114 4.717958 5.195380 5.643406 5.860129 5.904920 5.822022 5.782439 5.874975 6.193658 6.718095 7.179729 7.641297 8.207176 8.799800 8.466305 9.126489 9.437038 9.846317 9.892659 9.889997 9.867963 5.786898 4.788998 4.767838 4.738293 4.704001 4.661023 4.625143 4.589747 4.539790 4.482780 4.431096 4.677365 4.681868 4.394800 4.385534 4.379344 4.386625 4.395617 4.401364 4.415112 4.431486 4.432398 4.435890 4.435099 4.425206 4.411323 4.388725 5.716253 5.652360
0.283895 0.160280 0.698406 1.185304 1.435670 1.434087 1.624851 1.916868 2.429251 2.502419 2.827871 3.404205 3.968225 4.523104 4.906604 5.258140 5.423814 5.381921 5.273499 5.285650 5.450979 5.907697 6.453501 6.901462 7.377205 7.909764 8.579545 8.363756 8.952040 9.353755 8.463615 9.857931 9.922142 9.950614 5.924127 4.770588 4.740568 4.716410 4.678615 4.641142 4.610642 4.575960 4.525502 4.465461 4.405550 4.656575 4.674627 4.390704 4.399203 4.394571 4.397542 4.400770 4.407835 4.413430 4.419031 4.414085 4.406745 4.406567 4.413657 4.415944 4.406328 4.387513 4.339427
0.049617 0.099684 0.941607 1.668514 0.829919 0.991039 1.258709 1.621466 2.024770 2.290763 2.663048 3.317345 3.754122 4.193604 4.566890 4.948668 5.126678 5.077621 4.991414 5.051832 5.305843 5.844040 6.375351 6.833290 7.301837 7.776239 7.666110 8.329139 8.847330 9.295878 8.312400 9.699684 9.884859 9.051333 6.693238 5.053371 4.705133 4.670264 4.622411 4.588340 4.937033 4.887157 4.854453 4.791678 4.338914 4.326338 4.342080 4.349367 4.775099 4.755586 4.757937 4.759265 4.761871 4.760726 4.723007 4.235636 4.157468 4.206923 4.304229 4.354812 4.378894 4.366766 4.329865
0.046888 0.595428 0.685622 0.770107 0.385844 0.712377 1.062312 1.416177 1.742258 2.104804 2.438930 3.094887 3.461426 3.886114 4.348288 4.877321 5.172533 5.198179 5.147773 5.210048 5.456705 5.988821 6.560481 6.998109 7.337869 7.905758 7.910075 8.378061 9.645034 9.245465 10.319706 9.179187 9.215995 9.209442 9.219422 9.215280 6.468452 6.374502 8.776160 8.605956 8.348056 8.256629 5.584106 4.259520 4.210960 4.203047 5.188722 4.498352 4.506588 4.516338 4.538549 4.545535 4.569035 4.475548 7.710053 7.512762 8.365774 8.216112 8.312311 8.466549 4.191150 4.237706 4.240451
0.886082 1.075102 1.153557 1.270475 0.597352 0.593554 0.982466 1.352603 1.520349 1.833764 2.167739 2.567905 3.249475 3.710841 4.267488 4.948533 5.417381 5.572730 6.518334 5.682966 5.792267 6.141186 6.874932 7.343178 6.492322 8.162078 8.917046 9.401448 9.709795 9.805451 9.027633 8.919617 9.606499 8.961784 8.855282 8.656379 8.558955 8.368624 8.209574 8.009037 7.823525 7.674638 7.552153 7.501130 7.478625 7.377526 7.196077 8.008222 7.869748 7.838741 7.931209 8.033065 8.120028 7.377413 8.182320 6.910258 6.924858 6.770237 6.632165 6.959966 8.283844 8.397920 7.480814
1.242345 1.601756 1.930611 2.185686 1.218214 1.061584 0.969057 1.167014 1.428608 1.828630 2.314337 2.792199 3.245406 3.620810 4.327003 5.029008 5.661924 6.826784 6.868936 7.198123 5.840511 5.760222 6.419200 6.837771 7.910661 8.818806 9.307230 9.558053 9.611140 8.773147 8.667721 9.345909 9.276686 9.280090 8.222049 8.195653 8.029990 7.797612 7.683395 7.453917 7.250053 7.176342 7.046017 6.901440 6.788994 6.816749 7.728765 7.474652 7.243422 7.096329 7.142930 7.173105 7.252193 7.787377 7.769748 6.579933 6.310963 7.133196 7.091540 7.434904 7.622848 7.723546 7.920192
1.431248 2.074990 2.695788 1.358313 1.502733 1.513248 1.511465 1.581333 1.809406 2.262803 2.755796 3.184786 3.551745 3.908109 4.562740 5.167686 5.829601 6.815034 6.791214 7.680605 6.126406 5.894069 6.104346 7.213583 8.351421 9.336783 9.395500 8.586829 8.597966 9.172080 8.270774 8.975133 8.893366 8.846110 7.897915 7.706720 7.432171 8.125395 7.119683 7.818388 6.617941 7.572235 6.518457 6.388762 7.254636 7.212184 7.215452 6.943763 6.622925 6.433241 6.431911 6.352478 6.352362 7.109929 7.169870 6.947355 6.717029 6.473930 6.461434 6.783406 6.890126 6.994549 7.218500
1.546312 2.365339 1.170185 1.404834 1.635579 1.774316 1.970955 2.112478 2.258732 2.535226 2.933919 3.394964 3.925968 4.485305 4.983215 5.475040 6.031513 6.560392 7.190449 8.114689 6.376237 6.589354 7.507540 9.052333 3.623019 9.154225 9.132532 8.282232 8.876939 8.711236 7.844916 7.799011 8.443282 7.537297 7.396655 7.150858 7.672245 7.446543 7.313028 7.147916 6.046210 6.925423 6.831955 6.738185 6.587233 6.459938 6.667562 6.450036 6.012322 5.734609 5.706327 5.619927 5.760102 6.483226 6.475130 6.340454 6.186606 5.888033 5.833602 6.079427 6.152531 6.257717 6.495064
1.212065 0.693006 0.854848 1.296840 1.802815 2.059419 2.267227 2.421994 2.611192 2.778439 3.051692 3.804984 4.456233 5.013326 5.497527 5.924569 6.345579 6.810059 7.374329 8.144731 7.072724 7.844203 9.139176 9.203985 8.356894 8.209564 7.962781 8.548039 8.388973 8.218656 8.079905 8.040911 7.966544 7.806540 7.563665 7.285408 6.999363 6.770068 6.536442 6.375918 6.283292 6.167091 6.009467 5.928394 5.838936 5.638717 6.071675 6.053148 5.579955 5.146750 5.008984 4.959895 5.291408 5.926411 5.854770 5.705933 5.605844 5.333884 5.207852 5.391915 5.479848 5.578664 5.799279
0.741107 0.454288 0.772961 1.081430 1.794084 2.354927 2.597156 2.783174 3.042547 3.231010 3.304761 4.267805 4.971832 5.585954 6.065026 6.436121 6.813776 7.172437 7.721273 8.026198 8.391378 8.317767 9.155759 8.216021 8.064707 7.858033 8.231904 7.387718 7.234445 7.680827 7.519079 7.493528 7.450556 7.221564 6.906622 6.600671 6.338881 6.087536 5.770974 5.626031 5.605379 5.427571 5.221543 5.141821 5.135557 4.883279 5.375942 5.699177 5.248119 4.727538 4.415018 4.332791 4.792852 5.324280 5.233575 5.083651 5.017847 4.839884 4.722338 4.832054 4.945125 5.068515 5.180988
0.721278 1.563916 0.945532 1.250349 1.625435 2.524001 2.999887 3.235817 3.538784 3.770145 3.832741 4.238565 5.435286 6.110387 6.568244 7.555911 7.910935 8.206131 8.334074 8.352855 8.200959 9.131444 8.191300 7.968009 7.677762 8.044011 7.753176 7.491306 7.267115 7.085026 6.933683 6.925701 6.880996 6.599410 6.219759 5.916529 5.680422 5.397622 5.024462 4.885530 4.900191 4.662467 4.462621 4.362579 4.376494 4.166175 4.597189 5.323456 4.941863 4.372263 3.944004 3.794438 4.226813 4.679474 4.612836 4.465902 4.415217 4.315313 4.294105 4.389470 4.498627 4.635062 4.458711
0.775126 2.090314 3.405358 1.500304 1.755600 2.403106 4.064532 4.611237 5.028742 4.149701 4.364370 5.444554 5.503560 6.388471 6.846212 6.998650 7.685536 8.172368 8.501847 8.560220 8.348506 8.961694 7.884999 8.263333 7.916872 7.583010 7.248267 6.927076 6.658830 6.444566 6.335929 6.316919 6.266674 5.956533 5.515962 5.224468 5.035560 4.721954 4.313963 4.158159 4.157188 3.880595 3.662375 3.563197 3.529594 3.469905 3.871986 4.891534 4.651046 4.042165 3.535302 3.340790 3.497614 3.725550 3.900007 3.754462 3.729130 3.691384 3.724707 3.858524 3.983963 4.119183 3.897170
1.183484 2.313902 0.719560 1.397031 1.908776 2.326732 2.705955 3.288222 3.928565 4.237902 4.356431 5.349230 5.850112 6.349089 6.814407 7.320534 7.874019 8.005404 8.354831 9.000875 9.029305 8.697437 8.204314 7.856337 7.512380 7.112375 6.708680 6.328029 6.034387 5.815599 5.732894 5.674754 5.652250 5.353055 4.880815 4.562707 4.445360 4.115161 3.698340 3.447648 3.435581 3.216292 2.928716 2.813333 2.811751 2.763275 2.047562 4.496094 4.327665 3.683082 3.101206 2.831608 2.837123 2.993596 3.154577 2.955039 2.909197 2.993437 3.078868 3.249833 3.420847 3.589466 3.587033
0.700956 0.995811 0.348493 1.076868 1.727046 2.187223 2.545181 3.011516 3.577535 4.507023 4.905167 5.336627 5.812202 6.285821 6.748392 7.283045 7.903118 8.000048 8.304223 9.061312 8.827704 8.331802 7.800058 7.388023 7.055633 6.626098 6.140914 5.690127 5.394821 5.200503 5.130178 5.045451 5.079844 4.805016 4.340178 3.971865 3.877520 3.558868 3.153351 2.334004 2.745691 2.233483 2.268450 2.138747 1.782319 1.320589 1.768030 3.315469 3.982308 3.320966 2.686882 2.268399 2.148457 2.539994 2.507978 2.271178 2.179734 2.332583 2.489211 2.695712 2.948836 3.147183 2.969172
-0.018662 0.460866 0.110872 0.732314 1.431058 2.105734 2.623677 3.185871 3.767795 4.574377 5.045988 5.512240 5.995768 6.465419 6.882367 7.359194 7.745423 6.958500 7.766487 8.960392 8.503386 7.866097 7.316128 6.839775 6.513385 6.101877 5.558829 5.041940 4.727981 4.564654 4.023636 4.467179 4.583691 4.321201 3.890496 3.546565 2.969165 3.024096 2.599658 1.909031 2.112167 1.648966 1.632515 1.248737 1.271656 0.786108 1.657609 2.901081 3.541658 2.874582 2.166861 1.608266 0.622807 1.212237 1.256648 1.476987 1.345750 1.040814 1.866483 2.250047 2.581582 2.769541 1.908181
0.604405 0.711521 1.214911 1.594311 1.782900 2.368684 2.971016 3.608600 4.090374 4.742318 5.341914 5.838952 6.334291 6.810620 7.196714 7.650304 8.035541 6.749728 8.450046 8.744412 8.110317 7.331772 6.735341 6.228712 5.888127 5.513635 4.978371 4.421871 4.060102 3.919438 3.949898 3.943879 3.720624 3.933044 3.522469 2.780365 2.977708 2.590028 2.111586 1.384086 1.188113 1.076785 1.029907 1.132731 1.049275 0.732668 1.708447 2.446169 3.056287 2.294864 1.512136 0.915409 0.978606 0.429553 0.602622 0.458361 0.420003 0.602290 1.876025 1.562520 1.862685 2.748923 2.713212
0.789165 1.678509 2.687732 3.543401 2.292978 2.678551 3.176792 3.837784 4.586105 5.211220 5.804809 6.276694 6.841048 6.925610 7.134957 7.987481 8.486046 6.862046 8.912278 8.501718 7.720348 6.814361 6.121321 5.584773 5.192609 4.855308 3.979948 3.441930 3.388868 2.820235 2.800920 2.877818 3.298635 3.132423 2.694740 2.334977 2.531626 1.986185 1.732476 1.013668 0.796368 1.055934 1.300624 1.356570 1.139157 1.108508 1.730673 2.147753 2.446309 1.551885 0.923777 0.805270 0.547004 0.025883 0.491598 0.451642 0.537525 1.309248 2.473454 1.322219 2.297036 2.796024 3.064404
0.574567 1.153171 2.625702 4.046780 2.403096 2.764975 3.276340 4.464163 5.075414 5.699977 6.170583 6.551728 5.728837 7.176542 7.554604 8.010113 8.519253 7.159067 8.839159 8.291352 7.384329 6.392537 5.575959 4.944611 4.497235 4.133525 3.330868 2.852027 2.429163 1.823432 2.276806 2.298177 2.537898 2.600795 2.162874 1.629024 1.532171 1.597137 1.336282 1.430468 1.829995 2.583313 1.484581 1.365322 1.175081 1.441569 1.398431 1.830376 1.804639 0.808262 0.462120 0.463755 0.319069 0.233283 0.047135 0.274829 0.726601 1.914308 0.974174 1.284183 1.442606 1.596221 1.834062
0.829441 1.944612 0.946420 1.635258 2.411454 2.935222 3.595353 4.313679 4.796416 5.915271 5.343441 5.274973 6.606503 6.878214 7.341556 7.877831 8.482145 7.300326 8.008671 8.173575 7.177674 6.132932 5.220030 4.467964 3.904456 3.052306 2.689238 1.797054 1.903878 1.375868 1.567159 1.687206 1.801974 1.933058 1.592307 0.992078 0.691740 0.788994 1.285870 1.645147 2.054203 0.876876 0.936644 0.913068 0.858894 0.515624 0.882923 2.421388 0.419764 0.839234 0.459902 0.249616 0.120902 0.123623 -0.016338 0.510996 1.144614 2.202041 0.864447 1.176846 1.333557 1.567655 2.327668
1.243462 0.770201 1.238320 1.778165 2.399679 3.559450 4.225830 4.885196 5.349680 5.783621 6.024077 6.199794 6.414656 6.735626 7.293484 7.868708 8.536341 8.231508 8.874780 8.158135 7.136073 6.063609 5.097966 4.266513 3.597099 2.558911 1.909440 1.373807 1.073972 0.858262 0.891820 1.249474 1.461388 1.209968 0.981351 0.900827 0.445054 0.481316 0.762992 0.581378 0.591206 1.146790 1.463803 1.874808 0.609221 2.063079 2.138377 1.586062 -0.003464 -0.005226 -0.007918 0.230346 -0.016381 0.472437 0.702340 1.212552 2.053644 3.081359 0.909046 1.222373 2.377551 2.833742 3.655302
0.869794 0.679281 1.253427 1.799983 2.322204 2.860016 3.488643 4.663774 4.627007 5.577866 5.878993 6.161165 6.445991 6.376055 6.693138 7.919313 8.700818 8.282597 8.908562 8.232143 7.249282 6.196518 5.224587 4.360428 3.630610 3.006048 2.402004 1.465062 0.923162 0.540386 0.442098 0.432379 0.592645 0.675908 0.455380 0.352213 0.128624 0.207246 0.329074 0.382290 0.316671 0.316303 0.318688 0.390680 0.848765 0.731496 0.742225 0.320679 0.157918 -0.025598 -0.004400 0.030046 0.328884 0.714082 1.413465 2.274139 3.110746 3.968611 1.049608 1.375996 1.388289 3.155434 2.609408
0.751016 1.265689 1.786257 2.154213 2.476443 2.838449 3.367478 3.989847 4.987751 5.511417 5.939707 5.665363 5.825609 6.384669 7.787248 8.455620 8.306800 7.832466 7.989809 8.365940 7.500720 6.506202 5.550995 4.687477 3.930671 3.245865 2.554105 1.840411 1.344011 0.670871 0.420903 0.122567 0.230355 0.236551 0.205932 0.182550 0.162008 0.140047 0.196851 0.227435 0.171760 0.127631 0.136427 0.212603 0.314044 0.196289 0.201911 0.117029 0.004751 -2.488899 -1.554051 -1.049127 0.183051 0.398841 1.297237 0.162187 0.217478 0.709497 1.282094 1.501388 2.717003 3.508881 3.876208
1.201312 1.691199 2.174247 2.591811 2.932347 3.164252 3.456570 4.058114 4.732408 5.574943 5.076217 5.082936 6.211642 7.987691 8.513210 8.703269 8.767453 8.715197 8.641038 8.421749 7.274842 6.967857 6.038836 5.153740 4.380611 3.644869 2.868171 2.007257 1.328599 0.650005 0.259195 -0.017022 0.120786 0.064429 0.063793 0.089927 -0.004643 -0.005290 -0.005429 -0.004470 -0.004600 -0.002506 0.018672 0.176391 0.186631 0.115446 0.124107 0.117586 0.033009 -2.966185 -0.970242 -3.262682 0.196286 0.346327 0.843130 2.380833 0.195519 0.724206 1.488831 1.453352 2.714014 3.558880 3.826114
1.357131 1.775065 2.203126 2.725035 3.252137 3.598095 3.842228 4.232349 4.679768 3.468974 2.437914 6.184261 7.215609 8.434306 8.490919 8.331147 8.182278 8.089899 8.151108 8.243585 7.432921 6.875954 6.554755 5.676852 4.873986 4.071984 3.215424 2.313296 1.245592 0.279904 0.111087 -0.011719 -0.007516 -3.075705 -1.657757 -1.390759 -0.681439 -0.865125 -1.107488 -0.855381 -1.270655 -0.841255 -0.741067 -1.324093 -2.998048 -0.003783 0.027301 0.136770 0.166295 0.122178 -0.005496 0.212758 0.275205 0.356640 0.807728 0.083077 0.179459 0.729587 1.560810 1.635428 1.914544 2.603240 2.547381
1.710473 2.518976 3.638020 2.781306 3.468575 4.045051 4.317473 4.422953 3.868570 3.625107 6.152300 7.225411 8.208731 8.096448 7.829834 7.497900 7.293062 7.242348 7.446968 7.784877 7.885109 7.650103 6.666630 6.170514 5.307025 4.412419 3.484358 2.516047 1.530469 0.563972 0.102340 0.239733 -0.021320 0.167295 -0.004331 -1.112480 -0.004569 0.135882 -0.012063 0.103772 -0.951369 -0.700083 -0.653098 -1.226968 -1.179296 -0.759895 -0.698121 -0.698609 -0.686868 -0.909195 -0.009068 0.246946 -0.014814 0.406850 1.356923 2.895273 4.293310 0.700251 1.557048 2.178094 2.277765 2.324469 3.119447
2.003082 3.385293 2.382734 3.023910 3.623562 4.457068 4.920647 4.495072 2.164809 5.525274 7.021911 8.058553 7.776212 7.354827 6.920238 6.529066 6.325060 6.324084 6.616813 7.121297 7.462732 7.580503 7.271703 6.135155 5.642312 4.641584 3.641231 2.646053 1.537254 0.886716 0.498454 1.122435 0.681133 -0.018993 -0.026034 -0.030160 -0.014423 0.360972 0.170249 0.283731 -0.006511 -0.706881 -0.748552 -0.683228 -0.822484 -0.859415 -0.797184 -0.620670 -0.593407 -0.874726 0.211599 0.021682 -0.015857 0.507730 1.240221 2.860983 0.156989 0.526596 1.478377 2.397066 2.373791 3.187127 2.427490
