geotop_simulations/templates/TEST_Venosta_3D_034_template/rec/SoilTemperature0000L0007.asc
ncols         252
nrows         194
xllcorner     598250.000000
yllcorner     5144500.000000
cellsize      250.000000
NODATA_value  -9999.0
[rows 140 to 167 of 194, columns 124 to 185 of 252]
2.994875 2.463897 1.327952 7.172286 6.671812 5.791986 4.370515 2.144296 -0.003966 -0.001180 5.395934 6.302583 7.515879 8.960150 8.561165 7.355702 6.987666 7.644938 8.222364 8.452035 8.925926 9.903079 3.527521 4.034499 4.771942 5.586617 6.378600 12.732731 13.088540 12.737111 11.777574 7.968188 7.423953 6.550927 5.620040 4.825927 4.262006 3.646195 3.048632 2.795448 2.508107 2.123527 2.059163 1.413574 1.405734 7.721155 7.615907 6.262985 -0.003957 5.219346 4.138029 4.563381 4.648919 3.932682 3.742183 4.699350 5.054861 4.780005 4.915731 5.317639 6.817048 -9999.0
2.766687 1.298076 -0.003920 8.543973 8.722980 8.073420 6.930962 6.062490 7.803323 8.093757 7.960420 6.887839 7.072651 9.270024 10.725637 10.183342 8.952924 8.297765 8.499730 9.472639 11.266121 13.163639 14.340646 5.605578 5.117458 5.790633 6.654971 7.093937 12.836013 12.818010 8.544154 7.972684 7.103103 6.181041 5.264029 4.426245 3.832663 3.270052 2.670708 2.108746 1.646644 1.349135 -0.002839 -0.003244 -0.002861 4.544365 4.187418 3.670875 3.633024 3.969565 3.479815 3.871443 3.818444 2.787436 2.331871 3.662016 4.340773 4.440973 5.376158 -9999.0 -9999.0 -9999.0
1.090808 -0.003877 -0.007206 -0.007710 -0.020556 5.861088 5.692680 7.583515 9.583704 9.525502 9.161054 9.424187 9.659625 10.610887 11.927954 12.164325 12.280763 12.828357 13.105271 13.775990 14.268653 14.415089 6.002907 6.040801 5.404764 5.888850 6.514571 7.110041 12.919468 8.616885 8.385350 7.656803 6.860307 5.928284 5.153339 4.622158 4.124132 3.484282 2.767240 2.776561 1.249663 -0.002749 3.795078 3.392511 3.057596 3.011552 2.982676 3.175766 3.034190 3.376538 2.974156 3.338168 3.363119 -0.002619 -0.001791 4.504277 -9999.0 -9999.0 -9999.0 -9999.0 -9999.0 -9999.0
-0.004614 -0.021160 -0.031718 -0.032008 -0.033202 -0.012210 4.384371 9.477568 10.975776 9.804701 9.874556 10.705133 11.756108 12.526740 12.929941 13.393727 4.926839 13.965011 14.466193 5.757964 5.952693 6.174122 5.037660 5.486789 5.913478 6.085558 6.340451 7.215064 8.381050 8.353755 7.914927 7.501207 6.764275 6.075290 5.565618 5.101556 5.725090 4.881526 4.098346 3.163780 1.586446 4.830725 5.039812 4.945510 4.498093 3.854116 3.789438 4.697367 4.250565 3.414519 2.920833 3.070684 2.443124 0.995672 -9999.0 -9999.0 -9999.0 -9999.0 -9999.0 -9999.0 -9999.0 -9999.0
-0.026608 -0.031968 -0.034590 -0.035169 -0.056271 -0.008666 7.903880 10.797792 11.662448 9.848139 10.280264 11.668196 12.794962 13.798543 14.439078 14.856749 5.393967 5.716720 15.530452 6.246924 6.476685 5.148563 5.538802 5.917813 6.304525 6.296041 6.064311 7.471485 8.483895 8.089656 7.839935 7.059021 6.344713 5.809828 5.309355 4.693590 4.521439 3.933606 4.214554 3.515763 3.023745 2.729191 2.021791 -0.003870 -0.007923 4.094256 4.298083 5.207179 3.769669 2.728242 2.501677 -0.002465 -0.034534 -0.007764 -9999.0 -9999.0 -9999.0 -9999.0 -9999.0 -9999.0 -9999.0 -9999.0
3.685477 2.247994 -0.004418 -0.013924 -0.004849 5.531105 9.726667 11.481315 11.981468 10.213329 11.300401 12.411252 13.115841 14.129531 4.685479 5.250387 5.722852 6.156224 6.489233 5.038780 5.375736 5.687650 6.040165 6.448074 6.861153 7.026777 6.479487 7.733130 8.570208 8.178830 7.572008 6.651748 5.721969 4.997732 4.508707 3.858955 3.341173 2.954463 9.345433 3.773152 3.558055 3.317231 2.415082 -0.004758 4.158815 3.508706 3.663939 3.525884 1.356597 -0.000814 -0.007457 -0.003904 -0.001734 -0.001587 -9999.0 -9999.0 -9999.0 -9999.0 -9999.0 -9999.0 -9999.0 -9999.0
2.879255 1.138707 -0.497649 -0.014993 4.601394 6.416065 8.884364 11.726565 13.292080 11.914393 13.178084 13.606427 12.471293 12.511256 13.439726 4.894001 5.792376 6.474625 5.260306 5.576080 5.878242 6.165544 6.518054 6.974142 7.434927 7.808309 13.983038 8.092569 16.605068 8.082379 7.275219 6.337993 5.366659 4.447186 3.976088 3.228779 2.684274 7.595122 8.381853 2.094370 3.467994 2.918670 1.710064 -0.006847 4.627310 4.149800 3.808280 -0.084007 -0.009724 -0.011713 -0.007294 -9999.0 -9999.0 -9999.0 -9999.0 -9999.0 -9999.0 -9999.0 -9999.0 -9999.0 -9999.0 -9999.0
-0.005632 -1.406758 -0.004736 7.521529 8.714174 7.534023 7.081788 9.849068 13.822492 13.994263 13.922128 14.977986 14.541539 13.242981 13.033806 14.034220 5.274767 6.503134 5.714638 6.074541 6.375445 6.689593 7.028262 7.365077 7.886682 15.244717 14.812724 8.552867 14.112402 7.477009 6.639392 5.856829 4.949624 4.025945 3.080801 2.304012 6.129655 7.696092 6.881694 7.205132 0.751506 0.984087 -0.003535 -0.017106 5.155987 4.122838 3.523824 3.587089 -9999.0 -9999.0 -9999.0 -9999.0 -9999.0 -9999.0 -9999.0 -9999.0 -9999.0 -9999.0 -9999.0 -9999.0 -9999.0 -9999.0
-0.005508 2.929970 8.599112 9.425371 8.841304 8.338830 7.776442 9.751001 13.223071 15.245236 15.262414 15.769822 15.883198 15.904455 15.412582 15.555087 5.174490 5.181698 6.185862 6.658460 6.968548 7.270886 7.548600 15.064380 15.105011 8.713692 8.828095 8.379428 7.670387 6.844878 5.935316 5.190152 4.690822 3.533490 2.402002 1.622821 5.176061 5.843700 6.363778 6.068290 5.976439 -0.004464 6.913656 6.141224 4.587960 3.384235 3.846816 -9999.0 -9999.0 -9999.0 -9999.0 -9999.0 -9999.0 -9999.0 -9999.0 -9999.0 -9999.0 -9999.0 -9999.0 -9999.0 -9999.0 -9999.0
2.755889 6.975285 9.867583 10.437986 9.955536 10.607194 11.383764 10.354315 11.179900 14.028486 4.341798 5.343660 15.764252 16.284201 16.814163 17.218766 7.033745 7.237279 6.784301 15.280055 7.550328 7.834408 15.414061 15.345165 8.595998 13.256421 15.015798 7.910322 7.235723 6.411807 5.507082 4.714128 4.325523 3.761603 2.969034 2.246635 6.487141 5.917892 4.964163 4.892441 4.484712 4.488775 4.090069 4.058152 4.033970 4.244624 5.646168 -9999.0 -9999.0 -9999.0 -9999.0 -9999.0 -9999.0 -9999.0 -9999.0 -9999.0 -9999.0 -9999.0 -9999.0 -9999.0 -9999.0 -9999.0
-0.002683 5.931621 8.879605 11.037539 11.669992 12.397168 13.637558 11.540284 7.893310 8.636747 12.588126 16.080587 6.309892 6.644653 7.139378 5.663851 6.293597 6.891023 7.554204 7.955353 8.203029 15.872044 8.548360 8.569045 12.358140 8.124159 7.868486 7.448075 6.932633 6.298478 12.475377 12.278997 5.197510 4.424910 8.845628 8.177520 7.730568 6.821208 5.212944 4.019463 3.588669 3.075362 2.896503 3.127717 5.808707 -9999.0 -9999.0 -9999.0 -9999.0 -9999.0 -9999.0 -9999.0 -9999.0 -9999.0 -9999.0 -9999.0 -9999.0 -9999.0 -9999.0 -9999.0 -9999.0 -9999.0
-0.002854 4.018913 7.211368 10.818101 12.403525 14.124939 14.548841 14.867940 13.391869 10.832876 10.656420 12.414428 6.117004 7.342282 6.205817 6.536465 7.050694 7.636278 8.181584 8.560235 8.738875 8.699606 8.496898 8.137025 7.829326 7.423848 7.140904 6.770075 6.425743 6.273783 5.977676 13.575644 12.204267 11.342477 9.854868 8.455835 7.327086 6.506438 4.573499 2.906742 1.906850 -0.003498 -0.006718 -0.002240 -9999.0 -9999.0 -9999.0 -9999.0 -9999.0 -9999.0 -9999.0 -9999.0 -9999.0 -9999.0 -9999.0 -9999.0 -9999.0 -9999.0 -9999.0 -9999.0 -9999.0 -9999.0
1.734903 4.386770 6.478386 10.625569 13.324088 15.052373 15.494626 15.612543 15.473048 15.223859 14.282850 12.673595 5.770817 7.558116 7.025561 7.487690 7.900479 8.291901 8.569541 8.575603 8.318447 7.842315 7.506818 7.263235 7.108398 6.659658 6.153319 5.651842 5.252973 5.298293 5.438049 6.111865 5.662342 5.116842 10.142370 8.803400 7.537013 6.231119 3.210510 -0.007881 -0.004838 -0.045126 2.733313 -9999.0 -9999.0 -9999.0 -9999.0 -9999.0 -9999.0 -9999.0 -9999.0 -9999.0 -9999.0 -9999.0 -9999.0 -9999.0 -9999.0 -9999.0 -9999.0 -9999.0 -9999.0 -9999.0
7.113292 8.588830 9.231725 10.058065 13.947599 4.207974 5.085540 5.735457 6.126915 6.481594 6.832236 6.706064 6.756142 6.697757 7.682932 8.356450 8.748858 8.779867 8.319685 7.373825 6.765762 6.571722 6.350952 5.887770 6.030014 5.812784 5.176402 4.643548 4.084699 3.209692 4.242769 5.048060 5.565477 5.056059 4.291774 9.403395 8.088997 6.278466 4.758240 4.634314 -9999.0 -9999.0 -9999.0 -9999.0 -9999.0 -9999.0 -9999.0 -9999.0 -9999.0 -9999.0 -9999.0 -9999.0 -9999.0 -9999.0 -9999.0 -9999.0 -9999.0 -9999.0 -9999.0 -9999.0 -9999.0 -9999.0
9.204443 10.563437 10.660269 10.621973 12.478557 16.139675 5.295327 5.988936 6.346422 6.769546 7.191836 7.469159 7.832470 7.405805 8.238439 8.956982 9.126405 8.600725 7.198320 6.011838 5.315622 5.528209 5.758739 5.201893 4.847557 4.852453 4.400611 3.907720 3.528749 3.190253 3.452195 10.465269 4.991579 4.739628 4.196907 9.373325 7.855885 6.264228 6.482942 -9999.0 -9999.0 -9999.0 -9999.0 -9999.0 -9999.0 -9999.0 -9999.0 -9999.0 -9999.0 -9999.0 -9999.0 -9999.0 -9999.0 -9999.0 -9999.0 -9999.0 -9999.0 -9999.0 -9999.0 -9999.0 -9999.0 -9999.0
9.394807 10.744709 11.317292 11.584295 11.812197 12.947721 4.540673 5.931314 6.601608 7.241563 7.693648 8.017212 7.446202 8.074234 8.709283 9.089138 8.708499 6.569281 4.706743 5.103991 5.114878 5.000117 5.142252 4.695803 3.809676 3.882672 3.508000 3.672931 4.477549 4.867350 12.147919 12.548450 4.272941 4.531506 3.721098 2.709140 6.555684 6.189026 8.277849 -9999.0 -9999.0 -9999.0 -9999.0 -9999.0 -9999.0 -9999.0 -9999.0 -9999.0 -9999.0 -9999.0 -9999.0 -9999.0 -9999.0 -9999.0 -9999.0 -9999.0 -9999.0 -9999.0 -9999.0 -9999.0 -9999.0 -9999.0
9.793382 11.117864 12.494355 13.222029 13.886769 12.636573 11.731651 4.242924 5.697527 7.180531 8.071525 7.481518 8.110686 8.666611 9.084021 9.130782 7.806558 5.802095 4.307067 4.273357 4.611059 4.596218 4.758027 4.542744 3.875421 3.184227 3.259161 4.370918 12.400722 12.820640 11.908435 10.288922 3.621116 4.174257 3.371965 2.576509 6.605910 6.682449 9.027553 -9999.0 -9999.0 -9999.0 -9999.0 -9999.0 -9999.0 -9999.0 -9999.0 -9999.0 -9999.0 -9999.0 -9999.0 -9999.0 -9999.0 -9999.0 -9999.0 -9999.0 -9999.0 -9999.0 -9999.0 -9999.0 -9999.0 -9999.0
10.162840 11.581714 13.254741 14.774053 15.331361 14.874684 12.728828 10.995929 11.460445 6.455900 7.849209 7.998248 8.723130 9.243779 9.460027 9.152779 7.093203 6.240198 5.033976 4.065743 3.872917 3.658336 4.265101 4.313554 3.575479 6.707395 8.972200 10.721936 10.885033 10.578438 10.023646 2.728135 3.283890 3.400282 2.836316 2.282451 6.457480 6.838694 -9999.0 -9999.0 -9999.0 -9999.0 -9999.0 -9999.0 -9999.0 -9999.0 -9999.0 -9999.0 -9999.0 -9999.0 -9999.0 -9999.0 -9999.0 -9999.0 -9999.0 -9999.0 -9999.0 -9999.0 -9999.0 -9999.0 -9999.0 -9999.0
10.477156 11.695354 13.594827 15.417379 16.103831 15.577459 14.775197 13.199887 11.692340 12.289220 7.200766 8.304488 9.118750 9.517402 9.750891 8.351431 6.129354 4.997242 3.872835 3.348463 3.496872 3.315937 3.072462 3.123600 6.693777 6.160184 6.577345 5.657568 6.169196 7.209014 2.510174 1.791895 6.858023 6.314728 -0.003705 -0.004534 5.519162 7.529268 -9999.0 -9999.0 -9999.0 -9999.0 -9999.0 -9999.0 -9999.0 -9999.0 -9999.0 -9999.0 -9999.0 -9999.0 -9999.0 -9999.0 -9999.0 -9999.0 -9999.0 -9999.0 -9999.0 -9999.0 -9999.0 -9999.0 -9999.0 -9999.0
10.541102 12.392954 14.170771 15.815179 16.701345 15.859957 14.869145 14.279604 13.070877 6.964887 7.896045 8.517569 9.262635 9.503305 8.007831 4.855616 0.350466 3.468470 3.587082 2.765602 2.119418 6.706002 5.859516 4.714501 4.029156 3.596399 2.804366 2.953443 3.390899 4.851906 6.016376 6.276132 5.747379 4.412705 3.548720 3.788079 6.596858 -9999.0 -9999.0 -9999.0 -9999.0 -9999.0 -9999.0 -9999.0 -9999.0 -9999.0 -9999.0 -9999.0 -9999.0 -9999.0 -9999.0 -9999.0 -9999.0 -9999.0 -9999.0 -9999.0 -9999.0 -9999.0 -9999.0 -9999.0 -9999.0 -9999.0
10.611431 12.869647 14.686555 16.200770 5.964765 16.385727 15.055878 14.633578 7.205637 7.238658 7.887196 8.886609 9.245539 8.916757 6.690692 2.217048 3.606525 4.302583 4.149841 4.538326 4.531269 10.271164 8.703516 6.327920 4.334244 2.142462 -0.013487 -0.008802 1.676940 3.152050 4.844914 5.588952 5.163637 3.770927 2.874027 3.631503 7.836345 -9999.0 -9999.0 -9999.0 -9999.0 -9999.0 -9999.0 -9999.0 -9999.0 -9999.0 -9999.0 -9999.0 -9999.0 -9999.0 -9999.0 -9999.0 -9999.0 -9999.0 -9999.0 -9999.0 -9999.0 -9999.0 -9999.0 -9999.0 -9999.0 -9999.0
9.427479 12.423693 5.053511 5.732340 6.074907 16.998453 15.636624 14.779580 7.356153 7.480836 7.439570 8.386732 9.039847 8.740216 7.812219 7.176339 6.243034 5.640194 4.544929 6.472846 14.999372 13.095979 11.286784 8.319843 5.028082 2.542410 -0.005647 -0.004008 -0.006715 2.772916 4.422025 4.169150 3.306384 2.478557 4.165951 -9999.0 -9999.0 -9999.0 -9999.0 -9999.0 -9999.0 -9999.0 -9999.0 -9999.0 -9999.0 -9999.0 -9999.0 -9999.0 -9999.0 -9999.0 -9999.0 -9999.0 -9999.0 -9999.0 -9999.0 -9999.0 -9999.0 -9999.0 -9999.0 -9999.0 -9999.0 -9999.0
9.137549 11.253043 13.996271 5.765716 6.221400 6.888529 16.593325 15.524191 7.589806 7.893174 7.607954 8.326143 8.759936 8.609915 8.099797 7.373817 6.429813 6.761938 6.829497 15.828072 14.081147 11.211771 8.710177 5.915832 4.259428 4.961846 5.376145 4.240966 4.290272 4.948427 4.036482 2.464940 -0.002270 -0.004743 5.814573 -9999.0 -9999.0 -9999.0 -9999.0 -9999.0 -9999.0 -9999.0 -9999.0 -9999.0 -9999.0 -9999.0 -9999.0 -9999.0 -9999.0 -9999.0 -9999.0 -9999.0 -9999.0 -9999.0 -9999.0 -9999.0 -9999.0 -9999.0 -9999.0 -9999.0 -9999.0 -9999.0
10.673309 11.141486 12.402853 5.449432 6.318845 6.938319 7.616770 7.866044 7.902585 7.063852 7.851068 8.495307 8.724409 17.532172 7.948365 7.188177 6.331199 5.567401 6.882308 15.282186 12.018349 8.666085 6.274768 5.387450 6.406912 6.995958 6.440294 6.052652 5.537979 5.241857 2.231284 -0.004672 -0.006495 -0.005258 -9999.0 -9999.0 -9999.0 -9999.0 -9999.0 -9999.0 -9999.0 -9999.0 -9999.0 -9999.0 -9999.0 -9999.0 -9999.0 -9999.0 -9999.0 -9999.0 -9999.0 -9999.0 -9999.0 -9999.0 -9999.0 -9999.0 -9999.0 -9999.0 -9999.0 -9999.0 -9999.0 -9999.0
4.548469 12.740359 13.132174 5.524281 6.297927 6.968580 7.698985 8.148259 8.274647 7.269126 7.991852 8.576454 18.060544 17.818854 7.435237 6.679843 5.971147 5.477440 6.667980 14.215726 10.714910 3.336165 6.621956 7.393464 8.017499 7.143563 6.369932 4.723246 2.592002 -0.002976 -0.006919 -0.010526 -0.005295 -9999.0 -9999.0 -9999.0 -9999.0 -9999.0 -9999.0 -9999.0 -9999.0 -9999.0 -9999.0 -9999.0 -9999.0 -9999.0 -9999.0 -9999.0 -9999.0 -9999.0 -9999.0 -9999.0 -9999.0 -9999.0 -9999.0 -9999.0 -9999.0 -9999.0 -9999.0 -9999.0 -9999.0 -9999.0
4.969167 5.433685 5.712504 5.902297 6.360124 5.265196 5.835827 8.292364 7.072820 7.528895 8.057214 17.505612 17.763805 16.491435 6.193148 5.796702 5.811507 7.114401 6.865701 5.959588 4.714780 3.558936 8.010320 8.583126 7.642108 6.076331 3.264750 -0.004891 -1.276341 -0.014021 -0.009063 -0.006995 -9999.0 -9999.0 -9999.0 -9999.0 -9999.0 -9999.0 -9999.0 -9999.0 -9999.0 -9999.0 -9999.0 -9999.0 -9999.0 -9999.0 -9999.0 -9999.0 -9999.0 -9999.0 -9999.0 -9999.0 -9999.0 -9999.0 -9999.0 -9999.0 -9999.0 -9999.0 -9999.0 -9999.0 -9999.0 -9999.0
5.276676 5.676616 6.131345 6.397228 6.532374 5.483477 6.054672 8.100658 7.165172 7.672517 7.965103 10.294007 16.854656 5.750841 5.286508 5.387336 6.645208 6.607576 6.209470 5.620652 4.639831 8.642790 8.383066 8.577085 6.967419 4.888834 1.799437 -1.531155 -0.959535 -0.004113 -9999.0 -9999.0 -9999.0 -9999.0 -9999.0 -9999.0 -9999.0 -9999.0 -9999.0 -9999.0 -9999.0 -9999.0 -9999.0 -9999.0 -9999.0 -9999.0 -9999.0 -9999.0 -9999.0 -9999.0 -9999.0 -9999.0 -9999.0 -9999.0 -9999.0 -9999.0 -9999.0 -9999.0 -9999.0 -9999.0 -9999.0 -9999.0
5.380507 5.871727 6.432312 5.163811 5.382848 5.737277 6.271856 6.491990 6.966113 7.459357 11.247956 18.094012 6.135057 5.479216 4.914659 4.389886 4.067569 4.340074 10.877582 4.267428 8.403604 7.726079 8.148386 8.218642 6.437728 4.615297 2.237052 -0.009204 -0.010840 -9999.0 -9999.0 -9999.0 -9999.0 -9999.0 -9999.0 -9999.0 -9999.0 -9999.0 -9999.0 -9999.0 -9999.0 -9999.0 -9999.0 -9999.0 -9999.0 -9999.0 -9999.0 -9999.0 -9999.0 -9999.0 -9999.0 -9999.0 -9999.0 -9999.0 -9999.0 -9999.0 -9999.0 -9999.0 -9999.0 -9999.0 -9999.0 -9999.0
