geotop_simulations/templates/TEST_Venosta_3D_034_template/rec/SoilTemperature0000L0004.old.asc
ncols         252
nrows         194
xllcorner     598250.000000
yllcorner     5144500.000000
cellsize      250.000000
NODATA_value  -9999.0
[rows 84 to 111 of 194, columns 189 to 251 of 252]
0.314126 0.331042 0.410754 0.399806 0.522778 1.606640 1.794806 1.947044 2.998497 3.873429 3.717583 3.228458 2.394405 1.259392 0.533535 0.121603 -0.014369 -0.033275 -0.275918 -2.259339 -0.239178 -0.431343 -0.399322 -0.394635 -0.393315 -0.406249 -0.428547 -0.426098 -0.418569 -0.459446 -0.150071 -0.077591 -0.226152 -0.223949 -0.286980 -0.478380 -0.016889 -1.498872 -1.596719 -0.721913 -0.074642 -0.022102 0.004234 0.252697 0.403882 0.379947 0.851307 2.988391 3.634988 2.786446 3.128415 8.215766 8.783482 -9999.0 -9999.0 -9999.0 -9999.0 -9999.0 -9999.0 -9999.0 -9999.0 -9999.0 -9999.0
1.969818 2.683903 4.139822 0.412392 0.453971 1.277573 1.756391 2.174318 0.042363 2.634480 2.694889 4.481739 3.634105 1.466912 0.464367 0.005785 -0.017861 -0.037246 -0.337726 -0.083068 -0.478136 -0.422888 -0.425338 -0.417337 -0.404189 -0.425407 -0.454196 -0.442680 -0.453427 -0.545851 -0.292222 -1.182367 -1.605004 -2.020486 -1.939946 -0.942354 -1.439924 -1.784955 -0.095755 -0.072291 -0.071547 -0.003700 0.114395 0.319245 0.479639 0.242717 2.444604 3.403567 4.131194 3.118045 3.279010 8.806232 3.317205 3.301304 -9999.0 -9999.0 -9999.0 -9999.0 -9999.0 -9999.0 -9999.0 -9999.0 -9999.0
2.271296 3.021475 4.128138 0.407105 0.412191 0.808293 1.178775 1.595153 -0.736835 -2.233157 2.015119 3.189799 3.902871 2.496138 1.098514 0.006860 -0.018502 -0.039931 -0.284230 -0.083053 -0.239940 -0.451608 -0.442339 -0.417060 -0.436352 -0.482964 -0.485819 -0.567498 -0.575663 -0.157451 -1.839440 -2.962542 -2.880034 -1.535181 -1.285792 -1.027988 -0.498914 -0.117145 -0.055172 -0.041655 -0.024944 0.000443 0.168725 0.335333 0.420414 0.120876 0.503248 3.944106 3.003881 8.181867 3.398553 3.408221 3.392629 3.345207 3.250381 -9999.0 -9999.0 -9999.0 -9999.0 -9999.0 -9999.0 -9999.0 -9999.0
2.427301 2.984862 0.250970 0.281522 0.012102 0.223719 0.568326 0.270651 -0.940476 -2.673565 2.787200 2.042297 3.883528 2.463656 1.198229 0.010461 -0.015814 -0.034521 -0.282472 -1.918794 -0.183037 -0.468549 -0.451947 -0.414118 -0.470560 -0.518888 -0.561139 -0.106150 -0.182438 -1.114545 -2.905335 -2.735546 -2.569461 -1.206233 -0.808070 -0.553966 -0.105642 -0.055723 -0.036699 -0.021571 -0.000609 0.171173 0.332284 0.327486 0.041814 0.124272 3.746113 2.811159 3.259449 3.467248 3.553391 3.528556 3.268416 3.237789 3.350166 -9999.0 -9999.0 -9999.0 -9999.0 -9999.0 -9999.0 -9999.0 -9999.0
2.287555 2.916355 0.138597 -0.008743 -0.008086 -0.005058 0.217297 -1.044119 -1.872842 -0.830826 1.441646 1.005430 1.598477 2.468285 0.522322 0.036506 -0.019889 -0.045725 -0.119589 -2.586769 -0.173453 -0.488180 -0.458952 -0.436305 -0.576131 -0.250103 -0.092066 -2.040991 -2.868884 -2.980976 -2.611851 -1.498270 -1.818293 -0.790663 -1.970180 -0.062502 -0.050505 -0.036288 -0.019498 -0.000761 0.138518 0.331459 0.762661 0.801972 0.050212 2.816177 2.560777 8.063384 6.757817 6.836251 3.269087 3.282629 3.230888 3.402024 3.252205 4.309907 -9999.0 -9999.0 -9999.0 -9999.0 -9999.0 -9999.0 -9999.0
2.267528 2.725492 2.469993 -0.010251 -0.007008 0.063311 0.007416 -0.008912 -2.450508 -2.748967 0.099248 0.302157 0.708244 1.241182 0.591876 0.586797 -0.018022 -0.040349 -0.066778 -2.489575 -0.139615 -0.514251 -0.472606 -0.472267 -0.595851 -0.296456 -2.798006 -3.011221 -2.846384 -1.424932 -1.302834 -1.271460 -1.371599 -1.145243 -0.052453 -0.036307 -0.030588 -0.007409 -0.000785 0.019166 0.323519 0.751298 1.170047 1.236566 2.669747 3.622106 2.884005 2.988482 3.151427 6.852726 3.224316 3.237356 3.071896 3.162279 3.056115 3.967532 3.522250 -9999.0 -9999.0 -9999.0 -9999.0 -9999.0 -9999.0
2.043722 2.226943 1.959805 1.777715 2.131562 -0.004270 0.023908 -0.005755 -0.005592 -0.953874 -0.001879 1.058768 1.561267 0.264367 1.717243 0.891726 -0.000342 -0.023220 -0.067771 -2.177211 -0.768081 -0.200391 -0.573444 -0.560623 -0.420269 -1.908051 -3.021698 -2.803900 -1.450862 -1.197114 -1.031710 -0.975117 -1.013732 -0.940321 -0.039228 -0.018719 -0.001392 -0.000450 0.044978 0.125229 0.652478 1.228118 1.594875 3.120425 3.585967 4.143194 2.980473 3.057634 6.758992 6.838814 3.153418 3.098567 3.214458 2.975006 4.038725 3.573987 3.614465 2.688294 -9999.0 -9999.0 -9999.0 -9999.0 -9999.0
1.952802 1.964637 1.751410 1.715555 1.948961 -0.004787 -0.030649 -0.009627 -0.000892 -0.004100 -0.004394 0.283794 1.128468 1.124935 0.949703 1.100042 0.022871 -0.019714 -0.042964 -0.414418 -1.269385 -2.661482 -0.550295 -0.515660 -1.438662 -2.882662 -2.853469 -2.616089 -1.359143 -0.998330 -0.747614 -0.573409 -0.409378 -0.383816 -0.005078 -0.000671 -0.000245 0.045841 1.372477 1.834629 2.286023 2.743616 3.200022 3.644744 2.785044 3.124443 2.947755 3.041857 3.084706 3.096915 3.082128 6.733171 3.058309 4.112196 3.648000 3.432903 3.256463 2.256735 1.899485 -9999.0 -9999.0 -9999.0 -9999.0
2.113022 1.828885 1.469473 1.492855 1.735029 2.083435 -0.005866 -0.032721 -0.004283 -0.004313 -0.004177 0.255262 0.641348 -0.003681 0.410722 1.186872 0.417826 -0.013313 -0.047588 -0.283890 -0.901231 -1.251010 -2.877207 -2.792404 -2.845194 -2.791867 -2.632926 -1.659185 -1.271350 -1.176789 -0.433321 -0.170006 -0.065319 -0.058492 -0.005345 -0.000212 0.048110 0.109313 1.878889 0.752732 2.817145 3.237410 3.633601 2.407607 2.634409 2.812060 2.917657 2.982188 3.003834 3.004579 2.923373 3.080945 4.169421 3.727897 3.221960 2.704317 2.240184 1.831635 1.455891 -9999.0 -9999.0 -9999.0 -9999.0
2.319897 2.103977 1.642437 1.606530 1.792787 2.013038 -0.005536 -0.006216 -0.011360 -0.004982 -0.002289 0.143908 0.151069 -2.024509 -0.452304 1.207681 0.726212 -0.000191 -0.033451 -0.065766 -0.615007 -1.008838 -1.204785 -2.217462 -2.681956 -2.568203 -1.765744 -1.502491 -1.122263 -1.800777 -0.131674 -0.061542 -0.048561 -0.030269 -0.001026 0.033723 0.093894 0.235995 2.290080 1.423657 1.823997 1.944889 2.214933 2.460310 2.649829 2.780457 2.840657 2.885687 2.931930 2.885601 3.128891 4.225150 3.808919 3.320638 2.782260 2.261419 1.802884 1.404045 1.056005 0.849782 -9999.0 -9999.0 -9999.0
-0.004356 -0.007330 -0.011072 -0.010236 -0.007670 -0.005073 -0.005733 -0.005673 -0.016650 -0.008465 -0.005072 0.038170 -0.004235 -2.272743 -1.619821 1.095791 0.691008 0.206450 -0.002246 -0.020709 -0.033587 -0.089174 -0.919944 -1.081165 -1.293815 -1.596683 -2.226066 -1.421781 -1.058819 -1.593503 -1.391259 -0.047843 -0.033978 -0.002205 -0.000181 0.072794 0.134158 0.774977 1.260272 1.687356 1.709090 2.012641 2.248795 2.438112 2.595570 2.692389 2.752396 2.824682 2.811005 3.084411 4.292967 2.740735 3.478306 2.945720 2.399448 1.873988 1.426901 1.044762 0.726945 0.531752 -9999.0 -9999.0 -9999.0
0.002272 -0.006818 -0.007329 -0.007278 -0.006323 -0.005112 -0.005444 -0.005373 0.038103 0.085375 0.075521 0.003577 -0.005226 -1.963761 -0.569934 0.369585 1.048634 0.392651 0.040358 -0.009400 -0.019813 -0.030475 -0.496015 -0.776303 -1.091104 -1.356270 -1.440151 -1.322944 -0.929388 -1.382905 -1.119081 -0.077547 -0.005622 -0.000302 0.040992 0.106219 0.175270 0.999818 1.137438 1.479297 1.780403 2.003645 5.744513 2.371452 2.509322 2.598452 2.685390 2.694128 3.057530 4.252344 3.971154 3.644104 3.282745 2.678170 2.114497 1.575812 1.134433 0.772073 0.460412 0.277268 -9999.0 -9999.0 -9999.0
0.018419 0.005513 0.001788 -0.001771 -0.003257 0.000446 0.053614 0.001617 0.002781 0.025122 0.017708 0.058217 0.059008 -0.012176 -0.003510 0.071156 0.602545 0.756338 0.358921 0.067509 -0.020209 -0.019992 -0.063078 -0.190269 -0.797007 -1.090961 -1.165547 -1.139461 -0.754092 -1.153400 -0.840789 -0.037864 -0.001037 -0.000282 0.044311 0.110466 0.367544 0.763164 1.163824 1.501464 5.321300 1.956354 2.142659 5.869391 6.024219 2.492094 2.553800 2.875390 2.829651 3.884440 3.546710 3.231441 2.916790 2.442337 1.886513 1.346821 0.905843 0.550446 0.248292 0.156936 0.110397 -9999.0 -9999.0
0.007111 -0.007525 -0.009824 0.158801 0.012915 0.146597 0.150748 0.152176 0.177153 0.177451 0.142770 0.031075 0.102165 0.158812 0.148789 0.547101 0.516305 0.150935 0.108088 0.058482 -0.001341 -0.000635 -0.042616 -0.053154 -0.153845 -0.752398 -0.839242 -0.844433 -0.456293 -0.911972 -0.047436 -0.001652 3.281677 0.009359 0.062909 0.119507 0.282524 0.844540 1.190526 1.448667 1.681442 1.888000 2.072383 2.205673 2.294210 2.726259 2.743063 3.954033 3.741967 3.444373 3.105878 2.763392 2.504680 2.142470 1.641265 1.127841 0.713088 0.364847 0.153626 0.016421 -0.004044 -0.004130 -9999.0
0.505493 0.031651 0.011906 0.003247 -0.006921 0.000719 0.121579 0.208145 0.269820 0.296568 0.270903 0.149647 0.142376 0.222141 0.289543 0.269937 0.241588 0.110586 -0.000523 -0.002978 -0.000021 -0.895687 -0.027375 -0.029672 -0.042227 -0.077093 -0.096350 -0.182185 3.477439 2.826746 2.959840 3.145246 3.358607 0.022459 0.070982 0.123224 0.388625 0.867466 1.137875 1.398251 1.620012 1.805769 1.962901 2.420036 2.519954 3.724473 3.680005 3.575636 3.353569 3.023322 2.664501 2.350758 2.045723 1.770522 1.347265 0.882416 0.517402 0.206362 0.016568 -0.004461 -0.004095 -0.004014 -9999.0
0.772178 0.709561 0.669871 0.615721 0.500717 0.342258 0.492529 0.398534 0.381355 0.467938 0.478706 0.292423 0.387460 0.203396 0.188106 0.383512 0.374341 0.219646 0.071846 0.040144 -0.000597 -0.001496 -0.007510 -0.001395 -0.003574 -0.035362 -0.043760 3.487417 2.768788 2.878668 3.010519 3.178295 3.374859 3.589033 3.823925 0.128055 0.338006 0.815671 1.093416 1.347145 1.546268 1.708620 2.189282 3.442839 3.395150 3.346283 3.197067 3.111777 2.966337 2.649033 2.267640 1.952858 1.640256 1.357717 1.000412 0.607736 0.298691 0.133093 -0.004344 -0.004272 -0.004101 -0.004315 -9999.0
1.416175 1.589000 1.621521 1.410698 0.969397 0.731461 0.738957 0.774581 0.633862 0.806004 0.996783 0.304683 0.736484 1.011170 0.902488 0.850952 0.745696 0.484039 0.267650 0.086896 0.015222 0.020030 -0.000315 -0.003769 -0.003191 -0.001688 -0.002112 -0.007716 2.804278 -0.002197 3.014154 3.185829 3.379708 3.594677 0.078147 0.125131 0.275249 0.760310 1.032097 1.252314 1.413622 1.900874 2.012164 3.104321 2.971112 2.984097 2.692777 2.582560 2.575202 2.344888 2.370949 1.614488 2.081957 1.001129 0.673608 0.342856 0.168446 0.014351 -0.004646 -0.004266 -0.004587 -0.004261 -9999.0
4.274156 4.529487 2.344921 2.104265 1.796555 1.377102 1.454856 1.546939 1.485677 1.425358 1.568404 1.294711 1.260723 1.502390 1.405795 1.302555 1.146458 0.880566 0.532318 0.136261 0.240525 0.055393 -0.000290 -0.000650 -0.001342 -0.002383 -0.004098 -0.004513 -0.002580 -0.001648 3.038241 3.212575 3.399821 0.040477 0.077263 0.118442 0.203852 0.449140 1.097679 1.382210 1.445980 2.888248 2.896159 2.746376 2.547274 2.653389 2.645347 2.118088 2.101059 2.030962 1.741791 1.957795 1.803687 1.609095 0.401113 0.191779 0.106205 -0.004480 -0.005074 1.778114 -0.004431 -9999.0 -9999.0
4.860064 2.592671 2.891704 2.980275 2.851744 3.048887 3.094043 2.260848 2.246869 3.410819 2.188210 1.970430 1.872559 1.905266 1.856590 1.679443 1.134305 0.884520 0.392106 0.146203 0.098057 0.056471 0.013178 -0.000079 -0.000536 -0.000717 -0.001450 3.593718 -0.002011 -0.001290 -0.000731 -0.000458 3.416138 0.031334 0.096407 0.124832 0.153608 0.181549 2.079719 0.936975 2.357649 2.470380 2.530296 2.391299 2.168759 1.928213 1.756589 2.369545 1.577827 1.667966 1.477682 1.118273 1.538539 0.431948 0.208909 0.135864 0.013726 -0.004675 -0.005182 1.878188 -9999.0 -9999.0 -9999.0
5.531887 5.542912 2.983252 3.708050 4.604718 4.349303 4.085769 4.031861 4.108077 4.143661 2.805390 2.490706 2.345185 2.277813 1.762058 1.585725 1.391615 1.154319 0.856377 0.310503 0.125399 0.114737 0.064962 0.006307 -0.000358 -0.000610 -0.001093 -0.001282 -0.001499 -0.001061 -0.000688 -0.000145 0.025542 0.919295 1.065284 1.206199 1.359555 1.474940 1.606922 1.740180 1.856144 1.969139 2.076997 2.016080 1.834180 1.588237 1.986109 1.276114 1.136128 1.185622 1.114402 0.809669 0.459895 0.195984 0.122936 0.093697 0.013748 0.002100 -0.004872 -9999.0 -9999.0 -9999.0 -9999.0
6.196363 6.146778 3.429110 4.232282 5.555601 5.439570 5.217712 4.963486 4.859794 3.469331 3.292096 2.950709 2.741707 2.141315 1.971429 1.774309 1.535836 1.274515 0.995138 0.844177 0.653996 0.135732 0.079379 0.014144 -0.000071 -0.000461 -0.000753 -0.000955 -0.001122 -0.000801 -0.000684 -0.001597 0.012768 0.763273 0.783947 0.834393 0.936813 0.961902 1.079515 1.208518 1.319554 1.498523 0.526458 1.596277 1.468387 1.243046 1.667909 0.876052 0.782202 0.738427 0.657523 0.413218 0.165596 0.014817 0.010563 0.047905 0.072796 0.071706 -9999.0 -9999.0 -9999.0 -9999.0 -9999.0
5.102082 4.470548 4.546343 4.834901 6.283158 6.313214 6.135858 5.988212 4.181249 3.875641 3.622409 2.753191 2.482486 2.311638 2.116108 1.882524 1.639968 1.378485 1.084428 1.108892 0.770425 0.345342 0.098487 0.054224 0.004584 -0.000290 -0.000472 -0.000614 -0.000814 -0.000808 0.302236 0.337995 0.427683 0.529475 0.194351 0.135746 0.158315 0.399290 0.591257 0.708053 0.165355 0.627292 0.308814 1.169351 1.033768 0.823460 0.615841 0.459050 0.369199 0.277048 0.183179 0.018183 -0.004523 -0.005006 -0.004998 0.009657 0.096407 -9999.0 -9999.0 -9999.0 -9999.0 -9999.0 -9999.0
5.138512 5.366680 5.587233 5.765482 5.686670 5.710213 5.494087 3.774270 3.586826 3.381257 3.153346 2.891493 2.617353 2.412520 2.181961 1.927033 1.634108 1.476481 1.423880 1.092026 0.760503 0.485610 0.115609 0.069215 0.007488 -0.000523 -0.000390 -0.000520 0.042181 0.040881 0.082882 0.066465 0.057094 0.085459 0.027585 0.018868 0.908326 0.984791 1.085105 0.270130 0.393686 0.008041 0.793081 0.736930 0.584109 0.357114 0.164113 0.016190 -0.003926 -0.003728 -0.003732 -0.004087 -0.005144 -0.005265 -0.005919 -0.004806 -9999.0 -9999.0 -9999.0 -9999.0 -9999.0 -9999.0 -9999.0
5.845658 6.273560 6.431712 6.350411 6.243013 5.019575 4.056208 3.911365 3.730197 3.528325 3.281551 3.016507 2.679814 2.412688 2.643223 2.314017 1.879625 1.485500 2.350178 0.854910 0.519934 0.212341 0.215493 0.071895 0.015269 -0.000497 0.096604 0.075158 0.008100 0.003597 0.012465 0.004725 0.002147 0.008246 -0.000233 0.653035 0.718734 0.774531 -0.006696 -0.000108 0.085681 0.037488 0.374575 0.299500 0.137898 -0.002182 -0.004855 -0.008136 -0.009338 -0.009785 -0.009902 -0.009905 -0.009623 -0.008375 -0.006279 -9999.0 -9999.0 -9999.0 -9999.0 -9999.0 -9999.0 -9999.0 -9999.0
6.585175 6.719684 6.751117 6.314917 4.736442 4.436487 4.189367 4.037277 3.836152 3.605921 3.347154 3.417374 3.286320 2.852459 3.679003 3.240373 2.792475 2.373182 2.002913 1.662518 1.360929 1.102499 0.889518 0.053807 0.019956 0.140240 0.028136 0.016655 -0.002528 -0.000757 -0.011457 -0.004846 -0.001667 -0.001546 0.001343 -0.022158 -0.024767 -0.018385 -0.016377 -0.010935 -0.012045 -0.005360 0.098342 -0.006689 -0.008462 -0.012003 -0.013863 -0.017118 -0.018851 -0.018279 -0.016940 -0.014026 -0.012162 -0.010362 -0.007062 -9999.0 -9999.0 -9999.0 -9999.0 -9999.0 -9999.0 -9999.0 -9999.0
7.023544 7.057623 5.360657 4.604720 4.511048 4.399232 4.259362 4.105530 3.884965 3.592312 3.981539 4.858670 3.156961 3.836886 3.285541 2.799674 2.351827 1.952607 1.592190 1.283732 1.022600 0.809089 0.380301 0.303377 0.682022 -0.000629 0.019406 -0.000085 -0.029532 -0.004538 -0.018074 -0.014798 -0.013146 -0.009074 -0.001429 -0.025271 -0.045812 -0.025363 -0.023398 -0.021135 -0.019838 -0.543833 -0.001103 -0.014764 -0.016076 -0.019141 -0.021000 -0.021986 -0.022541 -0.021830 -0.020553 -0.018648 -0.014692 -0.010886 -9999.0 -9999.0 -9999.0 -9999.0 -9999.0 -9999.0 -9999.0 -9999.0 -9999.0
4.835072 4.827377 4.768540 4.677081 4.568084 4.436062 4.284118 4.101337 3.820794 4.956656 3.911735 4.619767 2.914406 2.361808 2.815249 2.336262 1.909128 1.524578 1.191399 0.913883 0.687996 0.530090 0.188844 0.106406 0.642209 0.578076 -0.001439 -0.001116 -0.523270 -0.080380 -0.029450 -0.022048 -0.022840 -0.024482 -0.016481 -0.008049 -0.891537 -0.038604 -0.031414 -0.029373 -0.027222 -0.736642 -0.738829 -0.021778 -0.023477 -0.025270 -0.025669 -0.025826 -0.025727 -0.024549 -0.023075 -0.020107 -0.014518 -9999.0 -9999.0 -9999.0 -9999.0 -9999.0 -9999.0 -9999.0 -9999.0 -9999.0 -9999.0
4.831865 4.817510 4.717751 5.114070 6.644216 6.351484 5.906410 5.405262 4.895473 6.089036 3.925968 4.295358 3.680447 2.987704 2.379104 1.919494 1.985263 1.151572 0.846754 0.595278 0.397149 0.290374 0.049415 0.063127 0.594776 0.556492 -0.004837 -0.005543 -0.040211 -0.708663 -0.718199 -0.032076 -0.030454 -0.039687 -0.038659 -0.729803 -0.883883 -1.303868 -1.242175 -0.043974 -0.042317 -0.054915 -0.924448 -0.029836 -0.032823 -0.035302 -0.032177 -0.029519 -0.004598 -0.025537 -0.023491 -9999.0 -9999.0 -9999.0 -9999.0 -9999.0 -9999.0 -9999.0 -9999.0 -9999.0 -9999.0 -9999.0 -9999.0
