geotop_simulations/templates/TEST_Venosta_3D_034_template/rec/SoilPressure0000L0002.asc
ncols         252
nrows         194
xllcorner     598250.000000
yllcorner     5144500.000000
cellsize      250.000000
NODATA_value  -9999.0
[rows 120 to 143 of 194, columns 108 to 161 of 252]
-3458.077665 -3466.574694 -3440.351583 -3411.978145 -3393.491342 -3384.097502 -3357.504554 -3325.773428 -3445.199517 -3460.334955 -3465.209035 -3459.579791 -3445.291602 -3439.828753 -3463.381832 -3470.176798 -3477.590948 -3496.375752 -3507.486837 -3553.766199 -3555.109120 -3711.197869 -3644.123126 -3568.174519 -3391.594190 -3366.593453 -3339.231485 -3301.464860 -3261.466018 -3225.985565 -3156.386794 -3003.343936 -2639.028488 -2961.205984 -2472.002781 -1066.217694 -733.093543 -766.712120 -1087.596034 -849.496878 -761.100698 -750.656113 -647.638533 -600.206607 -595.637992 -590.438917 -596.857670 -624.434125 -626.837697 -642.113785 -781.818456 -1017.085866 -1224.909507 -1793.814047
-3415.252072 -3454.563184 -3431.342120 -3393.745070 -3370.317831 -3363.610697 -3333.270192 -3306.061343 -3410.606863 -3412.165219 -3435.079405 -3441.248781 -3417.689157 -3402.493764 -3426.465210 -3432.453341 -3439.814209 -3459.355430 -3446.988996 -3529.190444 -3543.079708 -3778.453571 -3770.854999 -3695.915743 -3580.016553 -3342.649638 -3301.708681 -3257.263789 -3209.001035 -3163.386717 -3046.734973 -2989.859425 -2453.265593 -2978.619914 -2540.303267 -1149.648506 -739.215430 -831.181737 -1355.990896 -1053.417639 -846.925517 -803.575636 -688.286448 -744.578436 -724.844323 -640.213873 -727.810633 -669.096130 -672.737306 -720.713215 -946.903743 -1303.049497 -1716.482807 -2105.435765
-3344.178825 -3428.109582 -3431.295020 -3393.682295 -3353.739749 -3335.609866 -3300.375455 -3284.708547 -3391.693689 -3384.210586 -3397.733372 -3404.999453 -3379.541307 -3355.636182 -3384.603179 -3397.395990 -3400.618471 -3409.647410 -3349.301660 -3492.218562 -3522.007719 -3490.576563 -3736.522436 -3669.421238 -3350.758102 -3299.512683 -3251.523326 -3178.124035 -3137.141336 -3054.769895 -2812.789702 -2779.633086 -2250.376080 -2880.462751 -2368.684488 -1191.508480 -818.572023 -1005.589502 -1484.623660 -1278.123759 -996.869185 -926.441639 -791.174385 -744.166151 -699.833626 -710.319751 -894.346087 -781.969026 -793.972623 -872.626197 -1189.315764 -1671.140666 -2032.175005 -2250.287184
-3283.915313 -3383.986030 -3429.216358 -3395.323729 -3353.789248 -3310.444539 -3244.740113 -3241.247616 -3357.821369 -3340.815315 -3351.893010 -3367.080610 -3356.508928 -3346.404561 -3368.225880 -3385.512228 -3388.250803 -3367.049481 -3220.795889 -3488.706940 -3498.757959 -3460.299455 -3684.571055 -3368.105158 -3316.213051 -3226.705474 -3124.960630 -3042.451707 -3037.650589 -2902.026374 -2400.351525 -2658.270927 -2272.551203 -2858.185545 -2303.180738 -1230.324431 -873.745045 -1046.792322 -1510.747223 -1448.431187 -1124.663065 -1049.092161 -934.654991 -838.352792 -799.788720 -1117.634323 -1250.226612 -942.698909 -948.949942 -1100.521124 -1589.862284 -1929.624619 -2138.980324 -2225.294381
-3202.843204 -3285.363319 -3417.532996 -3383.593629 -3343.024887 -3295.666539 -3197.140871 -3154.418030 -3299.893259 -3282.842386 -3300.559952 -3327.360999 -3318.545345 -3335.134954 -3359.226093 -3370.863652 -3374.367965 -3264.903135 -3004.752978 -3490.317482 -3470.925332 -3420.290414 -3369.064727 -3321.374794 -3260.307053 -3119.346196 -2824.164350 -2713.773505 -2946.474464 -2758.789494 -1884.811952 -2647.391705 -2253.126334 -2753.444522 -2289.935353 -1254.849002 -922.898065 -1074.310148 -1560.231050 -1539.673639 -1377.604594 -1219.605586 -1104.875470 -1023.861772 -1481.843598 -1515.567254 -1703.295963 -1305.721775 -1330.559387 -1557.878023 -1976.563342 -2209.186809 -2303.825290 -2382.341534
-3048.741193 -3126.539708 -3384.759159 -3364.010417 -3327.770635 -3279.106626 -3140.068213 -2746.718370 -2503.814177 -3126.622816 -3177.562881 -3229.276122 -3205.576218 -3240.002111 -3288.140734 -3316.783783 -3317.225041 -3110.786087 -3097.564927 -3455.842600 -3440.452336 -3378.277276 -3314.209140 -3248.913960 -3146.416058 -2874.889433 -2557.994544 -2434.631453 -2669.794801 -2476.817492 -1452.367530 -2119.061109 -2136.151049 -2570.153785 -1950.192964 -1319.499660 -983.074654 -1045.634075 -1399.321939 -1775.524979 -1590.817864 -1332.912799 -1230.002178 -1191.577613 -1185.740474 -1245.798333 -1391.855696 -1753.725727 -1919.834830 -1996.063731 -2133.113919 -2382.531782 -2498.951742 -2485.714515
-2871.041362 -3215.154928 -3361.570135 -3314.616549 -3257.089672 -3181.618739 -3034.375166 -2504.240340 -2216.899781 -2847.446680 -2822.394679 -2891.848011 -2963.437615 -3031.913762 -3137.377772 -3231.921449 -3228.542685 -3047.053652 -3202.159118 -3435.967672 -3402.319243 -3319.459103 -3216.135379 -3131.974280 -2943.941548 -2757.555661 -2687.668864 -2525.208605 -2662.925902 -2495.663192 -1117.202072 -1832.552090 -1991.633254 -2367.489748 -1854.305178 -1242.798276 -993.612637 -1046.963387 -1592.701618 -1587.569335 -1482.361653 -1320.884498 -1282.538635 -1336.597830 -1462.847022 -1626.335362 -1789.375076 -2118.036416 -2292.099768 -2304.621369 -2386.020091 -2663.169472 -2665.170471 -2422.537948
-3207.181272 -3251.637023 -3374.598425 -3247.522137 -3207.203486 -3117.845122 -2931.208233 -2301.880904 -2655.743709 -2806.624189 -2772.511566 -2791.279531 -2882.357075 -2942.385089 -3096.673298 -3172.377664 -3132.067868 -2869.422801 -3413.798101 -3449.105483 -3351.251288 -3221.639427 -3014.043877 -3000.999062 -2837.496894 -2770.694118 -2582.145041 -2539.802653 -2493.315484 -2416.638884 -928.715328 -1618.732551 -2271.456625 -2198.624506 -1735.945684 -1416.148770 -1364.065430 -1459.086488 -1520.905775 -1287.169498 -1213.622266 -1215.009959 -1325.916704 -1472.671529 -1660.194710 -1847.335328 -2020.882832 -2234.084462 -2332.434572 -2454.631638 -2692.884621 -2809.633396 -2691.693279 -3085.417262
-3116.319739 -3256.417786 -3308.825533 -3116.462947 -3084.316656 -2875.933833 -2497.701447 -1977.855262 -2425.737592 -2682.383816 -2340.664642 -2273.086355 -2911.407742 -2806.827219 -3142.782982 -3114.739201 -3021.206314 -2506.430186 -3375.107465 -3412.354577 -3249.270116 -3028.143450 -2926.105136 -2675.456650 -2490.784234 -2456.020123 -2389.125294 -2206.500791 -2180.658545 -2304.557667 -856.363925 -1567.015898 -2105.112521 -1862.834348 -1699.908677 -1382.655381 -1136.128119 -1095.408936 -1336.736447 -1645.004067 -1378.514468 -1071.090871 -1133.124244 -1462.376826 -1711.854504 -1919.562370 -2073.326418 -2248.454817 -2548.171542 -2874.846205 -2978.080446 -2772.801109 -2760.915685 -3157.847635
-3215.986208 -3270.821094 -3159.428596 -3042.334275 -2632.074076 -2248.952648 -2016.000212 -1639.813047 -1771.183028 -2130.723054 -2453.264038 -2199.669323 -2247.672796 -2679.514860 -3350.338904 -3393.381091 -3071.003505 -2872.693197 -3407.516909 -3408.968286 -3131.643587 -2906.246651 -2487.659797 -2272.892765 -2123.960627 -1915.798789 -1746.376513 -2430.907130 -2573.628115 -1452.547662 -1038.799124 -1863.558542 -2405.343994 -1560.653838 -1287.137704 -1420.916675 -1577.208962 -1774.597361 -1529.441906 -1313.390889 -1280.965812 -1453.162948 -1129.254774 -1332.050059 -1630.352377 -1906.985959 -2253.855087 -2737.385745 -3013.655929 -3370.958642 -3381.562469 -3350.460999 -3270.935656 -3197.595632
-3368.201766 -3269.372883 -3170.291186 -2691.235235 -2047.883841 -2113.050602 -2089.737294 -1610.937526 -1582.190566 -2019.982924 -2327.923561 -2504.830764 -2713.222293 -2983.883944 -3364.215751 -3088.685625 -3160.481985 -3100.067003 -3415.683349 -3407.614858 -3164.600742 -2984.050547 -2423.922761 -2082.993857 -2055.645345 -2323.284253 -1730.464654 -1216.997447 -2076.958064 -1095.450042 -1020.195269 -1564.668151 -2326.692771 -1790.902927 -1260.413628 -1674.189549 -1775.732525 -1359.868158 -1966.637384 -2382.114030 -2582.568163 -2672.450478 -2733.361978 -2745.283278 -2483.135609 -2758.417248 -2986.667230 -2924.986440 -3400.677738 -3405.010408 -3418.326172 -3427.551100 -3365.129787 -3215.813923
-3394.137491 -2527.332287 -3083.591405 -2137.170824 -1837.066715 -2106.246144 -1947.962179 -1536.324583 -1333.921987 -1791.536512 -2293.046327 -2642.343157 -2869.434517 -3396.036630 -3423.354143 -3434.582768 -3412.594967 -3353.033627 -3446.385593 -3412.538163 -3223.959645 -2796.322321 -2634.524374 -2183.631985 -1758.248075 -1102.984621 -821.813191 -1401.775581 -1579.213739 -934.971783 -1015.147295 -1443.674157 -1332.135850 -1268.851306 -1375.642571 -1440.383573 -1526.026558 -2318.662539 -2828.673805 -3138.277534 -3357.417048 -3362.529763 -3374.243948 -3387.736878 -3401.922594 -3422.717309 -3441.687637 -3438.882472 -3416.929374 -3227.495150 -3298.848053 -3490.256482 -3487.444867 -3451.528019
-1545.522929 -1641.829651 -1929.024112 -1999.362517 -1655.888833 -1609.438570 -1530.258863 -1329.816112 -1245.641221 -2049.438978 -2323.416399 -2758.356347 -2962.280117 -3393.961904 -3412.310225 -3411.058488 -3414.647182 -3429.536443 -3338.496652 -3119.067034 -3107.471183 -2498.625603 -2110.965635 -1900.132588 -1525.688443 -597.043436 -543.875307 -749.066432 -1063.037927 -835.365502 -1424.845441 -1600.807612 -1739.649656 -1475.433733 -1311.333928 -1122.523096 -2303.911372 -2800.497276 -3391.272538 -3400.700136 -3414.341639 -3399.986413 -3411.767827 -3443.366001 -3469.633931 -3485.310659 -3207.902302 -3199.291678 -3258.428710 -3374.569591 -4071.513216 -4086.460648 -3534.213788 -3379.828116
-1365.247259 -1582.898285 -1477.602571 -1044.780991 -682.352417 -991.624846 -835.533255 -2054.763758 -2324.326679 -2822.947030 -3120.797358 -3161.460379 -3426.863412 -3430.856708 -3437.605890 -3158.729061 -3178.982524 -3022.992794 -3234.792545 -3144.621562 -2981.761521 -2460.425385 -1945.380284 -1779.073698 -723.357255 -425.113600 -387.799727 -525.256308 -764.960908 -1021.830379 -1183.620934 -1582.773711 -1750.103675 -2752.170011 -2317.046129 -2514.233082 -2856.261454 -3253.305451 -3384.288175 -3394.095041 -3449.390943 -3468.057794 -3486.491377 -3506.456586 -3537.291280 -3330.992674 -3372.346313 -4141.144981 -4134.088762 -4146.169787 -3591.011174 -3582.078419 -3496.304033 -3352.861493
-991.496181 -1210.794483 -1096.238665 -709.943504 7025.212858 -546.206429 -413.234003 -974.202983 -2219.627527 -2502.208047 -3112.161954 -3476.382208 -3635.070380 -3459.038373 -3471.567644 -3455.016965 -3279.335288 -3247.540249 -3069.666210 -2651.819267 -2861.342688 -2301.436317 -3225.466568 -2675.386770 -2273.869456 -2419.239790 -2397.795290 -1748.146239 -1159.054293 -1353.318102 -1377.763244 -1822.936641 -1906.043199 -2265.236948 -2837.113493 -2746.958655 -3143.874225 -3419.664268 -3403.992425 -3376.680888 -3395.816939 -3488.371804 -3545.324230 -3564.866342 -3434.129620 -3457.042391 -4202.923431 -4205.474754 -4218.461913 -3644.413849 -2757.389782 815.999420 -3511.177977 -3462.243615
-672.676455 -951.116696 -873.751036 -401.834915 -305707.387860 -189995.922756 -128295.734031 -646.140442 -1661.237895 -2160.610483 -2883.198693 -3038.424463 -3377.658667 -3454.898277 -3474.717845 -3247.557199 -3383.201250 -3043.711863 -2839.656273 -2719.064107 -2076.706696 -1648.565466 -1808.482755 -2996.187343 -2725.095324 -2629.096245 -2281.176960 -1228.984577 -1107.731953 -1175.078346 -1432.452756 -1853.445185 -1892.353360 -2758.911504 -2959.349466 -2876.390662 -3443.479015 -3422.357835 -3423.592896 -3383.987619 -3333.571391 -3053.025552 -3357.999375 -4194.580445 -4233.817239 -4251.627108 -4265.846495 -4268.002031 -3674.893421 -3649.198696 4035.961187 -3542.081836 -3683.994256 -3435.876647
-556.454973 -715.434838 -918.094719 -390.328397 -366880.542256 -118413.384203 -403861.276647 -244.802952 -1082.459689 -1923.864119 -2315.389652 -2598.694806 -3167.972301 -3431.333523 -3413.359527 -3113.460136 -3231.471427 -3020.923861 -2799.524611 -2003.626595 -1162.863604 -748.930478 -894.638812 -761.080328 -826.464768 -898.007060 -759.516917 -842.367589 -812.639990 -937.635081 -1631.542261 -2752.582228 -3037.510429 -3189.279414 -3197.606802 -3418.820543 -3615.494225 -3543.682980 -3567.284087 -3564.550849 -3201.172331 -3099.517941 -3298.037289 -3491.281735 -4239.218429 -4276.819352 -4287.587984 -4236.570809 -3658.851965 -3601.682302 -3749.286449 -3520.204141 -3416.911987 -3241.741999
-468.447059 -347.241192 -753.154729 -690.360956 -524.628982 -681.003836 -883.089706 -1037.853536 -1220.085728 -2106.834044 -2406.070050 -2562.406947 -3101.744336 -3421.338768 -3422.569756 -3408.494069 -3386.205103 -3045.331485 -2896.042784 -1971.322614 -1098.447474 -1240.786865 -456.529551 -292.953087 -275.306070 -343.218711 3.671925 -664.851740 -826.298135 -1103.253251 -2078.081459 -2656.485930 -3212.693033 -3378.774235 -3555.820310 -3753.194420 -3635.979844 -3658.322672 -3683.107155 -3698.579580 -3435.628398 -3385.671124 -3417.735126 -3526.250363 -4189.666953 -4243.155664 -4253.296066 -4191.480374 -3665.079589 -3837.285369 -3569.542981 -3504.777956 -3394.216803 -2953.212087
-90372.654055 -82714.580540 -82705.441767 -81288.422125 -110797.289798 -1143.840595 -1268.438191 -1861.228420 -1976.205175 -2270.766526 -2632.388561 -2813.380660 -3155.306367 -3380.393171 -3421.784546 -3161.852484 -2701.034768 -2636.838283 -1754.613874 -1408.838334 -953.789704 -1618.584728 -24.521245 -501078.921375 -511449.492230 -144866.062953 -254151.585834 -344.058194 -922.829830 -1299.472310 -1978.847543 -2527.749121 -2944.203491 -3178.735790 -3503.417276 -3515.996586 -3487.776411 -3518.388008 -3536.198154 -3570.906193 -3504.929642 -3714.247379 -4311.319840 -4244.242203 -4201.769107 -4247.733593 -4238.304762 -4103.443350 -3893.608658 -3761.460650 -3570.589539 -3509.925155 -3412.130303 -3048.511238
-104611.603209 -96812.759774 -73119.086941 -69724.100974 -106513.363062 -573.480985 -1503.211901 -1990.201589 -1772.053720 -2144.060024 -2610.765751 -2619.397368 -2698.632501 -3071.439811 -3288.939060 -2798.404455 -2857.969390 -2294.142337 -2005.967401 -1957.055236 -1327.228063 -833.715365 -477.731375 -135455.732186 -94710.701612 -105302.476257 -387671.737164 13.115973 -1220.617805 -1752.528220 -1841.856338 -2151.594915 -2641.940121 -2823.738283 -2863.247380 -2823.887346 -2635.272725 -2980.254424 -2927.287153 -2538.363747 -2877.210707 -3029.158538 -3374.356700 -4138.304146 -4161.084382 -4141.259239 -4130.231472 -3712.294928 -3689.296420 -3630.660378 -3564.669317 -3506.168832 -3410.130491 -3177.802922
-992.617257 -809.736468 -51652.586468 -49128.553649 -185.844507 -417.915913 -639.913946 -1588.613863 -1740.003275 -1841.195700 -2044.718876 -1469.246780 -1947.385805 -3035.914631 -2193.558932 -2706.665018 -2630.213581 -2469.331172 -2387.537491 -2399.666818 -2526.703273 -1902.304683 -973.569596 -467.943714 -86346.264989 -623.868380 -672.585631 -1122.428905 -1624.752213 -2138.125919 -2122.687549 -2145.847281 -2287.033258 -2433.888799 -2528.476408 -2591.311817 -2727.669252 -2977.736750 -3165.023357 -3125.186274 -3281.850677 -3434.385801 -3446.232610 -4230.102205 -4255.723480 -4192.468203 -4095.095981 -3729.429111 -3705.355293 -3645.554518 -3563.171657 -3485.848032 -3433.102047 -3269.232468
-978.785820 -102592.525985 -79252.999919 -91807.596014 -135029.627015 -7.242956 -371.844884 -929.042906 -1584.512729 -1593.869544 -1782.355414 -1573.056854 -1141.529754 -2530.633926 -1632.063606 -2306.052501 -2764.050331 -1890.660667 -1851.316570 -2021.156898 -2257.531306 -2629.311048 -2554.516140 -3122.523943 -2965.995532 -2240.422645 -2191.251310 -2324.153492 -1755.376795 -2303.718871 -2813.102435 -3123.497679 -3121.652240 -2769.091908 -2761.603149 -2969.386749 -3382.952460 -3764.795034 -3870.335448 -3743.546735 -3515.982942 -3563.534669 -3644.395026 -3542.797399 -4243.399823 -4253.615968 -3797.454681 -3760.126577 -3703.295332 -3642.156494 -3567.096138 -3477.579343 -3405.220325 -3249.104750
-976.726830 -643.222560 -33.048119 -58801.174929 -83064.004778 -39.068398 5.289367 -286.279933 -553.018830 -1046.674262 -1487.045284 -1545.772706 -1100.785498 -1980.653048 -1463.573663 -2234.303308 -1404.940592 -1292.103064 -1101.973677 -987.930305 -942.961782 -1727.384268 -2120.932787 -2737.881693 -3076.933745 -3210.838476 -2952.982982 -2685.723171 -2381.543379 -2425.347319 -3102.080455 -3671.767730 -3891.249723 -3972.712202 -4042.716762 -4109.781781 -4118.041621 -4102.797994 -3822.158363 -3780.085565 -3603.928777 -3598.971663 -3632.960932 -3676.573016 -4312.207260 -3816.508290 -3799.137985 -3753.068166 -3709.168960 -3648.104739 -3595.914678 -3564.325074 -3525.601823 -3444.138835
-1037.696654 -652.944984 -432.404485 -41.965789 -41269.521409 -318968.949025 -7.645372 0.653467 -433.845073 -735.051054 -1194.336120 -1169.970145 -2348.198905 -1371.628737 -1834.816130 -1608.682014 -1307.750442 -774.334975 -794.712222 -1129.975170 -1570.090037 -3069.648296 -1657.301252 -3050.857068 -3341.735866 -3341.257929 -3173.220542 -3064.650954 -2951.779914 -2975.951015 -3400.864763 -3840.427392 -3836.134708 -4123.478299 -4185.002600 -3907.822916 -3890.878022 -3874.440457 -3681.756635 -3701.233790 -3707.357289 -3668.296150 -3650.459228 -3722.668637 -3815.255489 -3796.127501 -3764.678804 -3763.101090 -3731.826121 -3696.627054 -3672.658535 -3643.010200 -3753.912488 -3683.508824
