geotop_simulations/templates/TEST_Venosta_3D_034_template/rec/SoilPressure0000L0008.asc
ncols         252
nrows         194
xllcorner     598250.000000
yllcorner     5144500.000000
cellsize      250.000000
NODATA_value  -9999.0
[rows 50 to 74 of 194, columns 168 to 223 of 252]
-183.367094 -179.341655 -150.450715 -189.191507 -289.063823 -197.262977 -162.516346 -142.155666 -128.391407 -88.357144 2.420187 -12.026709 -595.399078 -273.725321 -150.704286 207.997495 555.684244 368.109019 675.155957 648.051401 131.404483 41.353076 -56.729066 -78.781274 -85.583564 -66.583455 -51.807337 -55.982788 -89.697670 -90.212669 1.905907 -176.815220 -177.904878 -166.315298 50.878497 -201.727155 -168.119672 -84.986908 -1.822248 58.691284 50.258608 -457.690126 36.428733 147.310398 243.254358 61.467031 38.644930 62.644984 216.378869 236.531679 747.356866 738.662402 725.588571 698.039724 688.957909 658.831669
-216.598622 -204.522230 -156.971730 -201.104791 -313.110848 -206.924475 -168.513941 -133.649451 -104.562363 -50.419338 48.705923 -356.013508 -309.803054 349.990002 175.204485 276.075687 -151.513494 -63.215916 669.724337 624.588035 160.158172 74.789277 6.393425 -46.628255 -81.420752 -88.545953 -101.538222 -129.948106 -145.700669 -132.313434 -39.760035 -141.363685 -135.284516 -191.587448 -0.785191 -52.799114 -99.588287 -196.866308 -198.831476 -222.405910 -188.220871 -254.673741 -204.955017 -190.977354 11.697272 -1.475965 -1.700957 26.506012 215.705095 -285.375913 -454.727918 716.824154 405.782580 542.567075 688.948924 704.757630
-232.058375 -213.552146 -155.460857 -356.231404 -326.025862 -207.616402 -155.923271 -112.627632 -74.706736 -64.841049 -37.668379 45.563559 161.882150 100.313060 153.545269 349.335651 -77.403754 -115.117366 406.054932 127.952781 79.301626 36.353848 5.578314 0.188434 -29.717165 -55.262656 -115.450742 -161.123127 -193.698130 -223.536270 -125.486324 -164.730612 -119.843580 -157.536360 -1.618665 97.988716 -49.274283 -62.453196 -5.924199 -23.679103 -84.243353 -211.051995 -213.765666 -212.549642 -205.350369 -200.617075 -168.004778 -206.645271 -225.560761 -318.423690 -380.323152 -350.580032 -275.106292 -292.024201 -339.906857 559.936116
-239.607085 -228.325436 -177.715972 -210.020847 -348.693175 -318.495501 -171.811494 -136.755318 -118.670651 -93.653704 -66.944605 -73.866354 -82.361578 -59.239579 60.683386 155.943973 215.236701 167.679910 94.048063 24.489129 -2.051712 -71.069397 -81.910552 -56.062017 -59.717915 -57.493867 -68.034140 -153.761886 -141.747197 -148.988807 -92.385909 -98.241659 -101.431296 -112.510154 -37.416850 92.539142 -72.744520 26.339086 745.009630 260.404886 312.509917 29.892046 31.150505 -21.704479 -89.945265 -169.057760 -186.913431 -180.889997 -243.658546 -325.593984 -335.819537 -307.047284 -303.694348 -306.423274 -318.889067 711.961749
-243.136388 -243.578311 -232.626539 -222.045691 -374.191706 -348.093208 -197.226220 -166.943747 -150.848986 -157.830967 -159.062778 -149.117123 -125.641896 -83.411089 -12.395225 97.754798 22.986977 -38.246652 -43.310867 -36.505353 -70.198430 -74.710872 -84.631472 -110.051569 -117.588432 -104.402067 -76.047637 -135.388823 -126.715874 -118.790777 -79.794363 3613.605971 10617.432585 1732.685377 -46.015663 -249.754464 -291.437522 -275.019840 -205.767787 -56.290246 2530.100339 703.575032 -98.918990 -159.695297 387.840695 503.964044 706.847528 491.605162 431.918249 361.951496 2.550466 -19.284653 -33.861699 -54.721294 -50.090062 -403.021480
-392.352211 -260.239406 -241.400418 -229.987483 -394.419386 -374.943235 -347.626272 -201.051639 -201.772931 -200.260402 -184.728827 -169.388974 -150.567565 -110.941644 -43.130169 46.499316 -24.367186 -97.452330 -98.561175 -88.744203 -87.969103 -82.409180 -81.451826 -114.808747 -127.016647 -123.993761 -122.458815 -123.408271 -140.206611 -154.316236 -140.971616 14093.543307 411.758338 -0.400369 -165.379627 -286.594246 -261.557466 -255.876546 -174.216867 -176.974332 -178.207205 -173.472439 247.688444 -227.029439 -283.937511 -290.107496 -359.200722 -441.626552 -466.853348 -518.301789 -557.634172 -564.759744 -500.069780 -425.664910 715.444084 727.121275
-412.525399 -273.141981 -412.766758 -409.023423 -410.866983 -399.983531 -379.729154 -372.901501 -236.505069 -219.735675 -195.124020 -171.817778 -163.948978 -127.076208 -102.656957 -16.884925 -88.362792 -143.529903 -135.382698 -125.930538 -105.711024 -115.026599 -112.225463 -109.695737 -135.407916 -151.873978 -156.223048 -157.566199 -149.858941 -193.863349 542.103560 2980.277914 -120.881947 -160.884422 -179.845418 -125.253950 -173.589136 -130.057211 -179.860454 -30.168024 -139.047880 -180.322796 -157.877370 -247.204300 -292.509800 -278.223951 -355.350667 -451.202361 -453.348306 -472.339936 688.323732 -99.998041 759.790604 659.052874 450.295311 767.120641
-426.106567 -433.102485 -432.990812 -423.186727 -429.375349 -417.172552 -411.496988 -411.811996 -384.974938 -349.202290 -312.421144 -174.587753 -166.884405 -139.531479 -147.510923 -77.251487 -124.335647 -152.501956 -143.822202 -143.948817 -131.979027 -145.315076 -138.478823 -147.575485 -176.876623 -183.338136 -293.014390 -296.522481 -265.501638 -213.388662 20.249633 -118.682674 -188.079133 -187.239604 -168.673753 104.633416 87.162251 -127.483432 -169.490871 15.624791 85.907376 -196.575517 -468.799921 -154.705561 -356.346081 -341.581675 674.020700 -402.714327 690.476344 695.638931 696.869244 677.330736 84.331486 290.364076 327.288904 120.460804
-447.272255 -443.693226 -447.071038 -434.582992 -446.060693 -440.926909 -434.671462 -414.915352 -386.378775 -356.564004 -325.189873 -297.040275 -171.071653 -148.684110 -172.369646 -151.836321 -152.196871 -145.304765 -151.409176 -162.147674 -174.471682 -174.606309 -167.194183 -184.693238 -192.835687 -299.520578 -298.504656 -312.766331 -292.440825 -225.240814 -97.169977 -99.280329 -166.606406 -163.049675 -70.215608 211.353889 194.684810 -247.150401 -134.382843 115.067699 149.506986 266.059872 705.908097 -149.056197 -380.986635 672.452246 691.638845 689.073240 623.813918 741.436604 741.656832 681.086349 546.069057 321.562701 425.066342 421.125052
-468.359064 -467.151261 -390.131535 -455.784951 -470.262060 -466.867170 -444.764751 -411.208845 -584.338570 -368.756807 -343.603737 -321.886814 -300.604346 -160.618535 -176.981337 -163.095614 -148.160451 -141.408198 -164.564730 -190.465038 -209.173547 -210.816139 -299.467849 -306.090394 -317.025234 -317.330669 -328.511546 -331.521503 -307.985632 -139.788145 -109.467461 -145.242357 -159.335723 -217.144713 -177.796600 -160.431533 314.337069 -379.984519 267.096661 215.416884 276.874516 335.768465 719.943286 -140.367945 -382.994023 669.508748 352.811424 673.518697 578.286978 456.797321 221.812027 281.416535 275.768822 727.191534 365.586681 316.449862
-474.324862 -375.249361 -434.608933 -269.458769 -378.387811 -465.231757 -445.334098 -727.252159 -655.961948 -579.211965 -366.767640 -343.209641 -321.036503 -164.480570 -152.017586 -148.718846 -155.235978 -151.821161 -165.730062 -190.495722 -346.229394 -347.293191 -336.809288 -336.999012 -339.296691 -344.544469 -343.122583 -334.729524 -304.324030 -167.002323 -137.378019 -151.536561 -147.828984 -247.305741 -218.140105 -273.092612 536.728064 -347.433920 712.694294 416.958139 373.203958 524.394238 731.153600 -128.476679 697.929670 740.392296 508.299796 349.879511 94.106231 144.708634 38.019903 703.181810 514.634261 306.239435 308.852684 292.871001
-256.345582 -253.930938 -359.357141 -253.040294 -258.276830 -357.253256 -866.607732 -802.369758 -720.497084 -624.454938 -381.141261 -349.008976 -320.780350 -282.163803 -143.853543 -144.690040 -161.961328 -167.967132 -165.556737 -179.210827 -204.402292 -211.403072 -328.571258 -329.579599 -332.394513 -334.033348 -332.782832 -320.518816 -387.773773 -339.763690 -185.568644 -75.869210 -141.969281 -207.581821 -293.017878 -275.140958 700.699142 718.642757 470.055055 726.331480 692.913261 729.459672 712.386161 730.681654 976.153669 533.372147 100.714564 94.252419 97.534585 139.771020 -53.420286 671.868043 418.825359 337.540673 302.083021 -152.780620
-248.143106 -251.373657 -250.124429 -247.616129 -251.823224 -359.511844 -366.149288 -851.789865 -760.914488 -670.058866 -595.414584 -368.930166 -344.010208 -315.051277 -315.954332 -174.055845 -164.643781 -173.408490 -182.698283 -182.282044 -190.220053 -287.173979 -280.108414 -262.185233 -257.140364 -256.553457 -256.947477 -255.765026 -400.259694 -394.131353 -280.264118 -185.066350 -151.265135 -141.538472 -259.679442 -299.491697 609.371862 158.901280 239.563339 3.756445 658.660713 660.139964 711.843576 725.789152 910.335586 92.849031 136.729403 181.971471 82.167896 -61.992543 663.374124 670.934019 490.384671 409.554254 -136.210419 -150.437698
-751.258780 -761.171764 -825.030404 -238.698159 -340.273698 -358.754027 -373.921274 -895.142773 -815.504199 -720.302659 -633.453086 -564.848039 -373.656323 -366.887654 -366.487465 -359.864620 -347.071320 -198.480902 -176.585496 -178.241885 -183.433766 -187.299352 -240.099501 -219.067044 -212.746431 -205.539796 -194.383104 -193.928125 -252.380242 -325.856566 -289.655251 -213.304123 -180.802318 -146.822213 -237.931462 -338.535678 -63.111634 -51.440283 162.399492 137.021672 499.488190 738.632968 1271.591431 1489.109983 967.125624 55.113720 133.318144 188.218177 397.101506 648.166190 695.598447 697.894870 718.729923 -265.216853 -146.961274 -137.947897
-619.107825 -646.674766 -685.513631 -736.153429 -834.956322 -929.306814 -375.117577 -938.490631 -872.413169 -451.911462 -682.433346 -613.611140 -392.201575 -393.242629 -395.256130 -386.507608 -374.147459 -362.184841 -210.424207 -197.670978 -335.504221 -304.886500 -159.008805 -233.396494 -228.777773 -243.527109 -244.123439 -160.631651 -259.349405 -303.305030 -272.322051 -205.956057 -176.668301 -137.018171 -297.556082 -276.478842 688.851245 -102.129696 124.418687 117.588679 376.630185 895.219616 1421.178833 1408.993482 917.964274 441.622538 144.007870 582.826876 980.448124 922.604312 626.959262 696.983345 721.445825 736.851267 -145.500561 -154.002839
-555.890486 -583.414519 -628.877284 -663.182178 -700.196919 -854.871677 -357.272108 -385.977021 -388.694499 -469.383071 -455.992284 -437.768019 -416.492819 -417.654881 -418.335244 -408.633914 -395.351104 -385.382121 -374.536612 -363.311800 -350.238872 -317.274839 -291.695963 -273.587158 -280.764695 -309.103443 -315.188856 -231.035275 -301.306416 -291.636671 -266.687719 -203.723492 -76.884149 -150.424157 -314.986634 -440.168958 -455.708863 -482.809595 -276.898132 81.447361 279.737179 743.236321 1313.959515 1102.914539 330.303804 -25.014590 -56.436879 379.078944 892.811496 743.783114 711.947426 718.864677 718.976424 680.596458 665.196554 -150.962911
-519.168619 -227.275479 -394.308185 -678.614087 -670.335490 -747.891310 -888.396570 -358.369160 -378.182493 -475.830121 -464.627886 -448.227799 -431.487068 -431.982610 -428.672452 -416.221923 -406.411699 -393.827472 -385.886591 -377.274633 -365.929928 -344.707340 -322.137717 -319.475337 -333.886582 -345.458905 -347.705707 -236.733515 -308.526561 -333.422493 -267.504135 -224.974917 -121.378143 -188.317059 -306.687166 -444.037609 -580.113229 -644.137503 -537.066973 -68.229734 89.918360 234.758538 658.678906 710.405466 240.229980 164.910659 148.099769 93.897795 -45.099172 668.032993 678.323190 667.870870 640.346587 649.963050 79.364922 73.755463
-201.864377 -230.551566 -403.652233 -687.112449 -707.792350 -419.407473 -846.993337 -339.640306 -360.748189 -381.655889 -472.012427 -458.457956 -443.634179 -444.238377 -439.772032 -421.033747 -412.184922 -400.651153 -390.589678 -378.812487 -372.125317 -365.907960 -349.547288 -340.292462 -346.170931 -353.665303 -345.056908 -197.642046 -299.629239 -38.108276 -32.580701 45.176113 20.387051 -200.504019 -325.696276 -502.823363 -602.969618 -170.316029 389.958650 996.978067 -73.014039 145.916269 138.533648 623.725634 188.842340 -39.834524 30.001381 -54.568354 631.654503 647.137063 659.029881 665.133810 689.687828 17.722120 -335.932423 -242.340431
-210.835445 -225.914821 -233.608032 -411.270424 -709.595833 -715.976701 -812.254363 -893.856988 667.196388 -371.058971 -394.208735 -476.742172 -467.135637 -465.141803 -454.861871 -433.497815 -428.253746 -418.380548 -407.474587 -395.225951 -380.985643 -371.254639 -365.955365 -360.379305 -353.973987 -345.953121 -334.230785 -179.274542 115.290182 132.012539 107.730881 -332.003789 -389.562765 -534.653095 -408.737794 -495.188409 675.354733 666.930123 880.672431 890.895262 -78.469700 21.471665 0.461830 527.453724 1026.418657 949.361247 703.749812 249.337184 688.022263 670.844462 670.592616 712.045264 -365.683635 -402.955462 -362.354130 -194.900106
-209.969224 -212.169009 -226.665977 -413.336319 -431.869358 -769.023284 -804.470655 -862.992214 12964.646230 12077.897715 -379.379151 -485.536864 -482.324003 -477.402733 -462.568950 -437.492500 -435.775562 -430.012239 -358.153839 -353.339617 -400.106815 -390.758223 -382.467716 -375.948713 -363.298084 -352.473251 -347.763359 -208.090384 55.419422 -39.550025 -272.760825 -222.751141 -288.459211 -134.716711 -271.335242 -406.369569 -382.010207 698.878393 640.553126 352.262956 -65.469817 46.540297 345.156444 1160.246818 1527.912275 1494.792784 1356.116092 746.298585 690.919153 680.779024 -343.069838 -108.148755 -97.442342 -385.538871 -317.688420 -143.725833
-214.362240 -225.329751 -252.445744 -281.355945 -441.231141 -436.871132 -759.897133 -696.601550 2508.131683 22047.121639 4958.757760 -163.222103 -471.368108 -468.678360 -363.016950 -348.510133 -354.890827 -362.435747 -363.108312 -360.964963 -362.714874 -412.538245 -401.006050 -392.282041 -380.610574 -371.199501 -364.330662 -318.045111 -7.623183 -41.449871 -316.038866 -254.296135 -103.273059 -184.475508 -131.845121 -180.927627 308.411053 696.080653 -43.953071 5.226945 1.236406 119.944783 598.836602 1174.053891 1159.026458 1012.218501 979.738216 696.128653 691.824251 726.439352 1255.854749 1007.292128 379.854829 -68.016455 -219.671080 -175.283287
-233.469392 -264.709916 -277.592037 -429.717867 -422.868524 -390.505603 -622.813951 -596.030366 -592.138686 -506.073365 -510.524774 -451.750227 -221.909710 -535.836626 -518.039627 -235.736904 -221.314410 -334.860380 -353.179932 -432.805273 -431.634581 -429.219829 -421.883571 -416.815426 -406.980777 -389.426827 -378.567360 -344.474645 -168.554722 -175.874681 -309.028764 -191.456231 -108.754895 -257.587215 -169.151928 -176.618262 -238.754795 320.593319 681.411235 222.938427 -48.975598 98.153925 431.694646 373.842290 166.197211 118.880077 509.211010 1119.521168 1007.833552 1720.650863 1620.682671 1061.199836 7.983068 445.378432 -55.227216 680.938501
-261.240969 -416.428682 -421.081136 -406.828617 -366.090060 -557.254111 -549.907849 -548.677190 -529.009225 -432.892927 -448.563663 -464.504545 -487.942413 -523.281125 -545.104878 -548.419048 -557.747735 -579.947645 -625.589351 -327.210808 -349.487490 -433.579789 -433.717785 -428.482435 -423.147767 -403.131211 -390.092728 -356.517628 -354.480810 -346.296604 -309.588537 -247.205637 -127.145396 -134.886051 -162.691833 -180.080716 68.316900 144.583065 300.569823 593.787922 249.524221 -6.775685 66.593220 18.577335 -14.450602 15.844442 312.758238 1073.001611 1534.862050 1724.250782 1181.476489 542.817010 472.170897 436.282977 677.526899 317.918043
-392.295537 -415.415556 -404.395368 -347.449270 -505.494606 -497.407984 -497.272812 -493.388992 -430.849238 -375.164319 -406.443184 -418.423993 -441.319153 -480.954952 -506.496158 -509.242264 -514.821686 -538.548719 -307.048059 -306.350227 -256.523147 -331.624370 -349.560029 -425.705296 -429.878225 -414.786571 -387.024479 -513.363462 -435.594029 -378.219255 -310.905421 -242.566102 -300.412689 -87.166812 -168.706093 -162.493781 -271.920956 -383.888180 -569.142929 9.707037 903.444278 185.790018 28.959900 191.209403 -61.988422 69.907683 421.749048 1223.838611 1420.415936 1263.343546 540.150744 199.091725 650.264448 122.887633 648.894022 -96.992258
-336.690931 -348.599784 -304.029609 -313.263296 -347.859832 -454.285885 -204.569635 -422.493202 -340.399515 -317.998659 -356.481204 -388.264237 -423.674776 -441.981779 -462.726191 -484.046153 -511.899620 -546.068753 -538.460864 -473.488741 -462.399505 -473.234392 -488.249060 -666.275687 -341.499592 -348.191909 -315.750733 -507.289100 -442.541842 -366.026999 -299.511484 -251.182655 -299.678031 -152.331165 -57.823113 -217.266959 -210.570483 -422.120999 -602.519395 126.504451 1094.999102 554.131026 492.235840 724.903784 609.377201 417.170416 247.455505 875.475613 857.402227 401.556722 35.341309 369.582440 604.814766 566.441799 668.874798 -293.189182
