geotop_simulations/templates/TEST_Venosta_3D_034_template/rec/SoilPressure0000L0005.asc
ncols         252
nrows         194
xllcorner     598250.000000
yllcorner     5144500.000000
cellsize      250.000000
NODATA_value  -9999.0
[rows 72 to 95 of 194, columns 162 to 215 of 252]
-881.182472 -968.964718 -1055.853515 -1088.057590 -1116.145615 -1127.079322 -1149.622423 -2093.977648 -2115.703745 -2145.257175 -2128.382278 -2103.115664 -2081.054103 -2070.104389 -2037.838055 -1857.718902 -1917.137587 -1935.546853 -1977.841151 -2054.406567 -2072.487967 -2057.823869 -2077.231430 -2130.061853 -2189.137884 -2077.623366 -2069.924596 -2118.225340 -2107.112859 -2098.552820 -2084.208446 -2073.269633 -2034.536257 -2012.093594 -1938.805299 -1300.949727 -1145.292728 -1007.488070 -873.524224 -828.550189 -905.174895 -749.917990 -503.454526 -379.575291 -201.824985 47.172753 -446.528489 -406.991723 -410.976607 -421.742554 -298.667259 -194.211088 -157.635784 117.496347
-890.147195 -920.829020 -977.979927 -1041.051722 -1085.025069 -2065.959696 -2081.910835 -2101.416668 -2123.368977 -2107.885507 -1999.751594 -1940.645806 -1957.076520 -1952.559572 -1833.241357 -1686.584067 -1798.478175 -1785.429178 -1828.135354 -1933.603238 -1971.497702 -1978.544058 -1987.921684 -2045.173128 -1896.337551 -1954.865909 -1968.081393 -2070.957122 -2067.093325 -2125.418410 -2108.677540 -2095.768113 -2054.251567 -2051.565594 -1815.424295 -1418.505418 -1177.607632 -1016.492408 -822.821579 -889.087987 -791.045641 -546.398153 -602.520106 9111.889173 -2298.662466 -87329.636027 -24760.825931 -415.698786 -21.918708 -113.951012 -497.473745 -316.404664 -201.632271 66.982166
-863.145919 -879.208202 -901.841424 -945.709581 -989.300094 -1034.209525 -2020.475238 -2055.096415 -2026.196234 -1929.105404 -1882.722092 -1822.683848 -1016.405430 -1748.950033 -1424.808223 -1418.341384 -1594.247439 -1705.261618 -1782.665292 -1804.806907 -1860.433743 -1959.143172 -2017.548577 -2093.129325 -2045.269587 -1868.585987 -1903.863696 -2001.126023 -2049.206376 -2202.810432 -2061.834728 -2049.636922 -2035.584935 -1999.704897 -1722.826953 -1413.599141 -1203.527740 -1086.853526 -938.055786 -1019.204185 -703.951803 -460.162837 -1640.906278 5779.334478 -4085.960190 -59826.937265 -147977.386728 -117.162922 -803.851063 106.953044 -18602.220322 -292.480331 -300.691039 -274.949327
-817.458768 -815.444906 -847.236259 -919.134925 -997.116937 -1029.628776 -2010.126962 -1985.768627 -1846.579192 -1795.599971 -1814.787766 -1710.698328 -1025.495168 -1013.284597 -1832.025624 -1798.300678 -1430.828191 -1805.855479 -1870.492467 -1877.108658 -1867.136487 -2019.264700 -2031.893737 -2066.854451 -1966.740643 -1695.002788 -1683.666794 -1779.994386 -1804.303766 -1843.224300 -1915.607912 -2046.709888 -2120.304441 -1971.430943 -1795.753362 -1578.888488 -1408.297217 -1453.969712 -1293.435368 -894.394015 -524.531176 -211.848333 -1691.341537 4716.509931 -4547.442206 -112303.328166 -273815.580431 -21616.147262 -179900.971637 -9193.927298 -1149.934697 -19803.989308 -18239.139451 -43201.658146
-836.413001 -821.364954 -854.069527 -960.577506 -1012.597091 -1981.170258 -2010.686059 -1813.699081 -1562.078281 -931.794799 -955.534888 -1003.798615 -1015.440613 -966.955154 -1885.797783 -1822.270348 -1858.176867 -1554.680267 -1833.225859 -1936.212667 -1892.264885 -2031.274792 -2048.871485 -1927.214190 -1881.445211 -1498.223208 -1517.658645 -1658.517606 -1625.530487 -1587.484623 -1470.434541 -1803.550717 -2054.051676 -2008.605195 -1976.742217 -1920.244870 -1712.746596 -1275.627005 -1034.867247 -657.160211 -406.702527 -163.724191 1449.647145 -345.315804 -10520.957159 -47644.341289 -307652.024064 -388637.097202 10.691769 -49146.975162 -310.306764 -44082.267287 -40129.705062 -31884.530001
-902.370074 -960.434739 -959.506851 -996.755537 -1062.976440 -1988.233985 -1706.477042 -1303.407625 -876.533009 -884.293661 -917.713553 -943.073185 -929.864147 -1654.488249 -916.084854 -1488.721086 -1731.155935 -994.090229 -1039.195754 -2001.811685 -2025.474612 -2036.171381 -1972.985661 -1561.710446 -1691.670046 -1340.884521 -1303.135188 -1312.722832 -1303.023024 -1228.338040 -995.598196 -1181.559147 -1904.609980 -2017.255617 -1965.059149 -1898.910869 -1690.546933 -987.420602 -693.154806 -457.771145 -236.324733 -262.318551 2302.585623 -44.968765 -7269.904714 -14584.579882 -42793.507641 -68279.332792 59.179384 -20482.561128 -5872.837916 -48056.089876 -44240.354433 -39727.472399
-927.093844 -975.000893 -986.319978 -1019.417037 -1947.381240 -1208.082891 -1112.942005 -843.114408 -852.248552 -864.698349 -878.319820 -867.008018 -839.358328 -843.425456 -859.049260 -868.373187 -927.593655 -1019.752255 -1058.432351 -2012.379935 -2024.441083 -2043.460088 -1462.693551 -1398.126935 -1401.271574 -1195.921483 -1178.730043 -1197.607366 -1209.846217 -1077.291427 -836.825456 -867.970328 -1136.572013 -1642.938000 -1883.788556 -1547.016963 -940.578164 -668.625056 -512.908093 -347.871623 -213.935198 1764.006917 2997.940295 1096.191229 -11634.496486 -8663.834274 -11756.995411 -49085.795024 80.228743 -42544.934812 15.575040 -454.694609 -56226.129948 -43240.393964
-814.937621 -840.443032 -877.908783 -970.428814 -674.018919 -901.276898 -950.478887 -865.037481 -879.765350 -867.685138 -841.349710 -804.919909 -768.667934 -785.364115 -797.076102 -839.367468 -899.928065 -980.442842 -1001.496167 -1962.965362 -1996.195555 -1398.506328 -1305.068721 -1537.619534 -1650.183087 -1171.816554 -1197.913909 -1129.127111 -1074.583394 -983.712170 -869.656220 -896.642246 -810.344803 -929.397576 -1137.844305 -964.657425 -806.151851 -687.673247 -559.347960 -428.329277 -435.957903 -427.315507 5503.344290 10640.399868 3505.130740 3547.993373 -182.390669 -256906.265214 -358083.771231 -265921.568545 -19346.933440 248.825340 -52407.687390 -40027.339100
-769.319961 -795.634356 -668.431240 -549.580278 -624.626392 -803.751385 -754.364950 -792.602816 -820.116380 -798.660510 -787.994770 -758.929679 -714.833980 -730.906489 -761.984803 -840.049289 -922.221162 -961.567102 -1013.674807 -1947.281115 -1737.192155 -1185.128451 -1054.511691 -1179.148848 -1343.113289 -1321.234030 -1347.354680 -1237.718459 -910.621210 -860.453472 -803.927540 -785.106032 -732.937171 -674.995266 11023.580796 338.896086 -802.843658 -707.015864 -610.377032 -544.424654 -673.766414 -447.090980 6527.021769 11141.223466 9957.767837 4563.910881 -268892.789291 -308467.356044 -351460.366152 -132307.780299 297.516593 -29646.906748 -40046.597138 -39686.266381
-658.468236 -678.714060 -486.489536 -451.525985 -663.485144 -700.564950 -717.732605 -726.970983 -762.186189 -794.348593 -779.788183 -734.700240 -678.945298 -710.146558 -792.128408 -857.347032 -926.888818 -1009.218336 -1940.926900 -1964.207195 -1250.686509 -1059.041820 -984.287173 -1112.874088 -888.539658 -878.968413 -875.387669 -1047.859035 -799.517461 -766.029745 -727.108391 -684.873213 -627.235344 -557.660736 -788.476209 2941.850419 -896.807952 -777.979710 -727.766111 -684.590365 -553.061005 -300.166055 6040.211302 2670.255961 9766.038588 4301.147894 2999.398661 -22880.772405 -221755.982936 -1548.671341 -55931.004307 -42068.323495 -41306.340212 -40435.493141
-509.810191 -562.755227 -372.527843 -419.734188 -472.871797 -478.687516 -638.075542 -715.724082 -715.132386 -828.173825 -930.953018 -938.624836 -932.207330 -933.180070 -958.556798 -939.900503 -993.112678 -1934.337153 -1952.441654 -1099.442403 -1076.493675 -959.855587 -1164.832784 -908.238973 -925.769255 -854.345934 -808.979534 -913.806931 -944.468333 -752.839625 -697.961636 -656.266029 -601.037979 -625.378576 -636.937398 7151.033724 -1030.050818 -911.761685 -867.140691 -799.633605 -681.452979 -491.641999 -351.126875 -1695.620120 -1009.801038 1087.453297 -20209.966976 -356209.174466 -15005.052954 -58857.874181 -43435.261054 -42702.395235 -39862.574793 -37934.910765
-413.542167 -450.268523 -218.198971 -326.871263 -291.831973 -204.923017 -497.541234 -567.596007 -579.289146 -810.896895 -927.409685 -930.641971 -925.085377 -927.401885 -958.293788 -986.770096 -1908.544052 -1927.525602 -1657.819244 -996.966400 -847.234257 -902.152732 -938.476888 -891.472495 -862.690741 -779.705369 -767.419694 -844.132995 -734.160343 -880.306123 -637.633888 -611.729124 -604.790956 -520.376051 -523.549013 -777.157087 -1075.771023 -1043.038335 -969.234805 -818.316158 -656.623809 -497.431084 -464.020554 -555.297904 2031.287159 -2939.309089 -64063.094918 -26258.990492 -58837.221859 -41754.734881 -40265.581523 -40197.304689 -39778.079231 -41531.330732
-329.255906 -379.258016 76.793317 -213.594714 -133.056559 21.418256 -465.564555 -692.018109 -783.397451 -817.292500 -836.111245 -871.900406 -914.956312 -941.106335 -971.349814 -1831.369440 -1876.905502 -1885.955527 -972.380751 -889.047747 -822.936728 -824.427992 -806.108740 -838.491308 -772.529478 -747.046674 -792.176014 -807.742939 -821.519991 -734.102876 -571.156516 -540.541950 -570.639723 -532.481756 -495.938629 -528.471778 -761.031677 -1099.231549 -1012.622079 -895.557851 -735.346268 -589.960417 -259.477946 -1572.318908 10253.901800 -9611.065417 -222919.241509 -20986.347227 -43752.900210 -40044.623585 -40208.890955 -40237.614423 -41425.116982 -43222.182029
-548.735495 -318.102117 -212063.837884 -123614.522784 -118623.113320 -285.018477 -489.513751 -811.686561 -867.461789 -868.736611 -853.197001 -857.226444 -904.170259 -930.961129 -955.615598 -1777.066006 -1764.072083 -1041.017502 -869.829378 -803.455681 -901.631193 -783.719028 -770.511675 -753.209266 -717.107581 -701.016330 -837.793667 -668.017002 -715.453615 -724.472389 -623.495152 -523.450189 -549.607999 -545.917232 -526.646356 -368.103535 -452.483605 -668.737027 -1121.680634 -1007.324441 -868.817966 -542.441833 -300.423283 -694.348207 9847.392888 -16629.294335 -9198.567793 -52104.185135 -42461.714120 -42717.677962 -41893.668165 -41131.324695 -42890.565865 -45902.877529
-627.711001 -334.821827 -270.717493 -405.196553 -690.756585 -737.189815 -784.540628 -808.402704 -858.976859 -876.861342 -864.800792 -861.634691 -896.148226 -925.294656 -942.131859 -1641.843930 -1612.715345 -590.162320 -686.297279 -688.887754 -845.420284 -714.912046 -697.833296 -623.043595 -582.622840 -590.973944 -629.142637 -674.925341 -685.116316 -685.586628 -589.773974 -510.707969 -513.349289 -503.845413 -487.903699 -55652.909390 -209413.981903 -500.602388 -1120.638162 -1097.110388 -836.949432 -534.991992 -254.918728 1409.081786 6971.690631 -11116.351536 -9138.655250 -20476.887074 -45797.224316 -44339.264342 -42020.446306 -44335.523849 -49081.875320 -49607.215714
-645.323985 -632.199063 -623.172469 -688.925591 -702.234782 -763.919771 -794.009894 -788.757640 -829.812526 -844.813716 -836.424281 -860.116704 -1216.116089 -1269.620008 -1341.599867 -985.145631 -594.358557 -642.120875 -625.592497 -627.627750 -627.493131 -629.540267 -597.958626 -556.839850 -516.258769 -540.228116 -587.344461 -612.753146 -625.285389 -563.591391 -539.566648 -608.366592 -605.002183 -458.254179 -406.601091 -62784.916866 -250874.516392 -403.374306 -130.688720 -1023.321222 -747.643777 -472.459183 -258.442499 436.221698 10112.768200 -13994.751915 -183122.074550 -16236.535121 -47738.782624 -45621.121786 -42156.143823 -47709.229709 -53605.028143 -62151.012085
-444.281172 -384.776328 -370.481338 -511.778596 -543.781409 -661.791194 -750.054994 -764.455909 -787.647452 -814.268715 -819.360229 -994.479958 -956.474795 -806.045653 -774.581259 -759.331352 -586.444765 -546.330195 -591.971769 -609.115291 -592.468093 -571.543450 -506.863773 -502.535545 -501.683473 -508.650780 -534.281176 -561.724230 -565.677156 -523.701119 -1781.464112 -1731.123964 -564.607459 -434.483612 -69641.605812 -183672.637968 -51409.712529 -347.842192 8629.698101 1328.365283 -650.779921 -329.621572 72.672651 562.142412 6754.109537 -1198.851598 -291076.791695 -15215.989420 -50288.229484 -46472.554884 -44718.785604 -60522.086253 -22192.547952 -9822.163334
66.322666 33.392706 -186.532714 -283.884671 -472.485752 -616.496348 -701.075545 -744.293562 -755.684453 -796.390260 -834.457289 -907.417864 -733.599657 -703.706187 -699.190464 -671.974831 -507.337598 -1840.085678 -510.374100 -542.558907 -517.294634 -488.927763 -502.565797 -490.708805 -435.649798 -430.135927 -480.458261 -521.672260 -553.720054 -583.229893 -1292.079210 -759.636932 -517.241587 -569.095620 -1148.605369 -234848.958427 -271425.234516 -383.622527 1070.359821 17379.357669 826.004470 -281.114047 88.588210 1034.303045 4432.686724 -181.281694 -281634.286776 -12734.122847 -54000.755368 -48636.607816 -48729.685484 -66384.350514 -31975.659194 -299484.491571
-92949.905087 -60872.077183 -219.737983 -400.025152 -505.753101 -562.529904 -649.480342 -705.061196 -725.572899 -736.676827 -748.287016 -745.864546 -696.840076 -673.945358 -613.098567 -553.130214 -463.229945 5752.114682 5864.255852 -454.137578 -346.348039 -300.718432 -527.589803 -585.455552 -564.208884 -453.649349 -455.751141 -481.547173 -564.788385 -619.701217 -604.028066 -583.794291 -542.754746 -448.086861 -599.333694 -677.349604 -62683.471884 -213.386068 -322.273440 8109.189480 23820.650070 -295.910506 83.092842 -213.521898 7937.834220 -515.409308 -114489.410401 -62824.918552 -19640.923768 -61489.794645 -59818.193102 -48181.168379 -173103.102095 -327307.589214
-86477.926452 -396890.430271 93.729029 -420.794793 -499.546934 -530.154243 -589.182567 -644.939832 -685.333261 -690.717723 -698.649496 -704.772010 -666.415778 -615.983396 -571.565651 -519.921176 -465.282029 -417.065502 -378.189900 -295.614525 -208.211310 -186.225587 -465.640681 -627.097853 -609.009449 -570.253139 -560.788560 -560.068472 -596.251977 -620.292704 -609.678663 -569.166104 -546.376208 -2392.847013 -1595.044852 -502.517582 -467.571104 -508.216716 -325.503536 -349.989943 6927.012320 9067.579037 -85.755697 76.223918 7881.570484 7666.373073 -15473.745805 -109658.229856 -282306.574742 -52669.099151 -55742.902945 -126522.782485 -310542.793658 -307107.213759
-145679.508239 85.725591 -289.463373 -380.589215 -447.506870 -493.388955 -530.051597 -604.140293 -659.902197 -680.937811 -695.068320 -675.793319 -603.567215 -563.372828 -523.644048 -495.550765 -416.296620 -406.435755 -375.075823 -407.129736 -554.249011 -629.795857 -537.109053 -600.436022 -668.569054 -647.577730 -680.821928 -635.548622 -614.394027 -576.639895 -575.769987 -562.214838 -527.772170 -638.048550 -2836.724415 -513.527746 -506.388114 -478.022815 -368.718393 -376.530421 -426.942124 5098.762111 60.931773 75.292575 2937.680777 6552.406866 -6533.082841 -69251.045325 -114706.352048 -311378.362025 -298466.712847 -307215.400021 -300314.065689 -280806.729394
82.143791 -327.749331 -397.919148 -440.268881 -485.549414 -521.569803 -566.519326 -605.172899 -645.009690 -669.282151 -654.704432 -613.496271 -564.845028 -516.797625 -478.746650 -408.026441 -353.780076 -464.724447 -558.386656 -699.171341 -635.425277 -661.230836 -621.359411 -689.213525 -723.937472 -691.498934 -690.519706 -715.988751 -706.131751 -626.315080 -597.674880 -583.670070 -567.722570 -625.348174 -685.368785 -1420.447687 -573.584683 -495.821367 -459.682733 -421.310202 -202384.125431 -19893.045212 -96.747747 79.075314 82.934852 12125.484710 3928.282636 -34735.352189 -80814.657495 -108456.275339 -176376.977752 -287602.763023 -273455.758664 -174697.991335
-359.567325 -397.481353 -423.560354 -476.988599 -507.327948 -537.226334 -601.500581 -637.154114 -817.014277 -701.284266 -782.750390 -750.807617 -602.004298 -474.724336 -377.984805 -313.472972 -304.401897 -506.970542 -547.041215 -657.820025 -701.918402 -712.981672 -738.582829 -737.659717 -838.259545 -719.916499 -784.945160 -808.401918 -830.680926 -1809.980367 -1896.869824 -852.145242 -588.680697 -659.810454 -624.180342 -1814.405429 -987.691444 -584.233594 -470.753422 -534.605344 -224930.345409 -155546.254177 -246.168556 92.213250 82.700977 -50.264253 11136.980203 22609.406762 3065.741933 -71071.022874 -94264.478539 -120399.814109 -154518.333980 -233511.124387
-421.260005 3908.644020 4913.947842 4614.042391 -523.331807 -556.523549 -1911.072460 -739.826009 -693.554490 -965.976735 -1064.618206 -994.049369 -727.431705 -1302.857995 -530.266173 -413.892321 -377.373036 -470.707219 -515.431141 -567.407401 -869.794265 -755.361146 -737.037051 -768.345002 -692.420690 -724.804311 -706.801867 -838.950873 -776.982665 -836.436428 -840.936339 -719.493171 -613.112119 -636.167057 -692.018815 -583.927999 -568.192691 -552.300895 -519.415631 -616.102483 -186730.725262 -20241.626099 -414.815618 -147.274793 87.382986 92.153329 4685.589730 10590.828733 25551.059517 -4337.612612 -53521.762497 -92152.482764 -125109.602264 -132035.827834
