geotop_simulations/templates/TEST_Venosta_3D_034_template/rec/SoilPressure0000L0005.old.asc
ncols         252
nrows         194
xllcorner     598250.000000
yllcorner     5144500.000000
cellsize      250.000000
NODATA_value  -9999.0
[rows 24 to 47 of 194, columns 54 to 107 of 252]
-9999.0 -9999.0 -9999.0 -9999.0 -9999.0 -9999.0 -2135.675173 -2143.058476 -2204.808731 -2209.860880 -2223.776980 -2223.015269 -2231.753485 -2056.214588 131.697348 4066.328044 -1160.875154 -1151.437165 -2028.802351 -2025.957096 -2013.469184 -1998.687241 -2126.521472 -2099.521238 -2100.883902 -2141.935718 -2124.845763 -2141.835250 -2127.749694 -2135.562771 -2130.551651 -2109.814108 -2114.590851 -2122.400336 -2125.178122 -2138.243878 -2126.642201 -2120.383312 -2210.380237 -2216.371488 -2141.383577 -2023.982746 -2075.007894 -2138.283729 -2114.491563 -2093.988499 -2104.161939 -2118.677466 -961.958872 -950.729202 -2083.776761 -2079.012710 -2085.789274 -1975.614450
-993.049757 -1014.812218 -1016.683318 -2083.400221 -2092.086603 -2103.143423 -2127.743602 -2139.602221 -2103.917654 -2201.907826 -2232.031305 -2256.350542 -2242.733158 -2059.743041 -300.690565 8645.748136 1134.710144 -1152.413029 -2033.841490 -2033.898244 -2004.761407 -2145.321104 -2099.792258 -2076.830275 -1999.158213 -1997.487691 -1999.618780 -1998.005455 -2002.511724 -2019.483660 -2023.096704 -2020.566111 -2008.998830 -2032.929146 -2034.303144 -1960.898946 -2031.252877 -2037.730734 -2084.455353 -2070.978186 -2085.083277 -1922.913003 -2116.500316 -2131.069536 -2141.922546 -2111.547672 -2114.067769 -953.513846 -955.641716 -944.500245 -1933.763559 -1945.858687 -1951.009725 -1970.021974
-1036.195327 -1046.720803 -1045.232317 -2090.521718 -2128.668996 -2124.148300 -2218.781693 -2236.399544 -2239.055211 -2244.802114 -2237.720168 -2232.050005 -2244.584261 -2222.353991 -2054.689739 4612.858864 5616.848333 -1148.917986 -2035.007938 -2036.609333 -2024.235164 -2155.171006 -2024.323819 -2062.859274 -2088.766334 -2085.107800 -2076.601069 -2080.006204 -2072.891433 -2071.658021 -2064.107551 -2059.425710 -2056.963589 -2074.768180 -2124.944655 -2134.386789 -2149.824166 -2123.652992 -2143.244271 -2000.650559 -1980.658158 -1976.920155 -1903.627076 -1877.371007 -1686.790537 -1518.797559 -2101.112513 -906.985174 -889.887287 -2030.008960 -2054.623933 -2026.688423 -842.952938 -873.198280
-2123.929631 -1054.830210 -2121.582023 -2125.298378 -2131.348420 -2130.206983 -2123.797204 -2188.535253 -2190.525892 -2252.335606 -2230.060042 -2228.590267 -2223.654335 -2233.117139 -2238.989223 101.942916 5140.415356 3996.770109 -1159.028359 -2049.128121 -2038.000621 -2136.583777 -2090.331524 -2143.078025 -2075.253684 -2014.502783 -2153.057711 -2057.541149 -2058.430585 -2062.770851 -2059.040798 -2070.421499 -2066.782480 -2081.488490 -2107.851195 -1999.673887 -2003.522323 -2003.667303 5653.926328 -2025.745118 -2089.203257 -2109.795251 -2107.314594 -2058.195979 -2036.701159 -958.211975 -944.726342 -907.349982 -2023.486700 -1998.649576 -1914.451628 -1900.487358 -793.550202 -779.739196
-1038.122817 -2096.640933 -2083.672332 -2080.259578 -2087.588596 -2089.783800 -2077.737539 -2172.731422 -2176.782610 -2177.561648 -2181.644585 -2187.794555 -2186.014964 -2179.659868 -2173.159976 -2210.228706 110.474637 7191.048527 4391.064808 -1159.852853 -1145.135228 -1098.447101 -2119.998602 -2142.916699 -2137.794814 -2134.453262 -2141.711619 -2134.983931 -2181.294596 -2212.348676 -2189.299334 -2133.742727 -2124.212696 -2126.855346 -2203.224033 -2027.062349 -1865.865833 7360.757255 -1759.374073 -1944.374611 -1995.363139 -2084.721496 -2140.903425 -2140.917232 -2158.276508 -2115.534626 -2097.175268 -2079.896913 -2061.652966 -1984.622922 -815.967813 -787.888294 -791.514072 -777.556038
-1042.535860 -2064.004501 -2068.210159 -2072.737822 -2084.371819 -2093.953305 -2178.001138 -2178.967378 -2021.555302 -2199.281415 -2151.292072 -2139.004785 -2136.525035 -2148.049332 -2156.928791 -2005.278119 379.352445 5795.680341 11704.581338 8174.204668 -1170.823443 -1143.942596 -2042.822568 -2054.187215 -2056.875748 -2056.156695 -2043.731578 -2034.838171 -1992.317068 -2217.694563 -2174.311220 -1682.078931 -1739.603832 -1809.500680 -1702.344201 -1708.285096 -1617.350772 -1575.461500 -1549.280406 -1528.850375 -1747.062716 -1991.479163 -2021.317724 -2030.151430 -2024.539206 -2020.046711 -2145.729742 -2134.064192 -2115.931883 -2059.662288 -2059.170933 -975.501947 -972.518644 -890.473369
-1042.658656 -1060.534795 -1966.303587 -1986.921638 -1998.241701 -2012.283284 -2040.855475 -1971.950656 -2074.828048 -2090.565202 -2209.440822 -2179.395205 -2162.015016 -2196.912176 -2119.937780 -2188.940686 322.730711 2860.931098 13016.910981 17685.715252 10543.893627 -1188.076368 -1172.455381 -2056.153898 -2058.610469 -2163.446305 -2190.174196 -2170.494184 -2096.404402 -2003.291853 -2012.776186 -1943.615036 -1927.451817 -1990.995807 -1981.013861 -1776.906123 -1877.438218 -1862.881089 -1814.538483 -1851.964149 -1942.942201 -2178.855044 -2079.474405 -2080.339654 -2117.379656 -2113.306170 -2107.840943 -2100.311737 -2122.897544 -2155.405516 -2141.379965 -2070.107921 -2080.534425 -986.627084
-1031.844847 -1058.003232 -2144.400573 -2146.458877 -2144.877126 -2234.068131 -2054.584167 -2050.168532 -2247.717700 -2214.443935 -2265.688521 -2264.162355 -2233.179975 -2234.523785 -2231.011631 -2227.151725 -2235.324784 6059.209503 4679.447488 23470.482901 24742.280971 17215.828931 -1199.882196 -2063.186886 -2063.876965 -2062.383771 -2056.015998 -2164.952226 -2181.013167 -2096.384514 -2242.755989 -2131.311309 -2120.837193 -2109.893901 -2071.280256 -2080.293350 -2190.650401 -2138.416836 -2149.229352 -2151.618030 -2176.774760 -2193.940528 -2182.331651 -2167.138695 -2181.709856 -2143.165655 -2215.393846 -2114.814648 -2046.258404 -2074.150555 -2042.174896 -2024.664391 -1989.803444 -2024.972985
-2072.444778 -1050.587030 -2089.042031 -2097.452198 -2011.131132 -2168.684910 -2017.724951 -2150.459653 -2179.389000 -2250.913046 -2211.244209 -2155.243662 -2223.534738 -2153.159649 -2242.673750 -2162.009601 -2173.360993 8915.612195 30980.332081 28151.202561 31362.418154 32234.756093 11758.157224 -2046.847822 -2065.554817 -2227.498978 -2200.479846 -2063.092416 -1996.589841 -1929.474895 -1866.687105 -1910.356300 -1890.053254 -1909.279423 -1948.931640 -1916.858073 -2030.502464 -2034.652067 -2072.147004 -2058.470576 -1870.204601 -1942.312285 -1720.884272 -1566.597670 -1454.015368 -1975.856569 -2019.011216 -2068.921925 -2091.160399 -2036.568806 -2021.297784 -2017.329764 -2014.137768 -891.174182
-1040.178342 -1961.192305 -1969.682977 -2011.523252 -1993.310722 -1884.918111 -2216.781609 -2225.712742 -2184.689730 -2088.435129 -2236.389989 -2236.005513 -2162.761538 -2160.162867 -1922.608559 -2193.948431 -2119.382902 -478.504560 22248.731338 11194.406403 32558.461170 42725.290777 5173.825024 -1845.396799 -2133.612570 -2073.884311 -2023.661122 -1677.606583 -942.612468 -902.022089 -1642.426542 -1689.646581 -1694.593578 -1893.102182 -1833.483714 -1610.979705 -1819.307266 -1970.923226 -2013.936254 -1472.761561 -1825.721557 -1769.557950 -1967.331154 -1868.529840 -1753.557977 -1863.558230 -1707.353499 -1774.186338 -2017.953714 -1993.568887 -1980.399731 -1967.941872 -1922.307089 -807.699452
-1982.070705 -1988.880069 -1984.003429 -1994.838936 -1911.179703 -1857.996752 -1568.619752 -1710.396305 -2010.391813 -2002.160661 -1991.224659 -1675.987406 -1681.143041 -1720.713206 -1694.979315 -1602.485456 -1619.003289 -1767.577641 20081.960613 40415.910038 30440.298849 7237.097770 1669.366179 -1944.700432 -1776.409212 -1590.058401 -1491.539101 -1308.252713 -928.210314 -1170.101826 -857.423194 -848.717698 -896.319648 -930.786181 -1274.565944 -1283.006975 -1123.412742 -1156.343132 -1164.381317 -1704.230673 -1576.747355 -1920.736494 -1915.163986 -1417.489889 -1928.247054 -1818.168864 -1257.423523 -851.987664 -911.151507 -1723.950992 -1574.833425 -1459.280249 -1401.288527 -1022.489875
-1991.332793 -2003.031490 -2003.696572 -1957.409277 -1806.449431 -1812.952952 -1458.618261 -1582.106680 -1991.770863 -1987.182926 -1976.971685 -1543.653754 -1592.044297 -1629.003910 -1610.401304 -1596.327348 -1587.029005 -1628.838453 3695.105351 29544.335007 15018.468047 19274.898050 2579.970886 -1099.823671 -1729.390094 -1558.571190 -1456.310180 -1248.377123 -911.062602 -1195.448776 -857.662531 -872.458281 -896.382366 -1374.464405 -1378.261926 -1216.993415 -1349.194658 -1353.607983 -1498.644042 -1560.092813 -1406.339501 -1774.200012 -1933.787288 -1364.805229 -1378.666457 -1826.212009 -1409.375636 -849.106272 -836.122808 -902.917153 -1378.642330 -1260.248522 -1135.726069 -966.831167
-1986.577433 -2003.390905 -1941.304333 -1673.627468 -1684.195172 -1274.294947 -1373.924027 -1933.192401 -1968.462720 -1964.948152 -1958.132110 -1945.991675 -1462.436663 -1512.257045 -1498.708844 -1532.968836 -1557.823078 -1561.107369 -1252.367327 24749.724894 42911.960626 30337.537117 8335.496226 -1080.499375 -1838.160131 -1518.272258 -1412.580887 -1240.351079 -1411.740667 -1310.474557 -1245.350197 -926.711368 -1467.308017 -1385.047753 -1319.809490 -1245.506664 -1453.904113 -1516.757535 -1771.207842 -1686.777739 -1444.365081 -1404.328718 -1878.670295 -1840.123096 -1768.562034 -1722.510466 -1494.747005 -1161.128796 -813.540006 -833.883607 -1039.510264 -1081.485010 -929.916016 -814.915713
-1978.996239 -1991.478442 -1614.615690 -1146.770769 -1141.767332 -1162.036175 -1336.362425 -1916.814067 -1931.437807 -1924.391578 -1899.226608 -1876.726852 -1308.187069 -1363.179336 -1387.880092 -1422.585145 -1451.792491 -1484.214343 -1796.428905 13199.449654 8844.207989 23881.406417 7067.084181 -1063.783585 -1857.015087 -1851.878109 -1333.038935 -1202.372634 -1539.158996 -1401.863117 -905.063141 -950.656954 -1595.991482 -1436.216549 -1290.960429 -1269.103107 -1450.860990 -1536.503228 -1819.548466 -921.631563 -892.593889 -1195.928649 -1538.206376 -1798.557039 -1626.247112 -1620.658065 -1473.622478 -1386.838609 -855.980621 -814.021300 -811.516926 -734.281903 -825.120787 -1015.356359
-1907.448578 -1714.596982 -1108.008191 -1073.110536 -1065.638075 -1619.369756 -1767.526334 -1798.291965 -1759.661196 -1789.619382 -1825.183333 -1809.315282 -1209.486357 -1267.398539 -1305.669170 -1330.143349 -1346.859682 -1390.361878 -1464.941287 5882.936971 7575.160801 23004.422758 5042.675151 -1053.727876 -1808.665158 -1812.644778 -1264.541600 -1193.284328 -1116.369480 -1497.838814 -950.470362 -1005.383642 -1844.813043 -929.914678 -1377.072470 -1216.504973 -1290.839721 -1387.577738 -1768.913303 -1703.910482 -907.492855 -1229.933505 -1204.893849 -1732.148245 -1483.074328 -1470.963953 -1345.238101 -1345.799006 -897.219941 -816.840135 -782.187667 -688.766064 -802.457297 -957.282399
-1800.783208 -1122.887749 -1062.293261 -1376.321202 -1419.595947 -1428.511152 -1449.312111 -1512.747340 -1550.740869 -913.511147 -1713.292228 -1705.338536 -1691.235887 -1157.183363 -1205.917384 -1236.408502 -1271.378395 -1303.114350 -1357.264457 2112.455833 26811.776271 24688.121914 3341.602230 -1046.021239 -1780.422636 -1798.708832 -1286.492274 -1194.712037 -1745.748679 -1800.604157 -987.407921 -1003.577658 -1000.841914 -1834.971131 -1530.624014 -1144.807094 -1188.448276 -1301.267822 -915.902511 -916.449409 -1526.572642 -1243.885756 -1072.208022 -1491.035607 -1420.478365 -1305.841800 -1264.894342 -902.082376 -914.496383 -808.594180 -728.686756 -673.831867 -782.607606 -889.322528
-1665.297632 -1101.771156 -1453.626319 -1386.043636 -1299.445856 -1240.412100 -866.266328 -1324.880344 -962.495575 -939.917754 -930.043989 -1604.526546 -1543.784973 -1523.002906 -1089.452613 -1131.421618 -1183.309119 -1216.604845 -1273.255667 862.267326 3078.065673 19506.166393 2490.434916 -1051.092372 -1758.815330 -1776.990964 -1273.924855 -1256.181822 -1266.196101 -1830.495009 -1832.731222 -1865.024875 -1818.561899 -1762.133594 -1758.638168 -1322.681372 -1128.718947 -1132.089151 -878.776093 -878.420429 -875.885761 -1154.198421 -1050.187227 -1334.405835 -1328.061168 -1215.577192 -897.779347 -892.880475 -873.362290 -772.427785 -661.123663 -590.395016 -645.443901 -752.924914
-1651.938729 -1108.761092 -1415.086744 -1292.789272 -1188.863367 -1099.957813 -842.782266 -1202.973645 -1641.264765 -934.286242 -905.559601 -903.617961 -1442.443491 -1427.452210 -1015.084732 -1054.111554 -1098.928030 -1133.205927 -1214.566120 506.616612 2685.635552 18189.714031 2661.802096 -1028.770074 -977.982731 -1740.136269 -1788.751014 -1207.125381 -1209.166588 -1209.350080 -1210.276680 -1822.480278 -1690.107696 -1571.755080 -1604.850985 -1528.416562 -1215.884148 -843.533175 -845.598374 -835.556730 -838.921229 -854.313125 -865.270691 -1402.638866 -1558.567966 -1369.241631 -906.832740 -874.105998 -830.800246 -777.734878 -638.180203 -533.157404 -579.851828 -745.679326
-1663.508111 -1519.775906 -1404.778061 -1250.889354 -1125.235047 -1013.155371 -826.617467 -831.562277 -1389.198902 -893.407215 -878.280640 -863.528391 -1130.653380 -1264.237530 -1244.094691 -1010.619044 -1054.777256 -1084.204081 -1180.355516 308.016304 24855.313329 18687.551743 961.793046 -1037.082923 -1714.806890 -1747.643298 -1779.420138 -1748.032550 -1170.590571 -1097.798679 -1088.416512 -1136.152268 -1754.616822 -1526.412975 -1546.669150 -1554.645613 -1669.738842 -1756.379109 -1639.586037 -1467.495521 -1341.605562 -895.450295 -893.425797 -1302.207051 -1550.866956 -1307.298967 -1193.203035 -1127.633861 -977.999476 -952.959000 -699.375803 -582.713740 -599.987703 -705.848518
-1803.990848 -1451.957817 -1407.564379 -1335.862148 -1177.597508 -975.502847 -797.691849 -793.218290 -839.250092 -862.627235 -862.739966 -862.681580 -878.579189 -1201.109051 -1175.881055 -1236.839148 -1045.297530 -1088.215120 -1179.623892 -819.910923 3561.776874 5570.545541 520.247536 -1471.485245 -1409.391378 -1615.542795 -1417.442913 -1317.905496 -923.437351 -910.844513 -1178.835497 -1197.804810 -1422.910089 -1485.110505 -1334.407203 -1410.549398 -1482.952755 -1503.069014 -1644.253231 -981.113404 -1837.469793 -964.110721 -1339.836645 -1201.337683 -979.523472 -881.905519 -917.509346 -912.153390 -922.106761 -869.798903 -782.246621 -767.557628 -757.597839 -772.342798
-1720.510631 -1373.234010 -1406.065446 -1413.209827 -1350.291594 -1128.177525 -885.855720 -729.441298 -780.211571 -834.470788 -858.171106 -870.206336 -898.091802 -1255.044136 -1275.105767 -1051.614086 -1068.900438 -1125.381727 -1206.731232 -1300.434539 103.301218 2455.814154 -302.865970 -1376.759736 -1331.723632 -1221.703177 -1405.974361 -1407.563146 -1548.023300 -977.742111 -1005.245515 -991.310704 -1514.201997 -872.905054 -993.451678 -979.499457 -998.552898 -830.463005 -853.307627 -953.737505 -974.475387 -1771.174275 -1287.293588 -1140.244379 -949.555841 -826.653953 -785.781413 -844.465651 -997.659140 -1075.737912 -756.710890 -853.743615 -822.261393 -822.185640
-1666.794249 -1265.615185 -1303.531227 -1416.930208 -1266.390063 -1163.672893 -854.113557 -847.028950 -762.159232 -814.692941 -847.094664 -871.016726 -899.946662 -1187.133001 -1195.301018 -992.055346 -1011.871857 -1068.500683 -1137.981960 -1217.241860 -17.064060 1423.164494 -1514.163191 -1529.800874 -1330.602727 -1510.990157 -1562.121450 -1549.589164 -965.280964 -960.362680 -945.851714 -939.225045 -1347.646125 -865.132994 -1059.192277 -928.608015 -908.625749 -800.426734 -848.330006 -875.381339 -903.556889 -1508.325976 -1259.424770 -1194.780673 -949.314384 -827.787388 -938.682696 -901.429369 -928.944604 -814.047642 -807.678564 -873.053677 -862.606152 -896.045134
-1517.207802 -1188.254619 -1177.715188 -1228.351090 -1231.816833 -1259.130161 -1303.365870 -1399.333932 -896.623544 -861.598039 -877.764401 -902.927419 -1149.548354 -1135.825153 -1134.854212 -932.496731 -986.120135 -1047.858636 -1103.631519 -1165.437488 -349.694883 707.776994 -1515.875356 -1349.150132 -1329.258351 -1532.582177 -1207.243368 -1487.591732 -982.531433 -980.532267 -964.009745 -1461.986698 -1540.566759 -926.114186 -891.455208 -1100.907624 -1038.624570 -1071.752132 -874.510867 -876.174816 -895.311842 -1362.545552 -1075.334766 -893.416932 -912.048761 -865.115035 -953.651924 -934.771755 -867.601508 -867.736461 -860.917301 -885.578869 -911.669992 -926.435231
-1490.370518 -1230.894950 -1305.366003 -1373.675831 -1460.378758 -1551.436201 -916.690635 -925.515425 -908.528616 -911.815222 -911.144531 -1154.538207 -1150.828288 -1104.504486 -945.304754 -927.816883 -970.645462 -1017.037014 -1088.098755 -1075.662846 229.905425 803.014221 -1495.874031 -1330.376075 -1300.390051 -1459.466697 -1207.499755 -1188.623192 -1150.783727 -1094.888163 -1092.914695 -1056.371877 -1652.902501 -1626.277605 -1458.070555 -1314.548580 -1296.408712 -914.204461 -1441.549588 -877.560306 -895.271747 -1319.612513 -956.459684 -793.007955 -838.462508 -888.640293 -926.124737 -839.313306 -883.663771 -905.015300 -904.902700 -929.903411 -940.555947 -947.766948
