geotop_simulations/templates/TEST_Venosta_3D_034_template/rec/SoilPressure0000L0005.old.asc
ncols         252
nrows         194
xllcorner     598250.000000
yllcorner     5144500.000000
cellsize      250.000000
NODATA_value  -9999.0
[rows 168 to 191 of 194, columns 108 to 161 of 252]
-517898.839049 -518.426094 -563.832244 -671.194456 -572.305014 -548.876055 -921.535761 -686.919898 -714.821030 -768.839443 -715.497373 -771.833477 -833.729494 -894.616478 -989.418663 -2001.411441 -2031.633722 -2048.566196 -2060.111006 -1945.118365 -1871.596775 -1819.262607 -1851.441376 -1893.136612 -1175.453722 -950.201258 -1004.871003 -1874.340720 -1326.390076 -1234.270696 -1491.121445 -1313.007494 -835.510086 -815.689731 -974.543141 -858.299648 -863.188787 -859.811818 -871.576716 -849.771933 -800.238613 -693.260021 -654.471214 -563.256899 -415.230699 -9999.0 -9999.0 -9999.0 -9999.0 -9999.0 -9999.0 -9999.0 -9999.0 -9999.0
118.041844 -635.389883 -732.222751 -822.016461 -681.090941 -726.429018 -802.250823 -726.196075 -770.884344 -843.038163 -852.409436 -854.671114 -868.391938 -894.699497 -954.293182 -1943.198501 -1944.388128 -2066.156187 -2010.040890 -2021.566481 -1985.459649 -1923.056877 -1902.024930 -1182.812385 237.210991 -1081.853352 -1331.068625 -1261.030711 -1434.364819 -1326.751415 -1132.771779 -1128.759270 -792.809474 -729.146954 -703.322454 -756.187824 -824.266920 -807.451554 -794.980250 -767.295654 -690.059796 -619.073922 -555.187257 -347.267348 -9999.0 -9999.0 -9999.0 -9999.0 -9999.0 -9999.0 -9999.0 -9999.0 -9999.0 -9999.0
-2893.989737 -667.795736 -763.804060 -734.589174 -798.560260 -797.414174 -801.948336 -787.109634 -835.163550 -858.108417 -889.377036 -936.260042 -968.984798 -955.270640 -967.485548 -1922.276344 -1854.894908 -2028.106169 -2063.574701 -2073.192414 -2059.058098 -1538.562104 -1223.218800 -1029.001591 -961.239191 -951.237519 -1194.488797 -1465.466190 -1339.120416 -1167.925529 -972.123335 -745.727204 -710.298093 -680.232217 -579.827687 -590.730751 -592.031216 -614.631199 -584.833761 -662.542795 -677.100898 -478.681781 -1399.530040 -608.020863 -9999.0 -9999.0 -9999.0 -9999.0 -9999.0 -9999.0 -9999.0 -9999.0 -9999.0 -9999.0
-449890.257715 -594.364704 -741.770203 -721.881115 -768.668251 -803.262511 -892.435504 -926.470351 -948.594345 -946.632339 -962.847485 -982.004306 -1003.099373 -1012.533439 -1013.127142 -1952.080102 -1907.076662 -2031.648653 -2080.710450 -2082.824076 -1485.702610 -1161.521725 -974.422181 -907.954426 -872.858661 -863.427410 -1040.866346 -1241.558046 -1172.502939 -905.972936 -742.190897 -700.689958 -678.303291 -607.402293 -398.624251 -479.967499 -527.724466 -480.625948 -593.511967 -333911.266669 -487.438387 -293209.956948 -9999.0 -9999.0 -9999.0 -9999.0 -9999.0 -9999.0 -9999.0 -9999.0 -9999.0 -9999.0 -9999.0 -9999.0
-224.622555 -436.335989 -640.447847 -725.316254 -783.507281 -821.904503 -882.011904 -930.406011 -958.206400 -961.699170 -982.056292 -1002.944108 -1017.714704 -1038.313180 -1983.022457 -2006.439077 -1924.546759 -1993.482737 1527.513873 -1281.681156 -1155.947950 -1053.820732 -958.532035 -894.982987 -859.991337 -840.540245 -1045.107684 -1264.824408 -1049.727517 -905.610598 -742.171568 -693.401313 -626.768382 -431.869223 -400.548849 -127077.156415 -88832.485042 -91414.698666 -83929.957339 -82727.832230 -253531.904763 -79445.360348 -9999.0 -9999.0 -9999.0 -9999.0 -9999.0 -9999.0 -9999.0 -9999.0 -9999.0 -9999.0 -9999.0 -9999.0
-657.329070 -709.072919 -707.416093 -717.240361 -718.452542 -782.306607 -831.245235 -916.663515 -1434.418309 -1549.354681 -1802.198242 -1882.198498 -1939.952170 -1973.182345 -2003.389923 -1902.331137 -1932.741369 -1251.830744 -1207.481915 -1375.727796 -1254.258636 -1183.099216 -1060.709734 -934.791283 -860.887409 -838.708676 -1012.629947 -1477.048988 -1061.634934 -779.971952 -751.578186 -713.545486 -672.727786 -600.461677 -585.861057 -9999.0 -9999.0 -9999.0 -9999.0 -9999.0 -9999.0 -26007.141234 -231.131024 -255.834057 -403.135944 1802.014351 -9999.0 -9999.0 -9999.0 -9999.0 -9999.0 -9999.0 -9999.0 -9999.0
-631.590130 -677.286360 -755.340000 -631.019297 -720.241840 -697.828708 -726.484165 -783.264556 -1052.693320 -1449.971937 -1756.719853 -1864.592941 -1922.946076 -1964.149692 -1988.934453 -1859.565313 -1223.592813 -1430.721020 -1306.381032 -1218.359765 -1358.042143 -1225.064207 -1128.457080 -1086.895792 -980.900754 -783.375630 -1075.428142 -952.374926 -801.130465 -779.833198 -742.961220 -700.117021 -697.852849 -784.069291 -9999.0 -9999.0 -9999.0 -9999.0 -9999.0 -9999.0 -9999.0 -9999.0 -9999.0 -9999.0 -9999.0 -9999.0 -9999.0 -9999.0 -9999.0 -9999.0 -9999.0 -9999.0 -9999.0 -9999.0
-632.446351 -684.345081 -768.022400 -768.502525 -760.619496 -775.787066 -689.265512 -747.098677 -794.236087 -856.584548 -895.705743 -931.224982 -1760.268240 -1004.758634 -1133.626598 -1922.024633 -1236.244639 -1124.137211 -1061.007961 -963.510977 -896.142887 -840.755958 -756.800423 -750.629220 -840.464020 -675.598536 -717.127873 -732.360178 -789.429472 -805.122003 -778.777758 -738.434235 -739.229097 -9999.0 -9999.0 -9999.0 -9999.0 -9999.0 -9999.0 -9999.0 -9999.0 -9999.0 -9999.0 -9999.0 -9999.0 -9999.0 -9999.0 -9999.0 -9999.0 -9999.0 -9999.0 -9999.0 -9999.0 -9999.0
-610.399118 -670.000299 -762.632761 -809.077655 -861.425416 -782.517990 -719.049181 -728.845378 -789.010648 -857.018274 -898.814434 -939.934504 -976.852467 -711.660684 -770.880645 -1091.400870 -1133.561547 -993.668500 -889.877695 -917.331678 -864.047294 -704.715293 -679.226800 -649.858623 -647.769446 -648.352486 -684.015724 -700.577349 -778.792619 -826.965704 -824.904366 -824.176663 -801.922891 -9999.0 -9999.0 -9999.0 -9999.0 -9999.0 -9999.0 -9999.0 -9999.0 -9999.0 -9999.0 -9999.0 -9999.0 -9999.0 -9999.0 -9999.0 -9999.0 -9999.0 -9999.0 -9999.0 -9999.0 -9999.0
-639.910748 -716.106088 -786.831918 -805.996134 -854.897788 -863.594800 -903.785473 -889.036163 -905.714225 -966.334654 -1024.573482 -1064.716848 -1950.482718 -1139.141154 -866.283471 -1252.554057 -1093.387481 -931.217880 -1004.970875 -842.605519 -692.350257 -654.872075 -636.387618 -607.721293 -598.304363 -610.032681 -641.506412 -695.819973 -757.198569 -816.586932 -816.491655 -841.486244 -9999.0 -9999.0 -9999.0 -9999.0 -9999.0 -9999.0 -9999.0 -9999.0 -9999.0 -9999.0 -9999.0 -9999.0 -9999.0 -9999.0 -9999.0 -9999.0 -9999.0 -9999.0 -9999.0 -9999.0 -9999.0 -9999.0
-780.726270 -791.799582 -793.542130 -813.811530 -838.575803 -899.293149 -905.634493 -926.730236 -954.035483 -1014.676678 -1057.706508 -1957.467389 -997.740561 -869.370275 -1253.452423 -1023.591130 -918.661722 -969.256627 -751.666292 -686.511386 -647.715468 -624.352393 -630.759415 -584.823291 -576.722551 -572.798576 -588.164316 -683.273837 -730.654309 -810.410135 -812.855277 -9999.0 -9999.0 -9999.0 -9999.0 -9999.0 -9999.0 -9999.0 -9999.0 -9999.0 -9999.0 -9999.0 -9999.0 -9999.0 -9999.0 -9999.0 -9999.0 -9999.0 -9999.0 -9999.0 -9999.0 -9999.0 -9999.0 -9999.0
-816.441072 -815.249403 -814.162592 -824.105537 -844.637761 -876.380091 -919.797474 -969.159852 -1017.953660 -1899.700528 -1903.325950 -1508.419090 -814.527516 -1125.236440 -887.702102 -1002.968006 -786.990051 -748.846082 -696.600669 -645.555801 -584.832061 -564.807749 -473.887511 -373.092331 -394.699272 -491.425812 -579.082357 -632.429454 -714.885250 -9999.0 -9999.0 -9999.0 -9999.0 -9999.0 -9999.0 -9999.0 -9999.0 -9999.0 -9999.0 -9999.0 -9999.0 -9999.0 -9999.0 -9999.0 -9999.0 -9999.0 -9999.0 -9999.0 -9999.0 -9999.0 -9999.0 -9999.0 -9999.0 -9999.0
-889.370756 -861.108503 -848.454352 -842.600039 -862.889722 -889.885649 -913.140154 -956.697411 -994.566099 -1021.661845 -878.099097 -856.368536 -814.398471 -763.390273 -747.688400 -698.317044 -785.741001 -724.071107 -689.309383 -605.151159 -548.034142 -435.058863 -270.470432 -238.357357 -225.926473 -301.829877 -512.237714 -584.444985 -9999.0 -9999.0 -9999.0 -9999.0 -9999.0 -9999.0 -9999.0 -9999.0 -9999.0 -9999.0 -9999.0 -9999.0 -9999.0 -9999.0 -9999.0 -9999.0 -9999.0 -9999.0 -9999.0 -9999.0 -9999.0 -9999.0 -9999.0 -9999.0 -9999.0 -9999.0
-838.782488 -914.290617 -896.096205 -876.372174 -877.802653 -812.169213 -819.106136 -828.383741 -828.086749 -805.214308 -813.331031 -796.451296 -759.105881 -728.837960 -678.468503 -624.968661 -728.180191 -710.287571 -661.874083 -539.389442 -454.302642 -255.608027 -123.441711 41.622072 44.182580 55.074398 -373.203067 -9999.0 -9999.0 -9999.0 -9999.0 -9999.0 -9999.0 -9999.0 -9999.0 -9999.0 -9999.0 -9999.0 -9999.0 -9999.0 -9999.0 -9999.0 -9999.0 -9999.0 -9999.0 -9999.0 -9999.0 -9999.0 -9999.0 -9999.0 -9999.0 -9999.0 -9999.0 -9999.0
-425.292182 -522.255172 -561.941415 -641.389802 -691.360880 -725.873234 -748.887998 -763.360105 -766.996237 -758.366045 -779.112976 -759.881403 -720.263664 -684.771954 -617.798051 -586.751334 -598.007508 -662.026133 -494.413405 -315.060559 -178.213828 46.525186 27.866647 -96346.407201 -133227.795077 -167162.304654 -9999.0 -9999.0 -9999.0 -9999.0 -9999.0 -9999.0 -9999.0 -9999.0 -9999.0 -9999.0 -9999.0 -9999.0 -9999.0 -9999.0 -9999.0 -9999.0 -9999.0 -9999.0 -9999.0 -9999.0 -9999.0 -9999.0 -9999.0 -9999.0 -9999.0 -9999.0 -9999.0 -9999.0
8.590166 -104.483387 -253.489171 -446.331025 -556.166655 -649.324637 -717.169279 -744.264403 -761.576413 -768.757868 -767.881662 -717.549412 -658.394816 -632.222285 -584.446600 -476.100885 -385.028910 -361.570950 -270.777573 -62.829113 -141482.069880 -75749.486331 -91166.376117 -82013.040284 -23495.604995 -24630.377858 -9999.0 -9999.0 -9999.0 -9999.0 -9999.0 -9999.0 -9999.0 -9999.0 -9999.0 -9999.0 -9999.0 -9999.0 -9999.0 -9999.0 -9999.0 -9999.0 -9999.0 -9999.0 -9999.0 -9999.0 -9999.0 -9999.0 -9999.0 -9999.0 -9999.0 -9999.0 -9999.0 -9999.0
-220338.033049 -316510.538260 -16093.858879 -378.750347 -564.337114 -646.647547 -714.701987 -729.282143 -757.495888 -775.585950 -738.526552 -669.843190 -610.844687 -551.548593 -494.957633 -305.016541 -49.084177 -238.602543 -135858.384399 -97095.839649 -86252.347474 -86379.980184 -80949.796106 -22660.871036 -9999.0 -18632.377728 -263.253297 -307.013966 2014.703003 -9999.0 -9999.0 -9999.0 -9999.0 -9999.0 -9999.0 -9999.0 -9999.0 -9999.0 -9999.0 -9999.0 -9999.0 -9999.0 -9999.0 -9999.0 -9999.0 -9999.0 -9999.0 -9999.0 -9999.0 -9999.0 -9999.0 -9999.0 -9999.0 -9999.0
-7304.465411 32.215618 -325.226322 -422.620757 -551.025648 -649.580097 -691.616571 -681.441614 -703.313034 -735.110939 -716.920579 -638.408898 -540.716870 -489.686190 -371.937723 -173.380959 122.241415 -120496.731942 -86312.323581 -64666.009586 -62959.821861 -71169.177437 -18211.508688 -9999.0 -9999.0 -9999.0 -9999.0 -9999.0 -9999.0 -9999.0 -9999.0 -9999.0 -9999.0 -9999.0 -9999.0 -9999.0 -9999.0 -9999.0 -9999.0 -9999.0 -9999.0 -9999.0 -9999.0 -9999.0 -9999.0 -9999.0 -9999.0 -9999.0 -9999.0 -9999.0 -9999.0 -9999.0 -9999.0 -9999.0
-108.493628 -251.801881 -135.504870 -423.859224 -526.851060 -597.068603 -652.637182 -651.487986 -649.691920 -622.211831 -637.272581 -519.997908 -431.424300 -306.571074 -174.757269 -68.071219 -104080.271233 -75758.225454 -63537.599561 -64809.490917 -9999.0 -9999.0 -9999.0 -9999.0 -9999.0 -9999.0 -9999.0 -9999.0 -9999.0 -9999.0 -9999.0 -9999.0 -9999.0 -9999.0 -9999.0 -9999.0 -9999.0 -9999.0 -9999.0 -9999.0 -9999.0 -9999.0 -9999.0 -9999.0 -9999.0 -9999.0 -9999.0 -9999.0 -9999.0 -9999.0 -9999.0 -9999.0 -9999.0 -9999.0
-82180.408512 -134447.587175 697.742797 -120.442390 -408.306651 -469.035014 -559.782165 -628.787023 -446.936845 -578.941812 -338218.186172 -192672.895285 -95873.784214 -99807.584719 -110427.491852 -92292.194745 -78186.587653 -66395.990908 -71508.466751 -9999.0 -9999.0 -9999.0 -9999.0 -9999.0 -9999.0 -9999.0 -9999.0 -9999.0 -9999.0 -9999.0 -9999.0 -9999.0 -9999.0 -9999.0 -9999.0 -9999.0 -9999.0 -9999.0 -9999.0 -9999.0 -9999.0 -9999.0 -9999.0 -9999.0 -9999.0 -9999.0 -9999.0 -9999.0 -9999.0 -9999.0 -9999.0 -9999.0 -9999.0 -9999.0
-59569.998320 -65522.661364 -72468.159901 -102629.293333 -377.644962 -277.167436 -307.399505 -439.779441 -397242.650061 -217642.897769 -140332.761006 -70715.220711 -67950.890772 -81553.198798 -87136.236084 -62485.027753 -58757.824579 -71111.253107 -9999.0 -9999.0 -9999.0 -9999.0 -9999.0 -9999.0 -9999.0 -9999.0 -9999.0 -9999.0 -9999.0 -9999.0 -9999.0 -9999.0 -9999.0 -9999.0 -9999.0 -9999.0 -9999.0 -9999.0 -9999.0 -9999.0 -9999.0 -9999.0 -9999.0 -9999.0 -9999.0 -9999.0 -9999.0 -9999.0 -9999.0 -9999.0 -9999.0 -9999.0 -9999.0 -9999.0
-56160.139715 -59222.978721 -69844.288104 -93184.248832 -122771.572572 -159923.084287 -125215.586381 -81044.716968 -76621.436232 -79914.836383 -92831.643778 -9999.0 -9999.0 -9999.0 -9999.0 -9999.0 -66753.111663 -308.866154 -319.560326 -526.815597 -635.855672 3190.856159 -9999.0 -9999.0 -9999.0 -9999.0 -9999.0 -9999.0 -9999.0 -9999.0 -9999.0 -9999.0 -9999.0 -9999.0 -9999.0 -9999.0 -9999.0 -9999.0 -9999.0 -9999.0 -9999.0 -9999.0 -9999.0 -9999.0 -9999.0 -9999.0 -9999.0 -9999.0 -9999.0 -9999.0 -9999.0 -9999.0 -9999.0 -9999.0
-67261.136210 -74207.772897 -79132.753604 -83336.835527 -94019.449749 -112294.962581 -9999.0 -9999.0 -9999.0 -9999.0 -9999.0 -9999.0 -9999.0 -9999.0 -9999.0 -9999.0 -9999.0 -9999.0 -9999.0 -9999.0 -9999.0 -9999.0 -9999.0 -9999.0 -9999.0 -9999.0 -9999.0 -9999.0 -9999.0 -9999.0 -9999.0 -9999.0 -9999.0 -9999.0 -9999.0 -9999.0 -9999.0 -9999.0 -9999.0 -9999.0 -9999.0 -9999.0 -9999.0 -9999.0 -9999.0 -9999.0 -9999.0 -9999.0 -9999.0 -9999.0 -9999.0 -9999.0 -9999.0 -9999.0
-49033.549733 -51094.703889 -9999.0 -9999.0 -9999.0 -9999.0 -9999.0 -9999.0 -9999.0 -9999.0 -9999.0 -9999.0 -9999.0 -9999.0 -9999.0 -9999.0 -9999.0 -9999.0 -9999.0 -9999.0 -9999.0 -9999.0 -9999.0 -9999.0 -9999.0 -9999.0 -9999.0 -9999.0 -9999.0 -9999.0 -9999.0 -9999.0 -9999.0 -9999.0 -9999.0 -9999.0 -9999.0 -9999.0 -9999.0 -9999.0 -9999.0 -9999.0 -9999.0 -9999.0 -9999.0 -9999.0 -9999.0 -9999.0 -9999.0 -9999.0 -9999.0 -9999.0 -9999.0 -9999.0
