geotop_simulations/templates/TEST_Venosta_3D_034_template/rec/SoilTemperature0000L0008.old.asc
ncols         252
nrows         194
xllcorner     598250.000000
yllcorner     5144500.000000
cellsize      250.000000
NODATA_value  -9999.0
[rows 56 to 83 of 194, columns 186 to 247 of 252]
8.410142 7.423440 8.643451 8.994535 8.542577 9.281529 9.509995 9.984628 10.794215 11.969254 13.064294 3.316036 2.421415 0.045327 -0.000987 -0.001289 -0.001441 -0.001002 -0.001391 -0.001043 -0.001441 5.978531 -0.001115 -0.001445 -0.001265 -0.001982 -0.002346 -0.002231 -0.002845 -0.003611 -0.003625 -0.003776 2.411644 -0.004030 -0.000382 -0.000339 -0.000403 -0.000381 -0.000360 -0.000319 -0.000276 -0.000285 -0.000307 -0.000311 -9999.0 -9999.0 -9999.0 -9999.0 -9999.0 -9999.0 -9999.0 -9999.0 -9999.0 -9999.0 -9999.0 -9999.0 -9999.0 -9999.0 -9999.0 -9999.0 -9999.0 -9999.0
9.423740 8.204311 9.156213 9.875933 9.086675 9.446678 10.654190 11.291203 4.005139 4.270005 4.243234 3.802132 2.870450 2.479800 -0.001507 -0.001500 -0.001349 6.085199 4.644349 -0.001021 -0.001357 5.031253 5.047192 -0.001575 -0.003738 -0.001239 -0.002858 -0.002733 3.090142 -0.003216 2.779789 2.572862 2.037763 -0.000323 -0.000321 -0.000286 -0.000291 -0.000359 2.158006 2.129728 1.249454 -0.000322 -0.000316 -0.000299 -9999.0 -9999.0 -9999.0 -9999.0 -9999.0 -9999.0 -9999.0 -9999.0 -9999.0 -9999.0 -9999.0 -9999.0 -9999.0 -9999.0 -9999.0 -9999.0 -9999.0 -9999.0
10.214636 9.780999 10.149061 10.817860 10.332068 10.262958 11.211289 4.140532 4.387071 4.690395 4.750704 4.520013 3.673106 1.661537 -0.001337 -0.001307 -0.000558 5.551794 3.975070 -0.001982 -0.001077 5.065885 4.955903 4.404015 2.531928 -0.001193 -0.003046 2.411130 1.799832 -0.000342 -0.000392 -0.000339 -0.000315 -0.000301 -0.000286 -0.000284 -0.000369 5.049056 4.668988 2.745640 1.680117 -0.000343 -0.000299 -0.000290 -9999.0 -9999.0 -9999.0 -9999.0 -9999.0 -9999.0 -9999.0 -9999.0 -9999.0 -9999.0 -9999.0 -9999.0 -9999.0 -9999.0 -9999.0 -9999.0 -9999.0 -9999.0
11.239141 11.275919 11.317593 11.812946 4.333475 4.296214 4.508445 4.737682 4.956742 5.156883 5.247909 4.352715 2.914612 -0.001188 -0.001278 -0.001741 -0.001421 -0.001284 3.244055 -0.003047 3.816733 4.595712 4.382983 3.765915 2.266383 -0.001122 -0.003057 -0.000350 -0.000360 -0.000293 -0.000309 -0.000317 -0.000316 -0.000305 -0.000301 -0.000364 4.446729 5.909690 4.318732 2.293697 -0.000309 -0.000288 -0.000303 -0.000289 -9999.0 -9999.0 -9999.0 -9999.0 -9999.0 -9999.0 -9999.0 -9999.0 -9999.0 -9999.0 -9999.0 -9999.0 -9999.0 -9999.0 -9999.0 -9999.0 -9999.0 -9999.0
12.110378 12.690655 5.254837 5.247355 5.222004 5.188085 5.290106 5.473080 5.565620 5.621382 5.714360 4.267872 2.659141 -0.001225 -0.001185 -0.001984 -0.001748 -0.002190 2.814764 -0.002783 2.227876 2.257310 3.242324 3.302782 2.132948 -0.001026 -0.000347 -0.000337 -0.000302 -0.000308 -0.000322 -0.000313 -0.000329 -0.000371 3.256078 4.450668 5.437221 6.160936 -0.002714 2.006808 -0.000309 -0.000291 -0.000312 -0.000307 -9999.0 -9999.0 -9999.0 -9999.0 -9999.0 -9999.0 -9999.0 -9999.0 -9999.0 -9999.0 -9999.0 -9999.0 -9999.0 -9999.0 -9999.0 -9999.0 -9999.0 -9999.0
11.332548 12.687414 13.768361 14.477965 5.842446 5.857000 5.939593 6.005460 5.984131 5.862269 5.700609 4.764019 3.389196 0.853168 -0.001138 -0.001664 -0.002350 -0.002206 1.787782 0.153780 -0.000420 -0.000384 3.065670 2.777770 1.742024 1.900851 -0.000329 -0.000338 -0.000325 -0.000320 -0.000330 -0.000320 -0.000436 2.802609 4.425023 5.331971 5.798350 -0.001224 -0.003066 -0.004242 -0.003279 -0.000315 -0.000272 -0.000333 -0.000304 -9999.0 -9999.0 -9999.0 -9999.0 -9999.0 -9999.0 -9999.0 -9999.0 -9999.0 -9999.0 -9999.0 -9999.0 -9999.0 -9999.0 -9999.0 -9999.0 -9999.0
10.995791 10.655706 11.073400 4.108837 4.621128 4.840282 4.738796 4.610000 4.555378 4.661912 5.598682 5.086043 4.066200 2.513711 -0.001207 -0.001133 -0.002082 -0.002397 -0.000418 -0.000444 -0.000385 -0.000363 -0.000402 -0.000394 -0.000363 -0.000380 -0.000320 -0.000383 -0.000307 -0.000296 -0.000364 -0.000496 1.645739 3.875014 4.667184 5.457297 -0.001093 -0.001206 -0.003181 -0.004314 -0.003130 -0.001852 -0.000265 -0.000321 -0.000311 -0.000303 -9999.0 -9999.0 -9999.0 -9999.0 -9999.0 -9999.0 -9999.0 -9999.0 -9999.0 -9999.0 -9999.0 -9999.0 -9999.0 -9999.0 -9999.0 -9999.0
11.883930 11.426115 10.930835 10.100291 3.008658 2.857642 2.667518 2.297970 1.887824 1.886765 5.102755 5.421036 4.305841 2.880556 -0.001453 -0.001176 -0.001908 -0.002712 -0.000500 -0.000409 -0.000329 -0.000327 -0.000319 -0.000368 -0.000403 -0.000322 -0.000385 -0.000375 -0.000329 -0.000369 -0.000384 -0.000375 2.363474 3.648750 3.922657 -0.002117 -0.001162 -0.001106 -0.002778 -0.004257 -0.003541 -0.001627 -0.000339 -0.000321 -0.000305 -0.000316 -9999.0 -9999.0 -9999.0 -9999.0 -9999.0 -9999.0 -9999.0 -9999.0 -9999.0 -9999.0 -9999.0 -9999.0 -9999.0 -9999.0 -9999.0 -9999.0
12.093694 12.411538 5.549259 4.900173 9.087053 3.188689 2.997552 3.124062 3.028381 0.024773 4.426585 5.527401 4.449273 2.999140 -0.001422 -0.001098 -0.002388 -0.002218 2.690906 -0.000617 -0.000332 -0.000332 -0.000329 -0.000318 -0.000312 -0.000313 -0.000368 -0.000287 -0.000348 -0.000343 -0.000327 -0.000317 -0.000385 -0.000332 2.245162 3.284701 -0.001165 -0.001227 -0.001847 -0.004091 -0.004000 -0.002891 -0.000513 -0.000352 -0.000284 -0.000316 -0.000306 -9999.0 -9999.0 -9999.0 -9999.0 -9999.0 -9999.0 -9999.0 -9999.0 -9999.0 -9999.0 -9999.0 -9999.0 -9999.0 -9999.0 -9999.0
6.083441 5.961163 5.656549 5.216968 4.581233 4.103703 4.305392 4.681183 4.174655 0.359223 4.812208 5.585962 4.413221 3.019722 0.062135 -0.001207 -0.002528 -0.003533 -0.003647 -0.003858 -0.002153 -0.000370 -0.000322 -0.000320 -0.000316 -0.000291 -0.000448 -0.000314 -0.000451 -0.000358 -0.000321 -0.000336 -0.000318 2.547344 3.360527 4.476581 5.725487 -0.001201 -0.001145 -0.003680 -0.003875 -0.003424 -0.002817 -0.000314 -0.000245 -0.000284 -0.000303 -0.000295 -9999.0 -9999.0 -9999.0 -9999.0 -9999.0 -9999.0 -9999.0 -9999.0 -9999.0 -9999.0 -9999.0 -9999.0 -9999.0 -9999.0
6.659834 6.358780 5.887088 5.385435 4.896274 4.788776 5.022978 5.191493 4.395528 0.310513 5.321317 5.476749 4.577224 3.570125 1.982361 -0.001512 -0.002461 -0.003564 -0.004649 -0.005152 -0.004288 -0.000547 -0.000349 -0.000299 -0.000302 -0.000309 -0.000314 -0.000297 -0.000304 -0.000344 -0.000342 -0.000344 2.951948 3.576655 4.296866 5.363285 -0.000305 -0.000322 -0.000313 -0.002950 -0.003454 -0.003069 -0.003236 -0.002961 -0.001670 -0.000245 -0.000251 -0.000286 -0.000328 -0.000296 -9999.0 -9999.0 -9999.0 -9999.0 -9999.0 -9999.0 -9999.0 -9999.0 -9999.0 -9999.0 -9999.0 -9999.0
7.267011 6.838143 6.290577 5.715865 5.171754 5.121404 5.293121 5.297396 4.260070 0.155550 5.351062 3.574509 2.867399 1.947318 -0.000285 -0.001607 -0.002613 -0.004034 -0.004836 -0.005814 -0.004242 -0.000367 -0.000583 -0.000297 -0.000304 -0.000290 -0.000428 -0.000449 -0.000370 -0.000432 -0.000370 3.694611 4.322090 4.608647 4.833981 -0.000344 -0.002625 -0.001864 -0.001116 -0.000292 -0.002925 -0.002847 -0.003419 -0.003810 -0.003374 -0.000336 -0.000244 -0.000250 -0.000269 -0.000289 -0.000301 -0.000267 -9999.0 -9999.0 -9999.0 -9999.0 -9999.0 -9999.0 -9999.0 -9999.0 -9999.0 -9999.0
7.866401 7.377419 6.795203 6.157967 5.651935 5.547108 5.618053 5.475439 4.145474 0.083800 3.467634 2.730228 1.934072 -0.002653 -0.003121 -0.004287 -0.003279 -0.003972 2.502815 1.427106 -0.000380 -0.000380 -0.000627 -0.000395 -0.000408 -0.000441 -0.000376 -0.000387 -0.000351 -0.000349 -0.000278 3.265112 4.600818 4.572238 -0.002907 -0.003157 -0.002834 -0.001466 -0.001140 -0.000292 -0.001211 -0.002110 -0.003537 -0.004116 -0.003608 -0.001503 -0.000354 -0.000268 -0.000244 -0.000286 -0.000357 -0.000312 -9999.0 -9999.0 -9999.0 -9999.0 -9999.0 -9999.0 -9999.0 -9999.0 -9999.0 -9999.0
12.667086 12.081529 7.359237 6.718801 6.259699 6.069449 5.962813 5.955448 5.231725 0.347634 3.728089 3.441567 4.248576 2.722227 -0.002310 -0.001080 -0.002177 -0.003254 -0.003048 -0.000404 -0.000342 -0.000398 -0.000523 -0.000383 -0.000442 -0.000353 -0.000328 -0.000335 -0.000363 -0.000361 1.857537 3.100125 -0.003489 -0.000862 -0.000778 -0.003010 -0.002483 -0.001133 -0.001090 -0.001100 -0.000312 -0.000326 -0.002707 -0.004036 -0.003559 -0.002425 -0.000297 2.213029 3.838475 3.439713 3.472207 3.318037 4.009897 -9999.0 -9999.0 -9999.0 -9999.0 -9999.0 -9999.0 -9999.0 -9999.0 -9999.0
13.196773 12.681687 11.915676 7.355083 6.903181 6.660032 6.418777 6.428631 6.118994 2.668569 3.941573 3.501943 4.213885 2.745952 1.313855 -0.001480 -0.001057 -0.001445 2.213281 -0.000364 -0.000348 -0.000383 -0.000393 -0.000335 -0.000365 -0.000285 -0.000353 -0.000348 -0.000383 -0.000371 1.937248 2.424627 -0.000782 -0.002985 -0.001938 -0.000539 -0.001639 -0.001372 -0.001011 -0.001264 -0.000326 -0.000339 -0.000309 -0.003304 -0.002794 -0.002312 3.325516 4.554871 4.746388 -0.001346 -0.001530 3.719749 4.059412 -9999.0 -9999.0 -9999.0 -9999.0 -9999.0 -9999.0 -9999.0 -9999.0 -9999.0
13.892207 9.257948 8.720603 8.061735 7.614469 7.288967 6.968641 6.929332 6.687825 5.576630 5.379334 4.509064 3.962646 2.657101 1.041157 -0.002061 -0.001354 -0.001413 -0.001912 3.955190 2.260740 -0.000280 -0.000430 -0.000353 -0.000316 -0.000328 -0.000313 -0.000374 -0.000415 -0.000364 -0.000349 -0.001732 -0.000469 -0.000458 -0.000503 -0.000295 -0.000436 3.564030 -0.001152 -0.001278 -0.001250 -0.000275 -0.001192 -0.001783 -0.002007 -0.001781 -0.001078 5.699415 -0.001233 -0.001215 4.304733 4.145366 4.309305 -9999.0 -9999.0 -9999.0 -9999.0 -9999.0 -9999.0 -9999.0 -9999.0 -9999.0
8.668383 13.784559 13.362387 8.760107 8.359734 8.000648 7.611230 7.509158 7.120670 6.800388 6.285788 5.104927 3.841257 2.292381 1.114915 -0.001081 -0.001303 -0.001441 4.915564 4.349131 3.351897 -0.000476 -0.000301 -0.000411 -0.000368 -0.000397 -0.000421 -0.000400 -0.000426 -0.000336 -0.000345 -0.000363 -0.000369 -0.000372 -0.000290 -0.000260 1.414366 4.381139 -0.001117 -0.001189 -0.001219 -0.000280 -0.000954 -0.001460 -0.001243 -0.001332 5.406086 -0.000353 -0.000327 -0.001002 -0.000944 4.863353 4.549056 -9999.0 -9999.0 -9999.0 -9999.0 -9999.0 -9999.0 -9999.0 -9999.0 -9999.0
10.563696 11.362297 12.549909 13.213729 13.201229 8.635267 8.258268 8.089874 7.624009 6.872338 6.027707 4.918944 3.632696 2.273904 -0.002411 0.988757 -0.001361 -0.001304 -0.002182 -0.003080 -0.004553 -0.003758 -0.000295 -0.000296 -0.000383 -0.000400 -0.000497 -0.000386 -0.000395 -0.000385 -0.000362 -0.000324 -0.000324 -0.000344 -0.000265 -0.000368 0.953982 -0.000773 -0.000858 -0.001570 -0.001159 -0.000828 0.014993 -0.000802 -0.001442 -0.001291 -0.000338 -0.000328 -0.000689 -0.000550 -0.001642 -0.000296 -0.001530 5.483323 -9999.0 -9999.0 -9999.0 -9999.0 -9999.0 -9999.0 -9999.0 -9999.0
7.183949 6.826865 7.249518 7.830770 8.047394 8.210289 12.967187 12.901956 12.444512 6.798647 5.791260 4.690200 3.558080 2.500348 -0.002417 1.834851 0.732363 -0.001740 -0.001688 -0.003387 -0.004825 -0.005119 -0.000347 -0.000282 -0.000282 -0.000288 -0.000380 -0.000414 -0.000406 -0.000370 -0.000386 -0.000400 -0.000384 -0.000335 -0.000288 -0.000322 -0.001591 -0.002263 -0.002465 -0.001925 -0.001162 -0.001125 -0.000767 0.136384 -0.000602 -0.000334 0.346372 0.305126 -0.000558 -0.001158 -0.000975 0.184119 -0.001535 -0.000498 -9999.0 -9999.0 -9999.0 -9999.0 -9999.0 -9999.0 -9999.0 -9999.0
6.512282 6.008677 6.344759 10.250907 10.675783 11.260795 12.283792 12.820000 7.661061 6.806543 5.857706 4.902478 4.000874 3.776193 3.083998 1.915686 1.061837 -0.000969 -0.001450 -0.003226 -0.005479 -0.006093 -0.001522 -0.000267 -0.000298 -0.000266 -0.000302 -0.000392 -0.000398 -0.000415 -0.000441 -0.000486 -0.000430 -0.000444 -0.000311 -0.000466 -0.000437 -0.000299 -0.002075 -0.002435 -0.002458 -0.001281 -0.001169 -0.000344 0.343843 0.529148 0.632097 0.598564 0.623864 0.393983 0.430995 0.413280 -0.000418 0.567417 -9999.0 -9999.0 -9999.0 -9999.0 -9999.0 -9999.0 -9999.0 -9999.0
5.861708 5.243079 5.608208 6.264402 9.634334 6.548520 6.419008 7.381697 8.076961 7.527159 6.823297 5.993672 5.059194 4.075024 3.160257 1.912789 1.223098 -0.001173 -0.001416 -0.003367 -0.005015 -0.005146 -0.003294 -0.002301 -0.000395 -0.000280 -0.000278 -0.000394 -0.000552 -0.000584 -0.000625 -0.000639 -0.000517 -0.000469 -0.000428 -0.000338 -0.000280 -0.000249 -0.000411 0.428414 -0.002997 -0.002918 -0.002105 -0.001068 0.163548 0.789830 1.118136 0.803845 0.793273 0.746693 0.884562 0.883952 0.848300 0.830333 -9999.0 -9999.0 -9999.0 -9999.0 -9999.0 -9999.0 -9999.0 -9999.0
5.057652 4.472298 4.641442 5.022959 5.261410 5.215347 4.677260 5.694144 7.538407 7.822953 7.108349 6.340850 5.478059 4.034089 2.762985 1.964426 1.168609 -0.001125 -0.001426 -0.003220 -0.004208 -0.004015 -0.003632 -0.002924 -0.000352 -0.000278 -0.000292 -0.000292 -0.000361 -0.000614 -0.000817 -0.000693 -0.000606 -0.000466 -0.000442 -0.000401 -0.000448 -0.000376 -0.000269 -0.000283 -0.002659 -0.003071 -0.002703 -0.001069 -0.000737 0.596819 1.254221 0.864181 1.094523 1.570061 1.732141 1.243682 1.236656 1.450264 -9999.0 -9999.0 -9999.0 -9999.0 -9999.0 -9999.0 -9999.0 -9999.0
4.163112 3.657202 3.821532 4.129100 4.458085 4.337632 3.877339 4.550247 5.800890 6.821702 7.105622 6.312814 4.781114 3.563870 2.732336 1.885443 -0.001848 -0.000737 -0.003743 -0.004421 -0.005182 -0.003267 -0.003402 -0.003151 -0.000332 -0.000254 -0.000261 -0.000303 -0.000373 -0.000441 -0.000617 -0.000780 -0.000618 -0.000610 -0.000526 -0.000542 -0.000581 -0.000601 -0.000419 -0.000275 -0.000342 -0.001636 -0.001927 -0.001082 -0.001801 -0.001099 0.546159 0.523353 2.096183 2.063850 1.655076 1.690957 1.736116 -9999.0 -9999.0 -9999.0 -9999.0 -9999.0 -9999.0 -9999.0 -9999.0 -9999.0
3.862466 3.004795 3.251105 3.415891 3.655148 3.738440 3.827870 4.325973 3.708961 4.522384 5.377498 5.478849 4.474674 3.705543 2.696365 1.741797 -0.001673 -0.002253 -0.002327 -0.003819 -0.004852 -0.002755 -0.003468 -0.003851 -0.003229 -0.000328 -0.000251 -0.000265 -0.000353 -0.000409 -0.000563 -0.000859 -0.000787 -0.000841 -0.000708 -0.000768 -0.000774 -0.000834 -0.000371 -0.000290 -0.000263 -0.000689 -0.000906 -0.001192 -0.001879 -0.001955 -0.000825 -0.000350 1.085417 2.423562 2.683886 2.790648 2.756169 -9999.0 -9999.0 -9999.0 -9999.0 -9999.0 -9999.0 -9999.0 -9999.0 -9999.0
2.801937 2.700528 2.943213 3.153381 2.729725 2.952226 3.184148 3.591550 3.954803 3.074595 3.322353 2.834920 4.395875 3.614171 2.790477 1.989658 0.951337 -0.002171 -0.002814 -0.004283 -0.001992 -0.002762 -0.003752 -0.003708 -0.002963 -0.000318 -0.000376 -0.000532 -0.000433 -0.000456 -0.000614 -0.000758 -0.000649 -0.000604 -0.000564 -0.000561 -0.000653 -0.000717 -0.000353 -0.000272 -0.000255 -0.000375 -0.000921 -0.001066 -0.000841 -0.000599 -0.000623 0.647468 1.665411 2.508254 3.033881 3.251961 2.706054 3.399183 -9999.0 -9999.0 -9999.0 -9999.0 -9999.0 -9999.0 -9999.0 -9999.0
7.309847 8.851445 10.003550 2.670485 2.058439 2.210013 2.504311 2.948428 2.986971 1.600595 4.041719 2.747256 5.103260 3.797968 3.095962 2.317460 1.399294 -0.002369 -0.002729 -0.001508 -0.001768 -0.002462 -0.000638 -0.000525 -0.000364 -0.000348 -0.000496 -0.000373 -0.000511 -0.000631 -0.000727 -0.000707 -0.000656 -0.000504 -0.000476 -0.000478 -0.000479 -0.000650 -0.000303 -0.000274 -0.000276 -0.000277 -0.000743 -0.000609 -0.000308 -0.000325 0.045737 0.918080 1.679109 2.011268 2.630454 3.515797 3.741566 3.867703 -9999.0 -9999.0 -9999.0 -9999.0 -9999.0 -9999.0 -9999.0 -9999.0
8.892462 9.811918 9.753000 2.066503 1.880564 1.745430 2.153228 2.572668 2.461280 0.563186 4.128092 2.742128 5.456485 4.141823 3.446468 2.704902 1.646859 -0.001744 0.096201 -0.001378 -0.000327 -0.000263 -0.001906 -0.001615 -0.000308 -0.000422 -0.000367 -0.000460 -0.000614 -0.000722 -0.000716 -0.000790 -0.000483 -0.000422 -0.000564 -0.000417 -0.000571 -0.000449 -0.000411 -0.000277 -0.000258 -0.000329 -0.000767 -0.001099 -0.000305 -0.000239 0.449687 0.966153 1.681445 2.081337 2.086506 3.227281 3.140279 4.267459 -9999.0 -9999.0 -9999.0 -9999.0 -9999.0 -9999.0 -9999.0 -9999.0
9.093087 9.217791 9.040270 1.627367 -0.001730 1.434640 1.718456 2.026385 2.585309 2.033791 2.908155 4.479501 4.950431 4.982446 3.807256 2.768758 1.931160 1.234905 0.579661 -0.000459 -0.002119 -0.002998 -0.001720 -0.000272 -0.000328 -0.000368 -0.000469 -0.000668 -0.000821 -0.000709 -0.000577 -0.000520 -0.000518 -0.000430 -0.000370 -0.000425 -0.000430 -0.000429 -0.000362 -0.000246 -0.000258 -0.000423 -0.000807 -0.001106 -0.000312 -0.000188 0.604558 0.875820 1.115488 1.679763 1.764422 1.325121 3.116077 3.573731 10.156597 -9999.0 -9999.0 -9999.0 -9999.0 -9999.0 -9999.0 -9999.0
