geotop_simulations/templates/TEST_Venosta_3D_034_template/rec/SoilPressure0000L0004.asc
ncols         252
nrows         194
xllcorner     598250.000000
yllcorner     5144500.000000
cellsize      250.000000
NODATA_value  -9999.0
[rows 168 to 191 of 194, columns 108 to 161 of 252]
-38980.737546 -592.766957 -691.971432 -851.754783 -708.568524 -659.190301 -971.832478 -831.653112 -989.386837 -1082.478399 -984.536042 -1039.239428 -1124.860371 -1236.492454 -1441.534885 -3234.698118 -3310.655944 -3364.574995 -3408.485689 -3140.240235 -3016.470975 -2902.131413 -2965.169396 -3046.533022 -1674.902725 -1423.709409 -1523.463717 -3002.673991 -2073.266253 -1854.102088 -2452.838590 -2152.117547 -1129.998352 -1092.514766 -1369.670393 -1174.868720 -1182.045437 -1180.384000 -1209.458777 -1173.261418 -1089.510358 -938.969027 -891.445189 -734.829191 -520.691717 -9999.0 -9999.0 -9999.0 -9999.0 -9999.0 -9999.0 -9999.0 -9999.0 -9999.0
-1229.273773 -790.730456 -1005.897397 -1193.938627 -943.362689 -1034.297287 -1174.779446 -1029.548859 -1089.780784 -1206.500612 -1211.459745 -1174.539409 -1186.840598 -1230.891507 -1359.460764 -3150.812014 -3099.246354 -3393.837646 -3224.659500 -3258.214750 -3218.517517 -3114.240700 -3068.759485 -1742.987569 182.137910 -1531.243801 -2090.031336 -1917.771766 -2368.317522 -2182.592023 -1706.762777 -1701.098846 -1069.475108 -961.001930 -922.031947 -1008.806997 -1118.840126 -1091.021050 -1074.267238 -1034.795608 -930.535086 -841.817808 -719.356579 -448.313841 -9999.0 -9999.0 -9999.0 -9999.0 -9999.0 -9999.0 -9999.0 -9999.0 -9999.0 -9999.0
5716.977921 -841.631901 -1085.117057 -1063.515102 -1134.805149 -1132.878301 -1140.720994 -1105.466111 -1172.424378 -1197.618295 -1245.172640 -1330.864638 -1385.056074 -1351.850575 -1381.575647 -3113.555986 -2968.955059 -3237.615743 -3303.020174 -3334.464021 -3328.589860 -2486.260688 -1841.059822 -1448.534637 -1316.968242 -1296.992540 -1780.254328 -2419.635452 -2206.701576 -1798.303823 -1372.530499 -991.179540 -942.161130 -900.192651 -743.792678 -763.873043 -777.746024 -815.633267 -760.344529 -891.926000 -912.843898 -621.466934 -367.995844 -819.633126 -9999.0 -9999.0 -9999.0 -9999.0 -9999.0 -9999.0 -9999.0 -9999.0 -9999.0 -9999.0
-543147.694405 -720.933546 -1039.432364 -1011.650461 -1077.722754 -1114.295436 -1249.097044 -1313.755335 -1357.153117 -1347.764015 -1384.763572 -1428.109390 -1475.672832 -1499.833578 -1499.523181 -3166.405714 -3050.297503 -3245.211981 -3325.561381 -3338.579450 -2405.392709 -1714.266790 -1345.506913 -1228.258182 -1169.018079 -1151.084920 -1470.527881 -1992.269796 -1796.177874 -1243.552633 -983.360132 -927.002720 -904.879241 -797.224158 -486.940943 -581.190536 -651.506319 -590.410294 -174.961868 -440138.381325 -618.790631 -342589.815867 -9999.0 -9999.0 -9999.0 -9999.0 -9999.0 -9999.0 -9999.0 -9999.0 -9999.0 -9999.0 -9999.0 -9999.0
-347.817990 -525.213572 -853.495929 -1010.602899 -1071.292570 -1127.979336 -1225.648977 -1322.754761 -1381.950161 -1384.914677 -1432.355662 -1481.102726 -1518.967125 -1574.826167 -3223.817391 -3267.677710 -3077.299567 -3189.296211 1471.223149 -1964.241309 -1703.339021 -1500.544148 -1318.590411 -1208.521397 -1149.895264 -1116.963236 -1526.224541 -2053.481259 -1532.477613 -1256.507915 -989.832953 -929.732355 -822.746811 -522.891283 -473.663547 -158576.033608 -104340.016033 -108829.560989 -98931.058356 -97011.370468 -279743.737504 -93613.319645 -9999.0 -9999.0 -9999.0 -9999.0 -9999.0 -9999.0 -9999.0 -9999.0 -9999.0 -9999.0 -9999.0 -9999.0
-830.599277 -933.686602 -944.521933 -981.910700 -997.478492 -1063.339875 -1121.594202 -1287.131222 -2342.959895 -2504.633499 -2846.675583 -3012.807208 -3121.145492 -3191.460062 -3256.742739 -3030.987641 -3090.115870 -1911.880756 -1810.868813 -2186.496957 -2029.047208 -1839.671864 -1561.137615 -1303.458187 -1167.541518 -1129.772595 -1464.047148 -2439.173246 -1569.491441 -1054.161315 -1013.171585 -964.112986 -913.836446 -787.724372 -759.358547 -9999.0 -9999.0 -9999.0 -9999.0 -9999.0 -9999.0 -46090.927415 -326.688958 -350.631790 -500.996133 1753.575499 -9999.0 -9999.0 -9999.0 -9999.0 -9999.0 -9999.0 -9999.0 -9999.0
-836.509427 -925.682190 -1046.701359 -831.928011 -971.701311 -966.435041 -978.148548 -1053.311786 -1515.736856 -2361.377239 -2763.681323 -2982.476897 -3089.979333 -3169.319847 -3219.130240 -2970.132427 -1840.517684 -2369.226609 -2147.924822 -1930.623637 -2232.800419 -1924.301909 -1687.637965 -1600.092251 -1383.609703 -1035.083659 -1584.994704 -1341.622618 -1086.254565 -1053.664655 -1006.233715 -959.334035 -959.796446 -1113.538730 -9999.0 -9999.0 -9999.0 -9999.0 -9999.0 -9999.0 -9999.0 -9999.0 -9999.0 -9999.0 -9999.0 -9999.0 -9999.0 -9999.0 -9999.0 -9999.0 -9999.0 -9999.0 -9999.0 -9999.0
-841.593291 -943.348447 -1086.168917 -1093.224962 -1067.716054 -1090.143021 -934.846448 -1003.974195 -1062.156186 -1160.735343 -1228.882754 -1296.181333 -2810.454444 -1444.242810 -1718.982880 -3099.171556 -1842.117986 -1614.827748 -1550.462469 -1353.089841 -1229.160407 -1142.811753 -1000.275319 -993.428104 -1129.513543 -887.805253 -947.370910 -968.295530 -1061.538559 -1098.155214 -1063.688664 -1031.960794 -1036.542343 -9999.0 -9999.0 -9999.0 -9999.0 -9999.0 -9999.0 -9999.0 -9999.0 -9999.0 -9999.0 -9999.0 -9999.0 -9999.0 -9999.0 -9999.0 -9999.0 -9999.0 -9999.0 -9999.0 -9999.0 -9999.0
-792.300856 -917.000574 -1078.623977 -1153.284519 -1236.685312 -1107.891129 -1008.778068 -1004.093810 -1063.858450 -1161.008176 -1232.693251 -1314.282636 -1397.125027 -948.760053 -1040.323058 -1619.192015 -1704.252520 -1416.133185 -1224.320726 -1272.805261 -1139.691466 -927.191025 -890.942523 -837.093620 -841.999304 -844.741377 -899.214621 -927.537281 -1052.394292 -1138.412949 -1137.122894 -1171.988647 -1127.117833 -9999.0 -9999.0 -9999.0 -9999.0 -9999.0 -9999.0 -9999.0 -9999.0 -9999.0 -9999.0 -9999.0 -9999.0 -9999.0 -9999.0 -9999.0 -9999.0 -9999.0 -9999.0 -9999.0 -9999.0 -9999.0
-846.107668 -993.373683 -1113.032968 -1128.148487 -1210.299311 -1229.822408 -1297.944950 -1244.708528 -1261.825067 -1386.157414 -1512.171122 -1603.323104 -3130.486248 -1680.150874 -1189.633841 -2003.348128 -1621.187333 -1309.796351 -1390.221738 -1114.936772 -914.064563 -866.268154 -837.431459 -784.079835 -763.257417 -780.521352 -835.807594 -932.014356 -1027.444620 -1123.355412 -1139.310848 -1188.649314 -9999.0 -9999.0 -9999.0 -9999.0 -9999.0 -9999.0 -9999.0 -9999.0 -9999.0 -9999.0 -9999.0 -9999.0 -9999.0 -9999.0 -9999.0 -9999.0 -9999.0 -9999.0 -9999.0 -9999.0 -9999.0 -9999.0
-1106.496767 -1121.046193 -1112.632553 -1118.282440 -1157.076680 -1259.971972 -1277.181549 -1326.148847 -1381.101145 -1510.362755 -1604.771773 -3140.116478 -1388.244836 -1173.689092 -2006.608914 -1476.254661 -1282.334253 -1309.728268 -987.504829 -909.418668 -860.302817 -827.174311 -842.347191 -765.687307 -745.455742 -727.782727 -750.283971 -926.313413 -996.735700 -1131.753878 -1138.042190 -9999.0 -9999.0 -9999.0 -9999.0 -9999.0 -9999.0 -9999.0 -9999.0 -9999.0 -9999.0 -9999.0 -9999.0 -9999.0 -9999.0 -9999.0 -9999.0 -9999.0 -9999.0 -9999.0 -9999.0 -9999.0 -9999.0 -9999.0
-1131.126080 -1127.599457 -1118.575562 -1130.827131 -1164.038597 -1220.723972 -1310.832780 -1419.512355 -1520.252957 -3036.751154 -3044.052050 -2461.735402 -1076.298032 -1677.951410 -1246.137842 -1383.173146 -1055.194620 -994.933718 -925.869060 -856.128329 -761.779265 -729.948960 -591.167278 -464.045844 -486.330491 -614.667338 -744.641014 -839.574152 -988.865971 -9999.0 -9999.0 -9999.0 -9999.0 -9999.0 -9999.0 -9999.0 -9999.0 -9999.0 -9999.0 -9999.0 -9999.0 -9999.0 -9999.0 -9999.0 -9999.0 -9999.0 -9999.0 -9999.0 -9999.0 -9999.0 -9999.0 -9999.0 -9999.0 -9999.0
-1246.315691 -1196.855487 -1172.889397 -1159.384486 -1195.994052 -1251.250399 -1301.924044 -1392.854280 -1464.878680 -1505.813432 -1219.031482 -1172.578413 -1094.893833 -1011.606207 -990.044581 -923.932635 -1056.055971 -963.291365 -925.203365 -798.199391 -703.992961 -537.759835 -358.314586 -326.950561 -316.490532 -378.427193 -641.989011 -753.679282 -9999.0 -9999.0 -9999.0 -9999.0 -9999.0 -9999.0 -9999.0 -9999.0 -9999.0 -9999.0 -9999.0 -9999.0 -9999.0 -9999.0 -9999.0 -9999.0 -9999.0 -9999.0 -9999.0 -9999.0 -9999.0 -9999.0 -9999.0 -9999.0 -9999.0 -9999.0
-1155.682605 -1287.572388 -1255.347437 -1218.820380 -1220.874786 -1110.027140 -1121.186011 -1135.454583 -1130.235068 -1088.777522 -1098.655924 -1068.821362 -1006.546506 -962.066797 -898.534948 -828.006265 -972.695626 -955.139210 -889.455900 -698.902248 -566.868866 -346.457144 -222.176900 -9.268135 -6.671231 2.802015 -452.279021 -9999.0 -9999.0 -9999.0 -9999.0 -9999.0 -9999.0 -9999.0 -9999.0 -9999.0 -9999.0 -9999.0 -9999.0 -9999.0 -9999.0 -9999.0 -9999.0 -9999.0 -9999.0 -9999.0 -9999.0 -9999.0 -9999.0 -9999.0 -9999.0 -9999.0 -9999.0 -9999.0
-532.631263 -678.512372 -740.306371 -858.715365 -923.602982 -964.695026 -994.573834 -1014.202776 -1017.316726 -1003.897652 -1038.591819 -1013.119120 -954.895699 -917.237374 -811.454704 -769.591107 -792.217304 -890.657962 -632.413756 -405.569639 -271.051683 -133.535112 -18.074835 -158052.237976 -198243.596838 -249352.304851 -9999.0 -9999.0 -9999.0 -9999.0 -9999.0 -9999.0 -9999.0 -9999.0 -9999.0 -9999.0 -9999.0 -9999.0 -9999.0 -9999.0 -9999.0 -9999.0 -9999.0 -9999.0 -9999.0 -9999.0 -9999.0 -9999.0 -9999.0 -9999.0 -9999.0 -9999.0 -9999.0 -9999.0
-34.926353 -195.363656 -337.801167 -549.222168 -714.611081 -861.225443 -960.825994 -996.673334 -1018.684127 -1030.199645 -1029.881829 -957.968941 -878.036674 -842.890998 -752.049891 -584.678402 -477.936697 -452.543029 -356.272203 -160.103992 -212969.982722 -137973.234650 -108882.519524 -99015.774870 -38487.326767 -39432.438077 -9999.0 -9999.0 -9999.0 -9999.0 -9999.0 -9999.0 -9999.0 -9999.0 -9999.0 -9999.0 -9999.0 -9999.0 -9999.0 -9999.0 -9999.0 -9999.0 -9999.0 -9999.0 -9999.0 -9999.0 -9999.0 -9999.0 -9999.0 -9999.0 -9999.0 -9999.0 -9999.0 -9999.0
-252357.246031 -367352.591279 -112.315944 -450.418365 -709.821284 -865.469980 -963.937116 -984.772714 -1026.113553 -1051.429034 -996.334528 -896.573306 -815.015186 -703.307156 -610.687467 -384.807818 -169.324802 -333.101048 -171703.822353 -114207.551911 -101461.450565 -101182.940055 -98555.902745 -36812.868316 -9999.0 -29183.631574 -346.510675 -381.911645 1958.538736 -9999.0 -9999.0 -9999.0 -9999.0 -9999.0 -9999.0 -9999.0 -9999.0 -9999.0 -9999.0 -9999.0 -9999.0 -9999.0 -9999.0 -9999.0 -9999.0 -9999.0 -9999.0 -9999.0 -9999.0 -9999.0 -9999.0 -9999.0 -9999.0 -9999.0
-65.420059 -18.899387 -405.603031 -514.702273 -704.477279 -873.407229 -946.446211 -920.857949 -949.672173 -996.298827 -967.566999 -855.267068 -691.670979 -609.627493 -458.935907 -268.459697 -28.075847 -152254.952660 -100809.358495 -76881.114996 -75318.066308 -86157.016561 -27323.977081 -9999.0 -9999.0 -9999.0 -9999.0 -9999.0 -9999.0 -9999.0 -9999.0 -9999.0 -9999.0 -9999.0 -9999.0 -9999.0 -9999.0 -9999.0 -9999.0 -9999.0 -9999.0 -9999.0 -9999.0 -9999.0 -9999.0 -9999.0 -9999.0 -9999.0 -9999.0 -9999.0 -9999.0 -9999.0 -9999.0 -9999.0
-217.389705 -336.533764 -236.015624 -520.480033 -666.090178 -781.981184 -880.781018 -878.145170 -871.323300 -827.736215 -847.511352 -647.099833 -515.119616 -384.314859 -259.555604 -168.405412 -127564.284393 -89387.382747 -75764.074561 -77946.934287 -9999.0 -9999.0 -9999.0 -9999.0 -9999.0 -9999.0 -9999.0 -9999.0 -9999.0 -9999.0 -9999.0 -9999.0 -9999.0 -9999.0 -9999.0 -9999.0 -9999.0 -9999.0 -9999.0 -9999.0 -9999.0 -9999.0 -9999.0 -9999.0 -9999.0 -9999.0 -9999.0 -9999.0 -9999.0 -9999.0 -9999.0 -9999.0 -9999.0 -9999.0
-129333.240811 -197730.781647 -31.002528 -222.112893 -502.979730 -585.092096 -723.620031 -840.056903 -544.522010 -723.860677 -408248.510269 -225964.269384 -116310.949497 -142956.522428 -178788.816268 -109494.876117 -93644.713650 -79410.196885 -86109.247778 -9999.0 -9999.0 -9999.0 -9999.0 -9999.0 -9999.0 -9999.0 -9999.0 -9999.0 -9999.0 -9999.0 -9999.0 -9999.0 -9999.0 -9999.0 -9999.0 -9999.0 -9999.0 -9999.0 -9999.0 -9999.0 -9999.0 -9999.0 -9999.0 -9999.0 -9999.0 -9999.0 -9999.0 -9999.0 -9999.0 -9999.0 -9999.0 -9999.0 -9999.0 -9999.0
-71375.939995 -76224.181064 -86472.908337 -146656.986241 -454.028870 -360.709761 -389.519246 -531.137729 -493616.818853 -252041.188926 -171870.054741 -83687.117519 -80509.537438 -95531.992596 -100549.245968 -74399.869751 -70648.024155 -84292.463011 -9999.0 -9999.0 -9999.0 -9999.0 -9999.0 -9999.0 -9999.0 -9999.0 -9999.0 -9999.0 -9999.0 -9999.0 -9999.0 -9999.0 -9999.0 -9999.0 -9999.0 -9999.0 -9999.0 -9999.0 -9999.0 -9999.0 -9999.0 -9999.0 -9999.0 -9999.0 -9999.0 -9999.0 -9999.0 -9999.0 -9999.0 -9999.0 -9999.0 -9999.0 -9999.0 -9999.0
-67122.440980 -71345.337305 -84144.795669 -109425.074402 -177890.300714 -229093.009111 -166922.967253 -96751.632085 -94498.154977 -92486.116573 -109762.409708 -9999.0 -9999.0 -9999.0 -9999.0 -9999.0 -84099.491933 -383.012440 -407.047569 -663.408134 -841.845637 3126.087679 -9999.0 -9999.0 -9999.0 -9999.0 -9999.0 -9999.0 -9999.0 -9999.0 -9999.0 -9999.0 -9999.0 -9999.0 -9999.0 -9999.0 -9999.0 -9999.0 -9999.0 -9999.0 -9999.0 -9999.0 -9999.0 -9999.0 -9999.0 -9999.0 -9999.0 -9999.0 -9999.0 -9999.0 -9999.0 -9999.0 -9999.0 -9999.0
-81087.816235 -88888.828504 -94868.923093 -99965.300972 -114808.934176 -145468.807049 -9999.0 -9999.0 -9999.0 -9999.0 -9999.0 -9999.0 -9999.0 -9999.0 -9999.0 -9999.0 -9999.0 -9999.0 -9999.0 -9999.0 -9999.0 -9999.0 -9999.0 -9999.0 -9999.0 -9999.0 -9999.0 -9999.0 -9999.0 -9999.0 -9999.0 -9999.0 -9999.0 -9999.0 -9999.0 -9999.0 -9999.0 -9999.0 -9999.0 -9999.0 -9999.0 -9999.0 -9999.0 -9999.0 -9999.0 -9999.0 -9999.0 -9999.0 -9999.0 -9999.0 -9999.0 -9999.0 -9999.0 -9999.0
-58867.822857 -62174.610486 -9999.0 -9999.0 -9999.0 -9999.0 -9999.0 -9999.0 -9999.0 -9999.0 -9999.0 -9999.0 -9999.0 -9999.0 -9999.0 -9999.0 -9999.0 -9999.0 -9999.0 -9999.0 -9999.0 -9999.0 -9999.0 -9999.0 -9999.0 -9999.0 -9999.0 -9999.0 -9999.0 -9999.0 -9999.0 -9999.0 -9999.0 -9999.0 -9999.0 -9999.0 -9999.0 -9999.0 -9999.0 -9999.0 -9999.0 -9999.0 -9999.0 -9999.0 -9999.0 -9999.0 -9999.0 -9999.0 -9999.0 -9999.0 -9999.0 -9999.0 -9999.0 -9999.0
