geotop_simulations/templates/TEST_Venosta_3D_034_template/rec/SoilTemperature0000L0007.old.asc
ncols         252
nrows         194
xllcorner     598250.000000
yllcorner     5144500.000000
cellsize      250.000000
NODATA_value  -9999.0
[rows 56 to 83 of 194, columns 124 to 185 of 252]
2.212775 2.444537 2.823937 2.956894 -0.004040 4.850714 4.169808 4.517114 3.850193 0.812535 -0.005406 -0.013742 -1.006661 -0.004815 2.460851 3.687509 4.599509 5.549898 6.118158 6.043851 5.326139 -0.011283 -0.005145 1.657893 3.257443 4.153841 5.036030 5.866494 8.510665 8.448828 7.941260 5.608046 4.858374 6.744306 6.388228 7.765236 9.748508 12.185376 12.936009 6.738965 6.254247 5.886697 6.005294 6.335369 7.051918 14.418746 8.189643 7.890886 7.320268 6.604323 6.172851 6.001707 10.785758 10.217583 10.190569 9.294241 7.724626 8.702389 9.418914 8.106060 9.126455 9.593120
2.719180 2.962869 3.316690 3.247474 -0.004490 5.314984 4.699705 4.410622 3.254449 -0.001816 -0.010449 -1.150869 -1.008722 -0.004250 3.016587 3.067547 3.626195 4.218423 5.045188 5.158273 3.754257 3.435936 -0.004366 6.237210 7.633937 3.927017 4.852712 5.752890 8.776111 8.957359 8.456343 6.167174 5.506245 4.812352 7.104604 8.198443 10.056599 12.337983 13.513268 7.280093 6.925498 6.768351 6.980460 7.159911 7.759834 8.462288 8.840360 8.559825 7.964893 7.437367 7.346848 7.086143 6.475486 5.779887 5.097910 8.650774 7.587096 9.057733 10.203757 9.722690 10.154799 10.330983
3.355040 3.588551 3.717713 3.533644 -0.003692 -0.010706 4.974043 3.722684 2.441478 -0.003527 -0.020487 -0.981070 -0.393259 -0.003926 -0.057712 -0.002538 2.420079 3.554086 3.773288 3.334980 2.424177 2.891297 4.746541 6.164076 7.424485 9.535535 10.643295 5.501460 6.297238 9.256316 8.928043 6.725631 6.209400 5.558806 7.898440 5.097122 10.430704 12.326784 13.949887 7.715855 7.608289 7.663769 7.927556 8.100978 8.573291 9.210339 9.519334 9.261132 8.777251 8.506210 8.401764 8.024329 7.260474 6.282248 5.279235 4.403353 8.108249 9.261275 10.431624 11.026235 11.166010 10.659692
4.005147 4.071063 4.126540 3.677400 1.604051 -0.006901 5.049576 4.064902 2.115400 -0.013575 -0.027798 -0.902850 -0.013145 -0.009550 -0.005037 -0.006928 -0.005768 2.711475 2.799589 2.921736 3.509642 5.118309 6.344812 7.058511 8.067897 9.820038 10.182063 5.318631 6.039717 6.458643 9.532240 7.262869 6.962511 6.419642 5.899201 5.827066 6.304904 7.023730 7.750847 8.284910 8.420662 8.531360 8.767190 9.042471 9.463544 9.990589 13.614417 10.155172 9.791049 9.540186 9.282370 8.646674 7.119682 6.659092 5.781915 5.012103 4.322145 9.673403 10.565667 10.749165 11.089282 11.158807
4.316092 4.364012 3.808659 2.964628 -0.003028 -0.005753 5.900140 5.475549 3.453470 1.505993 -0.007288 -0.857863 -0.037005 -0.010633 -0.004783 -0.004281 1.259916 4.279849 4.945743 5.554892 5.824334 6.394094 6.957565 7.508508 8.376978 9.268288 9.378951 5.056751 5.766412 6.202756 6.904392 10.084529 9.843978 7.302260 6.849613 6.672371 7.019807 7.625147 8.299014 8.876224 9.174665 9.325007 9.527807 9.861356 10.310945 13.806445 14.243213 16.483783 13.542536 10.374634 9.852559 8.463617 7.648886 6.702883 6.424325 5.472774 4.629222 9.473386 9.660950 8.715154 9.361756 10.989584
0.294325 3.781319 3.000120 1.067853 -0.006662 -0.011613 6.256687 5.717402 3.623924 1.830111 -0.052141 -0.872150 -0.017330 -0.007331 -0.002620 -0.017678 3.143477 5.866488 6.522387 6.594233 6.419835 6.869791 7.507761 7.948682 8.475850 9.138365 9.670166 5.184257 5.814691 5.936596 6.619557 7.245240 10.583968 8.001872 7.734119 7.579113 7.875048 8.373856 8.911646 9.413310 9.730149 15.618224 15.658281 16.009071 16.487871 16.841269 17.462381 17.128135 16.732509 13.675804 9.691211 8.979847 8.142697 7.160290 6.812735 5.747302 4.736131 4.227810 8.987417 9.101805 9.264461 9.853334
3.186245 2.570017 0.753332 -0.006561 5.661889 5.379909 4.635496 3.716835 2.363856 -0.002805 -1.453546 -0.898054 -0.007361 -0.004908 -0.002833 -0.026852 3.387888 5.312480 6.901640 7.573888 7.151409 7.234650 8.285831 8.757975 8.941944 9.498231 10.194427 10.756664 5.866524 6.085316 6.119148 6.689457 9.957092 8.215609 8.397491 8.386262 11.386069 9.061405 9.438482 9.706959 13.832472 13.607535 13.847566 15.424487 15.997166 16.632905 16.988372 17.254181 17.307899 14.180153 13.501996 9.387466 8.527092 7.550340 6.481169 6.044125 5.152120 4.944841 4.997749 10.821589 11.248398 11.191392
2.876888 0.956871 -0.005248 4.502078 5.054078 4.516164 3.210598 2.185339 1.208078 -0.011710 -1.373743 -0.945495 -0.004652 -0.002304 -0.002051 -0.014921 2.047103 4.319079 6.018367 7.411969 7.536734 7.764716 8.785040 9.418544 9.548566 4.553428 5.003995 5.400775 5.540677 5.714458 5.662151 6.091591 6.683809 7.339028 11.076225 11.549267 12.002787 12.561666 9.454952 9.067757 9.042072 8.935437 8.933520 9.130503 9.470708 9.883227 10.337481 16.937612 14.961832 14.799592 13.863082 9.802343 8.983232 7.990307 6.879057 5.807367 5.964523 5.751956 5.550653 5.380464 5.316203 11.914608
2.861353 -0.004510 4.639478 3.607940 3.667507 2.989384 1.936698 1.256900 -1.389248 -0.007694 -0.016003 -0.789849 -0.004821 -0.001895 -0.002479 -0.009917 1.955949 4.110639 6.224822 7.396966 7.560008 7.757172 9.274714 9.789829 4.049060 4.304578 4.591890 4.837185 5.029600 5.262871 5.569636 5.621289 6.178170 6.778020 7.383761 10.850958 8.359232 8.572730 8.678130 8.597930 8.368126 8.153361 8.036212 8.097811 8.348729 8.710765 9.219907 9.815941 10.557366 11.037681 14.357744 10.246888 9.474644 9.049911 7.335609 6.350079 6.779850 6.594863 6.250002 6.072265 5.865774 5.700321
2.703118 -0.005391 4.575410 3.326706 2.503595 0.905720 -0.006669 -0.071007 -0.007522 -0.005832 -0.010695 -0.030872 -0.005292 -0.001909 -0.001881 -0.027393 2.266091 4.070660 5.796248 6.691386 6.683930 7.005935 2.196317 2.940069 7.480751 2.790461 3.135581 3.604423 4.061534 4.355983 4.762933 5.290142 5.876804 6.174722 6.683299 7.214333 7.705886 8.029971 8.105152 7.928370 7.627591 7.351468 7.143295 7.078809 7.253365 7.647908 8.252348 8.835611 9.413427 10.655716 14.925727 14.363889 13.721659 9.561157 8.553251 7.750738 7.518120 7.412551 7.057752 6.775237 6.522265 6.284932
2.495413 1.051921 5.339830 4.971636 3.819774 2.081302 -0.020271 -0.008374 -0.006231 -0.006027 -0.006937 -0.005885 -0.002017 -0.067670 -0.017439 -0.006592 2.769045 4.082157 4.757029 4.705953 4.385312 4.681948 5.081967 5.585794 5.567802 5.637439 6.022106 6.494130 3.012552 7.051712 8.657318 10.012981 5.539449 6.011897 6.017733 6.478708 6.914804 7.198504 7.259268 7.107413 6.795536 6.420583 6.141795 6.137135 6.357390 11.699259 8.095722 8.508941 8.636979 9.780411 10.886781 14.761866 14.016682 10.086207 9.137315 8.359175 8.197494 8.157778 7.901466 7.558231 7.207450 6.933924
-0.003681 0.951443 -0.003341 6.533650 6.171947 4.687127 2.166884 -0.054364 -0.007906 -0.007147 -0.002385 -0.002083 -0.004749 1.241073 -0.004529 -0.001717 2.736145 2.990058 2.615327 2.462759 2.716142 3.142394 3.922043 4.495203 4.470235 4.804258 5.320288 5.792016 6.114472 7.385935 9.448417 10.453799 5.393116 5.735832 5.950350 5.890900 6.165018 6.395352 6.463996 6.338692 6.177056 5.628369 5.582473 5.911771 11.568384 13.520312 8.232389 8.172043 8.652631 8.862543 10.560794 14.953661 14.358354 13.429587 9.689674 9.010150 8.887902 8.832917 8.660591 8.347336 7.915441 7.587491
-0.009452 -0.015023 1.419120 7.419342 6.755646 5.035271 3.561906 1.787167 -0.004577 -0.003423 -0.003469 -0.015893 2.570779 3.955362 3.674547 1.338971 1.623872 0.804089 -0.019835 -0.009926 -0.002261 2.524495 3.664293 4.703869 5.311629 5.549113 5.800116 5.996778 6.362516 7.762940 8.911834 9.174184 4.601069 5.137326 5.330825 5.601368 5.754996 5.981812 6.129118 5.993056 5.713245 5.463422 5.445545 6.097557 12.528601 13.570959 14.198515 8.404563 8.447223 8.819568 10.080830 10.838459 8.156296 14.165195 13.162663 9.712498 9.572995 9.478924 9.329316 9.055721 8.623720 8.252492
-0.027017 -0.028852 -0.030836 4.815832 4.344477 3.719519 3.576794 2.215194 -0.052118 -0.006854 -0.002006 2.607639 3.846075 4.860827 5.179891 2.956734 0.873398 -0.002335 -1.292591 -0.081535 2.365825 4.195773 5.467882 6.545353 7.501671 7.304585 7.608047 7.537809 7.249662 7.630224 7.644990 8.174249 9.804020 10.408012 4.806782 5.194542 5.403784 5.531107 5.481371 5.204654 4.998806 4.874421 5.032618 10.797155 12.203555 13.112938 14.266799 8.412437 9.007054 9.085050 9.693895 10.434036 6.213513 5.927176 14.081423 10.367500 10.189475 10.100225 9.962375 9.720060 9.347460 8.943238
-0.019905 -0.028584 2.725050 2.709922 2.431334 1.771984 1.959548 -0.003816 -0.038737 -0.003624 3.655158 3.613150 4.527467 5.927934 5.882327 4.561109 2.918553 1.250374 2.650234 4.486171 5.902142 7.017072 7.540036 8.075272 8.593833 8.151457 7.730569 7.343680 6.374821 5.897183 6.439001 8.871370 10.646650 10.166812 4.294150 4.585780 4.694029 4.535666 4.456434 7.196211 3.936336 4.120793 8.824148 10.645004 12.096707 13.928641 15.680250 17.169500 9.365984 9.754025 9.341006 9.519905 3.635750 5.877688 5.944319 13.467038 10.635016 10.549138 14.826600 14.397428 14.043226 13.617362
1.871499 -0.006966 4.748764 3.569524 2.074052 -0.002595 -0.003936 -0.207629 -0.067615 3.338420 4.664183 4.888743 5.853725 6.884975 6.622804 5.672976 4.607413 3.641235 4.322166 5.769786 6.740593 7.665412 8.278843 8.859921 9.310613 8.884723 7.315038 5.628761 4.510482 5.503779 7.961996 10.093248 10.073847 8.974316 2.510230 3.386049 3.125232 6.733509 6.569692 6.956135 8.434045 10.070673 11.160787 12.209072 13.544272 15.351190 16.649531 8.798592 9.204655 8.923256 8.522755 8.522332 8.756726 9.050335 9.320228 9.302131 12.931712 9.358130 9.188858 12.862976 13.237245 14.161798
2.577505 1.313094 -0.006174 -0.026802 3.308610 1.860835 -0.006108 -0.006754 -0.005007 4.431748 5.473451 6.097644 6.723196 7.647843 7.060636 6.279750 6.805304 6.189669 6.213349 6.921081 7.630365 8.155226 8.878715 9.714138 9.788197 8.644176 5.870920 3.910379 3.823248 6.994500 8.984014 9.340490 8.453391 7.291070 6.369449 5.513090 5.183579 5.295424 6.441299 9.063657 10.889817 11.503682 12.015676 12.754494 14.128525 7.459538 7.996383 8.544481 8.179963 7.602844 7.584718 7.654290 7.817524 7.916146 8.260143 8.307722 8.247237 8.341849 8.284924 8.088685 8.019576 8.272795
2.695352 1.625573 -0.008403 -0.010778 3.881623 2.295901 -0.051561 -0.011095 3.165597 4.624908 5.290843 5.936789 6.527883 7.273178 7.218113 6.947110 7.724193 8.236369 7.470513 7.916063 8.475392 8.605925 9.492570 10.283907 9.892623 2.334191 5.333494 4.012280 4.641113 6.755500 6.923633 5.827254 5.384323 4.710673 4.097739 3.834800 4.652818 6.463292 8.801908 10.298333 11.117761 11.902623 12.670786 6.444609 7.050996 7.620345 8.053567 7.724203 6.870126 6.576123 6.489659 6.589757 6.783654 7.023296 7.340029 7.310269 7.151097 7.294448 7.354679 7.260601 7.197213 7.487295
2.603203 0.711910 -0.010923 -0.021299 -0.033031 1.416500 -0.006305 -0.003310 -0.012445 3.050463 3.924714 4.238168 5.034492 5.693652 6.219391 7.927711 8.804895 9.006232 8.607305 8.485601 9.086470 9.385506 9.930652 10.578490 3.364775 2.427808 -0.003321 5.121383 6.181620 7.327283 6.072508 3.851332 2.735840 2.247887 1.539739 1.324678 4.042631 7.077108 8.732709 9.375836 9.998025 10.821059 11.873611 14.118219 6.716147 7.349046 7.146536 6.379642 5.924083 5.605475 9.746102 5.540590 5.530793 5.987826 6.405336 6.412386 6.240875 6.243300 6.361704 6.554345 6.826444 7.240494
0.791318 -0.003357 -0.020128 -0.031087 2.329824 -0.005252 -0.010418 -0.003073 1.259537 2.321379 3.040174 3.545414 4.757474 5.534560 6.335255 8.176708 9.906715 2.472028 9.745182 9.111840 9.506273 10.092016 10.429307 3.684096 3.573284 2.678048 6.521302 6.543318 6.999925 7.805939 7.177162 5.714261 4.108871 1.932891 -0.007508 2.882492 5.428678 5.723640 5.485898 6.465992 8.345924 10.715699 13.146007 15.535401 6.573073 6.469250 5.667006 5.323659 5.235857 4.839246 10.719235 12.270883 5.656767 5.685040 5.523644 5.522812 5.418422 5.503593 5.731445 6.773355 7.074664 6.656886
-0.004108 0.885754 -0.023698 -0.027212 2.821461 2.609126 3.538746 3.618037 3.156385 2.361557 -0.005094 2.175067 4.221846 4.292676 5.312368 7.535418 8.821804 1.321921 2.522263 3.405626 3.491090 3.691198 3.875488 3.939324 3.702664 2.917120 7.631230 7.785626 7.784162 8.065998 7.221019 6.011317 5.853829 5.322159 6.148843 7.557343 7.623389 6.523495 5.436673 6.773293 9.733463 12.756785 14.633919 5.882787 6.195968 5.212019 4.559129 8.051944 8.453481 9.573747 11.773623 13.161169 5.768946 5.447071 5.112826 4.518846 4.725111 5.384691 5.431518 6.789540 7.005016 5.976068
5.703740 -0.002620 -0.011906 -0.026103 4.368557 4.988416 4.924948 3.960626 1.265737 -0.003911 -0.003015 -0.014341 3.589769 3.387484 5.311160 7.798436 8.387702 0.259103 0.654593 2.018076 3.894182 4.040058 4.215084 4.282943 3.883778 3.100256 8.238224 0.986557 -0.005825 6.751575 5.699865 4.006660 3.222950 3.649192 7.073633 8.094962 7.667665 7.110166 8.463779 10.054962 12.074232 14.308284 15.520544 5.604802 4.695595 3.932355 6.913038 6.685132 7.146016 8.708170 11.114747 4.441028 10.970117 4.243967 4.206140 8.781630 10.759039 5.791094 6.356223 6.609460 6.299027 5.196889
5.049071 -0.034829 -0.003112 -0.024623 5.855183 5.847591 4.579248 2.660945 -0.013074 -0.008000 -0.002318 3.095204 4.647296 5.125551 7.442843 8.065271 7.608455 -0.003726 -0.003070 0.391758 1.696699 3.297663 4.445305 4.429406 3.821124 2.953356 -0.005759 -0.005772 -0.015223 5.961649 4.592153 2.693652 -0.003065 -0.004209 4.482078 7.135495 7.993788 7.685680 8.971430 10.665922 12.755919 14.970039 4.718296 3.918836 3.324940 6.488625 6.369389 6.664693 6.712479 7.967366 9.891029 10.050098 8.961547 7.581797 7.887121 10.438543 12.822792 5.888734 6.122719 6.272225 4.878908 4.469616
4.966072 4.873338 4.274710 -0.003302 -0.034783 5.159717 3.895546 1.048958 -0.006624 -0.007691 -0.003178 4.380566 5.799583 6.612549 8.469119 7.074977 6.245537 -0.008536 -0.008137 -0.004808 -0.002877 1.262306 2.706542 4.265992 3.772846 1.026282 -0.006208 -0.006583 -0.011093 7.439042 5.504552 3.254971 2.473624 2.807561 4.930225 6.100017 6.825846 8.019111 9.045904 10.438326 12.531091 14.299098 2.096962 2.405221 2.161320 7.620075 7.941396 7.324531 6.957101 7.733524 8.407877 7.926984 6.681345 6.202419 8.117759 10.995385 13.275473 5.240535 5.655130 4.493454 4.068567 3.907303
4.585556 4.543344 4.226059 -0.054408 -0.051594 3.183435 2.433294 -0.002250 -0.005495 -0.003900 -0.044796 4.771174 5.842454 6.850491 6.105967 5.245974 4.158763 -0.038563 2.949077 3.816685 -0.004277 0.627003 1.480807 3.615580 3.724219 0.930984 -0.007273 -0.008414 -0.013586 6.407139 3.015689 -0.002222 -0.009789 -0.051712 3.043645 4.511762 4.842829 6.928611 8.995976 10.215667 10.121594 8.977324 -0.005015 -0.010134 6.394199 6.855239 6.150671 4.947093 4.782451 5.327486 5.447042 4.861185 4.694682 6.892691 10.331315 12.141873 14.020445 4.810240 4.484430 3.624298 2.972232 2.672216
4.067513 3.742382 3.697080 3.435447 3.241654 2.727934 2.382259 0.417031 -0.048865 -0.003047 -0.004284 5.097497 5.436106 5.506636 4.310311 3.114761 1.988618 0.510975 2.163883 4.745737 7.182194 1.305292 1.486223 3.206043 3.546640 -0.003613 -0.010512 -0.025160 -0.023792 3.506227 1.377435 -0.046223 -0.007417 -0.024374 3.781092 4.440190 4.823409 6.249112 7.664282 8.561651 7.729943 6.327569 -0.032292 5.648651 5.833523 5.541280 5.124192 4.364803 4.264170 4.274209 3.833969 4.038306 6.287514 9.753599 11.863573 13.146691 4.691959 4.786891 3.490672 2.889503 2.194513 2.091253
2.989867 2.852300 2.568019 2.566935 2.137363 1.949148 1.735191 -0.002239 -0.010259 -0.003043 -0.013920 4.604998 4.501264 3.876206 0.516725 -0.030422 -0.927078 -0.012559 4.033958 7.149914 9.611071 2.397731 2.434226 3.555007 3.320092 -0.003774 -0.012556 -0.009519 -0.026947 -0.029428 2.183919 1.598319 3.870092 4.314828 4.655403 4.641045 5.010390 5.899751 6.797582 6.996457 6.024252 5.209761 4.373481 3.883823 4.825678 5.757988 5.186684 5.498355 7.385291 8.035625 8.120368 9.045470 10.343052 11.498469 12.823923 4.468592 4.615074 3.148044 2.744387 1.965795 2.413877 7.237442
-0.011932 -0.005651 -0.002622 -0.006449 -0.010532 -0.005600 -0.124672 -0.008552 -1.513444 -0.004482 0.468667 4.416656 3.372605 -0.001722 -0.008985 -1.177718 -0.096217 3.671953 6.468668 8.332060 10.383008 2.309502 2.691323 3.461141 3.407189 0.172968 -0.004881 -0.003297 -0.005447 5.491370 4.533874 4.181976 5.219712 5.061915 2.745870 -0.002419 2.798121 4.360344 5.205843 4.882019 3.468084 2.910852 2.229054 1.967707 2.436618 2.508958 2.149167 5.242191 8.295384 8.550628 9.085245 10.046016 11.060939 12.292017 3.963040 4.327343 3.917663 2.331837 1.132483 1.311410 1.291220 7.022842
