geotop_simulations/templates/TEST_Venosta_3D_034_template/rec/SoilPressure0000L0006.old.asc
ncols         252
nrows         194
xllcorner     598250.000000
yllcorner     5144500.000000
cellsize      250.000000
NODATA_value  -9999.0
[rows 24 to 47 of 194, columns 110 to 164 of 252]
-1062.544392 -1049.693637 -1057.607502 -1056.162786 -1050.244770 -1025.359235 -990.233615 -970.602315 -969.714839 -981.462568 -1023.293188 -1068.309655 -1085.344993 -1095.067589 -1100.500576 -1093.940456 -1084.027312 -1066.108704 -618.301769 -596.061140 -573.955521 -574.210348 -582.890128 -424.104113 -322.117334 -194.461756 135.936367 162.141810 -2771.597049 -68719.776845 -43457.336757 -38671.953296 -38291.280119 -34439.535077 -9999.0 -9999.0 -9999.0 -9999.0 -9999.0 -9999.0 -9999.0 -9999.0 -9999.0 -9999.0 -9999.0 -9999.0 -9999.0 -9999.0 -9999.0 -9999.0 -9999.0 -9999.0 -9999.0 -9999.0 -9999.0
-711.344139 -1046.386783 -1091.679101 -1087.903956 -681.122834 -1068.452804 -1060.887616 -1051.145244 -1033.218400 -1031.286289 -983.519961 -849.083124 -876.930682 -1017.947920 -966.990809 -584.601168 -589.383686 -581.969420 -558.532229 -553.026810 -557.942950 -542.264013 -495.623750 -460.147247 -399.718448 -335.105338 -258.634258 -115.554574 -66.962237 -60326.912222 -117516.066561 -37815.185503 -66730.829239 -33790.267273 -9999.0 -9999.0 -9999.0 -9999.0 -9999.0 -9999.0 -9999.0 -9999.0 -9999.0 -9999.0 -9999.0 -9999.0 -9999.0 -9999.0 -9999.0 -9999.0 -9999.0 -9999.0 -9999.0 -9999.0 -9999.0
-687.800579 -1021.265309 -1059.135997 -1050.636152 -645.077123 -1028.486782 -1014.773554 -1006.626694 -969.975701 -988.123194 -982.179275 -812.605014 -836.133491 -972.153826 -841.984326 -793.625975 -739.251504 -506.042662 -514.685699 -521.156887 -534.009943 -495.278490 -446.407314 -372.960416 -312.484331 -229.784541 -235.670934 -223.608952 -163.625621 -209471.818359 -181154.049014 -42267.030822 -9999.0 -9999.0 -9999.0 -9999.0 -9999.0 -9999.0 -9999.0 -9999.0 -9999.0 -9999.0 -9999.0 -9999.0 -9999.0 -9999.0 -9999.0 -9999.0 -9999.0 -9999.0 -9999.0 -9999.0 -9999.0 -9999.0 -9999.0
-648.001147 -774.830119 -871.627487 -881.277264 -607.095109 -601.283061 -589.956413 -584.622096 -707.517840 -704.352010 -686.882001 -515.933310 -516.946439 -660.573656 -606.165605 -648.430784 -574.304346 -488.731388 -476.452304 -471.270951 -466.633768 -439.408937 -446.848491 -376.577789 -274.120624 -105.103422 154.166423 135.357764 -71048.868736 -59555.950953 -183444.104233 -123850.194166 -9999.0 -9999.0 -9999.0 -9999.0 -9999.0 -9999.0 -9999.0 -9999.0 -9999.0 -9999.0 -9999.0 -9999.0 -9999.0 -9999.0 -9999.0 -9999.0 -9999.0 -9999.0 -9999.0 -9999.0 -9999.0 -9999.0 -9999.0
-536.131586 -540.074529 -894.753569 -880.424562 -550.540383 -557.535346 -562.012108 -556.115940 -548.021204 -735.144834 -961.034036 -764.338290 -697.193525 -884.150168 -850.006113 -740.797302 -669.919497 -393.699112 -421.963081 -424.830537 -411.984119 -381.587034 -399.218391 -340.804113 -222.534079 497.618795 -263771.971163 -93254.926166 -77411.797107 -68281.314703 -44680.268276 -45794.896226 -9999.0 -9999.0 -9999.0 -9999.0 -9999.0 -9999.0 -9999.0 -9999.0 -9999.0 -9999.0 -9999.0 -9999.0 -9999.0 -9999.0 -9999.0 -9999.0 -9999.0 -9999.0 -9999.0 -9999.0 -9999.0 -9999.0 -9999.0
-487.956519 -522.198815 -541.698569 -533.012216 -496.607925 -499.797997 -502.199882 -503.250380 -499.910368 -742.886705 -727.877650 -561.914530 -722.405878 -966.964107 -442.725628 -354.770319 -611.800078 -253.841378 -335.312152 -254.665238 -382.851949 -354.980242 -77184.492358 -71957.086829 -65258.226245 -71967.812347 -75226.843096 -72538.724700 -49004.680169 -126453.828222 -36719.777461 -9999.0 -9999.0 -9999.0 -9999.0 -9999.0 -9999.0 -9999.0 -9999.0 -9999.0 -9999.0 -9999.0 -9999.0 -9999.0 -9999.0 -9999.0 -9999.0 -9999.0 -9999.0 -9999.0 -9999.0 -9999.0 -9999.0 -9999.0 -9999.0
-465.147238 -481.730804 -504.292498 -506.851126 -507.935626 -458.710962 -448.920618 -455.446837 -448.381591 -455.119464 -438.120231 -362.882421 -680.543934 -520.441924 -362.808245 -258.658274 -162.800929 140.552160 -243.228615 -74.503165 -310.180958 -79997.202767 -53639.735733 -50673.566354 -51847.641643 -65635.494922 -68491.155415 -55292.272750 -115886.649291 -125727.011225 -35099.493864 -9999.0 -9999.0 -9999.0 -9999.0 -9999.0 -9999.0 -9999.0 -9999.0 -9999.0 -9999.0 -9999.0 -9999.0 -9999.0 -9999.0 -9999.0 -9999.0 -9999.0 -9999.0 -9999.0 -9999.0 -9999.0 -9999.0 -9999.0 -9999.0
-428.990106 -430.921427 -468.292157 -472.629333 -498.457061 -445.958941 -436.479082 -445.217985 -424.367560 -434.133552 -406.284109 -289.943949 -322.207193 -423.376830 -265.728990 -29.824329 124.967077 -4567.543829 -139.961611 632.683953 -74078.861961 -57220.431650 -45485.950624 -43387.340990 -44418.779065 -51141.977300 -50776.638199 -37745.509573 -126093.671020 -111324.066398 -34931.871906 -9999.0 -9999.0 -9999.0 -9999.0 -9999.0 -9999.0 -9999.0 -9999.0 -9999.0 -9999.0 -9999.0 -9999.0 -9999.0 -9999.0 -9999.0 -9999.0 -9999.0 -9999.0 -9999.0 -9999.0 -9999.0 -9999.0 -9999.0 -9999.0
-405.147613 -412.583389 -434.778504 -455.822502 -510.600636 -442.780381 -392.275957 -415.179864 -379.653432 -394.523840 -342.835439 -220.334459 -267.992317 -272.288645 -37.879860 -5585.696071 -77398.018137 -66774.774150 -72388.346645 -64749.353780 -39638.837146 -117826.474088 -36697.097250 -32497.575283 -33703.985776 -33746.328648 -34761.320391 -36057.164961 -120457.681626 -38827.669825 -9999.0 -9999.0 -9999.0 -9999.0 -9999.0 -9999.0 -9999.0 -9999.0 -9999.0 -9999.0 -9999.0 -9999.0 -9999.0 -9999.0 -9999.0 -9999.0 -9999.0 -9999.0 -9999.0 -9999.0 -9999.0 -9999.0 -9999.0 -9999.0 -9999.0
-406.348563 -377.088996 -519.938228 -632.922940 -649.668492 -646.658016 -583.765994 -453.074116 -321.100852 -345.858461 -259.037484 -107.812679 -235.224055 -261.228069 -218.643643 -68990.045149 -41558.242720 -45432.729545 -46644.111637 -35118.083111 -37550.331708 -102540.309264 -31478.428039 -28802.751832 -29566.005158 -33478.756602 -33319.268276 -35352.597549 -9999.0 -9999.0 -9999.0 -9999.0 -9999.0 -9999.0 -9999.0 -9999.0 -9999.0 -9999.0 -9999.0 -9999.0 -9999.0 -9999.0 -9999.0 -9999.0 -9999.0 -9999.0 -9999.0 -9999.0 -9999.0 -9999.0 -9999.0 -9999.0 -9999.0 -9999.0 -9999.0
-527.413850 -522.857208 -602.690652 -640.248868 -645.966765 -618.445867 -587.905264 -450.520672 -347.333912 -315.785641 -109.590422 183.731654 170.634790 -24.746023 -82424.887452 -42077.579116 -36691.781879 -37835.706477 -454.826072 -45381.540569 -38332.883958 -34392.704055 -31090.261579 -28985.487106 -30044.112496 -33562.021328 -9999.0 -9999.0 -9999.0 -9999.0 -9999.0 -9999.0 -9999.0 -9999.0 -9999.0 -9999.0 -9999.0 -9999.0 -9999.0 -9999.0 -9999.0 -9999.0 -9999.0 -9999.0 -9999.0 -9999.0 -9999.0 -9999.0 -9999.0 -9999.0 -9999.0 -9999.0 -9999.0 -9999.0 -9999.0
-627.376784 -585.015383 -641.362815 -646.023998 -652.927282 -592.686959 -504.138117 -442.086407 -387.295256 -289.744082 142.901282 -83063.259513 -81926.146383 -64773.085463 -48589.193204 -36964.922154 -404.931712 -161488.780308 -105478.504429 -41415.496124 -124945.838891 -85536.629088 -35062.013214 -33568.091327 -29131.353306 -9999.0 -9999.0 -9999.0 -9999.0 -9999.0 -9999.0 -9999.0 -9999.0 -9999.0 -9999.0 -9999.0 -9999.0 -9999.0 -9999.0 -9999.0 -9999.0 -9999.0 -9999.0 -9999.0 -9999.0 -9999.0 -9999.0 -9999.0 -9999.0 -9999.0 -9999.0 -9999.0 -9999.0 -9999.0 -9999.0
-620.864295 -629.917135 -639.910122 -658.239477 -604.072112 -580.655934 -508.368473 -436.155100 -380.224815 51.772376 -71211.058759 -52948.698352 -46539.577985 -40767.608692 -49836.260550 -59335.265223 -195.919324 151.697683 -13611.533608 -35804.513659 -113842.025136 -78024.276883 -55512.014108 -36657.416106 -31994.770966 -9999.0 -9999.0 -9999.0 -9999.0 -9999.0 -9999.0 -9999.0 -9999.0 -9999.0 -9999.0 -9999.0 -9999.0 -9999.0 -9999.0 -9999.0 -9999.0 -9999.0 -174500.475394 -184224.077389 -178295.452506 -180496.300735 -228594.266680 -9999.0 -9999.0 -9999.0 -9999.0 -9999.0 -9999.0 -9999.0 -9999.0
-622.724586 -615.463982 -639.211599 -663.240797 -389.893704 -344.388197 -286.334813 -173.034103 184.065938 137.050526 -42136.347638 -386.515325 -388.679532 -31862.952173 -184.310326 -71.008290 -326.394740 -212.203512 156.904126 -273.145422 -62263.379860 -145033.010922 -119611.061095 -78460.391885 -35731.663647 -9999.0 -9999.0 -9999.0 -9999.0 -9999.0 -9999.0 -9999.0 -9999.0 -9999.0 -9999.0 -9999.0 -9999.0 -9999.0 -9999.0 -9999.0 -179779.783467 -190422.570400 -192834.462695 -197320.601552 -223956.206715 -260818.422152 -9999.0 -9999.0 -9999.0 -9999.0 -9999.0 -9999.0 -9999.0 -9999.0 -9999.0
-638.832497 -617.308693 -646.100255 -671.320162 -395.391128 -262.652821 162.236018 159.204043 277.828393 -270914.518555 -30414.182685 -168731.200254 -107.360458 -157.836393 -299.485224 -323.267516 -389.038882 -401.884941 -176.169916 -269.206251 -188097.826176 -159428.657823 -110794.921566 -110385.921196 -78862.461357 -9999.0 -9999.0 -9999.0 -9999.0 -9999.0 -9999.0 -9999.0 -9999.0 -9999.0 -9999.0 -9999.0 -9999.0 -9999.0 -9999.0 -193831.876214 -282314.866234 -56802.970578 -53637.243657 -330814.858863 -401215.165220 -678.740349 -581.781782 -9999.0 -9999.0 -9999.0 -9999.0 -9999.0 -9999.0 -9999.0 -9999.0
-654.558260 -644.673918 -660.352821 -672.386759 -468.449459 -295.819398 102.728776 -4175.440498 -72234.996626 -56185.842831 -570.781929 -2646.407475 25.162074 -233.571876 -335.110213 -450.980421 -488.657220 -402.067863 -305.372916 -405.763735 -215348.791969 -176626.478750 -71305.188692 -105510.829761 -77871.429031 -38462.018289 -38514.292321 -42752.502396 -44842.946959 -45270.304859 -47245.254301 -9999.0 -9999.0 -9999.0 -9999.0 -9999.0 -160481.248819 -174704.540637 -236301.026814 -397799.013693 -1759.340788 -1009.595003 -759.118799 -248.999127 -739.829165 -548.679281 -553.654688 -9999.0 -9999.0 -9999.0 -9999.0 -9999.0 -9999.0 -9999.0 -9999.0
-629.995521 -645.563197 -664.560415 -569.983812 -431.535120 -309.164166 130.718419 -74148.487733 -50119.045227 -48770.024129 -1541.408577 176.773491 -74.674058 -324.071638 -449.645188 -522.151114 -528.625925 -423.575542 -352.303728 -348.546965 -1985.370132 -203561.589969 -55033.887107 -104237.806464 -128575.351269 -112471.181595 -46638.102856 -55462.564994 -139770.730344 -163312.894097 -167912.767391 -178663.752724 -178920.754994 -172367.299660 -168949.598895 -194775.362565 -281727.310336 -289215.292273 -287799.058222 -371238.469063 -446.958668 -630.278177 -777.798205 -709.993085 -626.059900 -622.286149 -575.571365 -164318.782410 -9999.0 -9999.0 -9999.0 -9999.0 -9999.0 -9999.0 -9999.0
-642.401386 -665.965846 -675.092354 -553.811386 -348.538231 139.674771 -257563.805504 -62014.000547 -404.827691 -25832.315924 36.974288 -114.580189 -217.212472 -382.454979 -499.530836 -556.805841 -555.335682 -481.969411 -378.108790 -275.513914 -216.462300 -58380.579568 -56305.493251 -59823.784962 -133745.288562 -43843.633203 -59803.922344 -58945.867252 -55092.902817 -166039.156353 -285493.688111 -12655.058133 -4530.409497 -10919.670763 -367914.033913 -267468.818459 -291348.287989 -392188.938117 -4065.076773 -443.911659 -453.925671 -536.503061 -667.903638 -731.726605 -705.762050 -691.494145 -663.020283 -592.853512 -630.381227 -9999.0 -9999.0 -9999.0 -9999.0 -9999.0 -9999.0
-669.538168 -684.838474 -692.457889 -385.181901 -364.961229 -163.442438 -59.469493 -123.130616 -294.394508 -218.552501 -201.399350 -221.091234 -365.568637 -454.436255 -539.585587 -572.670640 -581.264918 -496.943676 -262.670639 293.779256 -9093.286921 -64054.562156 -49231.261294 -45487.172198 -83142.460544 -40768.202156 -64531.818466 -68244.556781 -45599.735931 353.485010 -185.316602 -309.416940 -473.707705 -582.172747 -895.080706 -1517.280416 -19893.479475 -1480.587126 -492.875265 -597.321567 -576.003321 -585.351690 -597.091353 -745.384435 -714.933296 -722.113890 -610.052820 -505.356789 -493.452040 -9999.0 -9999.0 -9999.0 -9999.0 -9999.0 -9999.0
-678.927536 -695.024661 -429.048740 -196.565888 -3033.029228 -254.707816 -331.711674 -143.467509 -355.024324 -353.570255 -322.815905 -384.389002 -470.054716 -528.453722 -558.950060 -585.672101 -585.401731 -464.332952 -369.530966 -323.516678 -75321.074818 -125809.489861 -41165.148383 -39498.989790 -41433.308892 -38536.303711 -52959.558225 -66628.354542 -65968.904693 817.869662 -100.628328 -324.993878 -502.860365 -721.946081 -803.029148 -784.391689 -681.581552 -639.808343 -630.943999 -603.328890 -616.351617 -623.304003 -644.208415 -596.590744 -763.231711 -598.563943 -560.693928 -1094.908031 -2621.170779 -9999.0 -9999.0 -9999.0 -9999.0 -9999.0 -9999.0
-680.593366 -832.768739 -343.967730 -767.625329 151.391777 146.885144 -309068.539546 -55673.246076 -251.313566 -310.815078 -369.829499 -478.513978 -522.120391 -543.249221 -591.034794 -633.328965 -553.563579 -443.649230 -347.452037 -77041.867204 -53783.154138 -55809.277293 -49476.674293 -47404.249529 -126762.656977 -39660.501805 -38849.839505 -50838.026868 -73181.547984 -96408.288908 -23638.082193 -737.353622 -96.292739 -394.521860 -635.270621 -610.816866 -593.194695 -574.596288 -610.489984 -621.920927 -647.975169 -638.569109 -664.857874 -631.230986 -744.086477 -4227.539939 -8214.511431 -2891.401579 -9999.0 -9999.0 -9999.0 -9999.0 -9999.0 -9999.0 -9999.0
-684.033037 -691.831708 -533.851266 -466.425085 -340.878063 -211.334382 -52305.866352 -2691.333708 -240.653121 -292.028063 -354.065102 -443.134021 -530.276993 -555.721234 -598.174971 -647.460240 -593.929869 -374.150828 -261.325139 -67982.882315 -57767.239933 -49074.099983 -30828.336598 -54766.217338 -163309.748112 -107698.547960 -38575.788882 -64869.375577 -121597.965278 127.305493 -215.565593 -291.981265 -381.549205 -445.241763 -562.467319 -649.843873 -627.201393 -612.814139 -621.318320 -638.880121 -655.763264 -646.611153 -678.176313 -658.478368 -878.470833 -6951.970954 -320110.703840 -11516.246494 -9999.0 -9999.0 -9999.0 -1048.571950 -2090.449982 -2370.750562 -441246.408976
-693.334592 -518.372823 -416.652984 -675.702705 -316.989904 -246.647025 -129.099645 -200.991431 -292.652156 -267.254024 -287.465129 -340.055860 -411.834186 -437.126893 -438.631347 -493.678014 -985.800399 -548.675593 -434.593184 -413.391651 -291.794249 133.960232 -186152.954617 -56660.173618 -174817.673198 -143458.937209 -45464.316611 -50096.345801 116.244037 -326.873183 -389.518115 -467.423430 -462.725945 -533.937146 -591.131394 -656.534082 -658.539055 -636.374213 -645.545813 -655.159539 -665.180683 -657.395307 -873.035385 -673.775429 -902.152879 -903.816721 -365528.828585 -310546.441346 -9999.0 -2344.986754 -650.497567 -734.557236 -749.286151 -847.539196 -601.391116
-706.810229 -541.076130 -187.899904 -274.358297 167.726103 132.264402 -42561.238954 -7962.192929 177.350774 179.144434 -79.727209 -167.533198 -286.877848 -419.332375 -437.772341 -513.070572 -625.012722 -539.260665 -528.449222 -492.638531 -374.536336 -131.609375 873.080477 -164180.324204 -169186.808903 -147233.161759 -57157.460145 -45367.180656 -32.329629 -302.424108 -361.787640 -454.983233 -525.152457 -579.168969 -621.456276 -663.004564 -792.365069 -680.865314 -669.332851 -674.335318 -675.204902 -675.777831 -695.602308 -682.356140 -664.563163 -919.452380 -713.193506 -324.742876 -482.584496 -556.745176 -629.650181 -645.466219 -648.154118 -641.574834 -590.002643
