geotop_simulations/templates/TEST_Venosta_3D_034_template/rec/SoilTemperature0000L0001.asc
ncols         252
nrows         194
xllcorner     598250.000000
yllcorner     5144500.000000
cellsize      250.000000
NODATA_value  -9999.0
[rows 84 to 111 of 194, columns 0 to 61 of 252]
-9999.0 -9999.0 -9999.0 -9999.0 -9999.0 -9999.0 -9999.0 -9999.0 -9999.0 -9999.0 -9999.0 -9999.0 -9999.0 -9999.0 -9999.0 -9999.0 -9999.0 -9999.0 -9999.0 -9999.0 -9999.0 -9999.0 -9999.0 -9999.0 -9999.0 -9999.0 -9999.0 -9999.0 -9999.0 -9999.0 -9999.0 -9999.0 -9999.0 3.261210 3.207880 3.050399 0.633621 2.342189 1.888251 1.797362 1.409485 0.704134 0.460882 -0.027867 0.010098 0.628758 -0.027542 1.311518 0.372894 1.564120 0.826772 2.026298 3.331656 3.692713 3.724707 3.592778 3.327792 3.273019 4.187139 4.664172 5.371461 6.128155
-9999.0 -9999.0 -9999.0 -9999.0 -9999.0 -9999.0 -9999.0 -9999.0 -9999.0 -9999.0 -9999.0 -9999.0 -9999.0 -9999.0 -9999.0 -9999.0 -9999.0 -9999.0 -9999.0 -9999.0 -9999.0 -9999.0 -9999.0 -9999.0 -9999.0 -9999.0 -9999.0 -9999.0 -9999.0 -9999.0 -9999.0 -9999.0 0.815802 1.208965 1.362545 1.256720 1.050420 3.351974 2.853189 2.690359 2.040824 0.671861 -0.030929 -0.047388 -0.106440 -0.048665 -0.032748 -0.027698 0.011160 0.855649 2.084463 1.114248 2.808947 3.797850 3.859542 3.853482 4.024585 3.897894 3.833767 4.586365 5.313286 6.020209
-9999.0 -9999.0 -9999.0 -9999.0 -9999.0 -9999.0 -9999.0 -9999.0 -9999.0 -9999.0 -9999.0 -9999.0 -9999.0 -9999.0 -9999.0 -9999.0 -9999.0 -9999.0 -9999.0 -9999.0 -9999.0 -9999.0 -9999.0 -9999.0 -9999.0 -9999.0 -9999.0 -9999.0 -9999.0 -9999.0 -9999.0 0.206301 0.475627 0.861329 1.296227 1.471045 1.387927 1.266296 3.836219 0.956009 2.416962 1.119281 0.302467 -0.031929 -0.047407 -0.030705 0.181982 0.457597 0.935686 1.718024 2.706500 1.177102 2.595579 3.571201 3.997673 4.085824 4.164479 4.463144 4.612492 4.820986 5.360034 6.112155
-9999.0 -9999.0 -9999.0 -9999.0 -9999.0 -9999.0 -9999.0 -9999.0 -9999.0 -9999.0 -9999.0 -9999.0 -9999.0 -9999.0 -9999.0 -9999.0 -9999.0 -9999.0 -9999.0 -9999.0 -9999.0 -9999.0 -9999.0 -9999.0 -9999.0 -9999.0 -9999.0 -9999.0 -9999.0 -9999.0 -9999.0 -0.029822 -0.032478 0.029104 0.665478 1.227416 1.468182 1.472768 1.461796 1.191597 0.782547 0.368512 0.536373 0.137474 0.242344 0.653699 1.205392 1.551685 1.939300 2.454551 1.462957 1.548678 2.128686 2.551060 3.041361 3.941947 4.341278 4.558613 4.814258 5.083702 5.375065 5.811801
-9999.0 -9999.0 -9999.0 -9999.0 -9999.0 -9999.0 -9999.0 -9999.0 -9999.0 -9999.0 -9999.0 -9999.0 -9999.0 -9999.0 -9999.0 -9999.0 -9999.0 -9999.0 -9999.0 -9999.0 -9999.0 -9999.0 -9999.0 -9999.0 -9999.0 -9999.0 -9999.0 -9999.0 -9999.0 -9999.0 -9999.0 0.321981 -0.060991 -0.063563 -0.028312 0.227804 0.837393 1.363363 2.615912 2.353984 0.972328 0.448124 0.213930 0.441664 0.586874 0.767998 1.305668 1.833230 1.358873 1.585125 1.639844 1.745589 2.120499 2.624327 2.735638 3.018357 2.957189 3.858135 4.314551 4.435195 4.965404 5.081016
-9999.0 -9999.0 -9999.0 -9999.0 -9999.0 -9999.0 -9999.0 -9999.0 -9999.0 -9999.0 -9999.0 -9999.0 -9999.0 -9999.0 -9999.0 -9999.0 -9999.0 -9999.0 -9999.0 -9999.0 -9999.0 -9999.0 -9999.0 -9999.0 -9999.0 -9999.0 -9999.0 -9999.0 -9999.0 -9999.0 -9999.0 0.170362 0.043854 0.598272 1.284790 -0.035328 -0.025243 0.577121 2.620345 2.588787 1.238456 0.754969 0.486982 0.832967 0.636205 0.640532 1.187298 0.880700 1.189034 1.502932 1.663985 1.720365 2.237907 2.170404 1.546032 1.675849 1.740270 2.193602 2.789033 3.963157 4.267986 4.622511
-9999.0 -9999.0 -9999.0 -9999.0 -9999.0 -9999.0 -9999.0 -9999.0 -9999.0 -9999.0 -9999.0 -9999.0 -9999.0 -9999.0 -9999.0 -9999.0 -9999.0 -9999.0 -9999.0 -9999.0 -9999.0 -9999.0 -9999.0 -9999.0 -9999.0 -9999.0 -9999.0 -9999.0 -9999.0 -9999.0 -9999.0 -9999.0 -0.041512 -0.030204 0.387084 1.263092 -0.033903 -0.025524 1.060216 2.748738 1.565659 1.169004 0.762203 0.580891 0.626755 0.424672 0.833685 1.718648 0.994897 1.321706 1.538372 1.608514 1.688698 1.643642 1.480753 1.489780 1.523781 1.794890 2.514480 3.714375 4.183755 4.686147
-9999.0 -9999.0 -9999.0 -9999.0 -9999.0 -9999.0 -9999.0 -9999.0 -9999.0 -9999.0 -9999.0 -9999.0 -9999.0 -9999.0 -9999.0 -9999.0 -9999.0 -9999.0 -9999.0 -9999.0 -9999.0 -9999.0 -9999.0 -9999.0 -9999.0 -9999.0 -9999.0 -9999.0 -9999.0 -9999.0 -9999.0 -9999.0 -9999.0 -0.196117 -0.026554 1.113369 -0.035462 -0.031600 0.347588 2.750350 1.786956 1.490810 1.089196 0.776099 0.823799 0.601839 0.428963 1.082231 0.764653 1.104243 1.342352 1.537390 1.728652 1.920579 2.018095 2.185636 2.582363 3.089011 3.678538 4.214452 4.550115 4.835487
-9999.0 -9999.0 -9999.0 -9999.0 -9999.0 -9999.0 -9999.0 -9999.0 -9999.0 -9999.0 -9999.0 -9999.0 -9999.0 -9999.0 -9999.0 -9999.0 -9999.0 -9999.0 -9999.0 -9999.0 -9999.0 -9999.0 -9999.0 -9999.0 -9999.0 -9999.0 -9999.0 -9999.0 -9999.0 -9999.0 -9999.0 -9999.0 -9999.0 -0.326540 -0.025652 1.391001 2.590351 -0.030896 -0.024305 0.985502 2.957112 1.766443 1.420752 1.032259 1.231657 0.808914 0.391041 0.389875 1.164880 0.920112 1.306898 1.787744 2.075866 2.209142 2.356260 2.613117 2.969878 3.238896 3.848966 4.306577 4.698597 5.056952
-9999.0 -9999.0 -9999.0 -9999.0 -9999.0 -9999.0 -9999.0 -9999.0 -9999.0 -9999.0 -9999.0 -9999.0 -9999.0 -9999.0 -9999.0 -9999.0 -9999.0 -9999.0 -9999.0 -9999.0 -9999.0 -9999.0 -9999.0 -9999.0 -9999.0 -9999.0 -9999.0 -9999.0 -9999.0 -9999.0 -9999.0 -9999.0 -9999.0 -0.043051 0.469929 1.631242 2.365650 -0.030598 -0.030911 -0.022931 2.791792 2.021632 1.726936 1.327095 0.916235 0.915795 0.797425 0.770258 1.344176 2.057075 1.742173 2.072900 2.227297 2.358837 2.509982 2.691324 2.890565 3.551684 4.155080 4.757588 5.197135 5.399168
-9999.0 -9999.0 -9999.0 -9999.0 -9999.0 -9999.0 -9999.0 -9999.0 -9999.0 -9999.0 -9999.0 -9999.0 -9999.0 -9999.0 -9999.0 -9999.0 -9999.0 -9999.0 -9999.0 -9999.0 -9999.0 -9999.0 -9999.0 -9999.0 -9999.0 -9999.0 -9999.0 -9999.0 -9999.0 -9999.0 -9999.0 -9999.0 -9999.0 -0.044243 0.354149 1.252650 1.773971 2.517227 3.603944 -0.033077 1.146587 2.114188 2.700054 1.606909 1.223135 0.899728 1.312717 1.621129 2.224130 2.826081 3.213724 2.155618 2.340197 2.418476 2.607688 2.886025 3.140842 3.871224 4.648604 5.367348 5.795806 5.992129
-9999.0 -9999.0 -9999.0 -9999.0 -9999.0 -9999.0 -9999.0 -9999.0 -9999.0 -9999.0 -9999.0 -9999.0 -9999.0 -9999.0 -9999.0 -9999.0 -9999.0 -9999.0 -9999.0 -9999.0 -9999.0 -9999.0 -9999.0 -9999.0 -9999.0 -9999.0 -9999.0 -9999.0 -9999.0 -9999.0 -9999.0 -9999.0 -9999.0 -0.065795 -0.026286 0.475504 1.442570 2.779914 -0.024532 -0.028645 0.643756 2.102397 3.013855 2.564694 1.908679 1.299315 1.316133 2.325375 2.922124 3.575304 2.189301 3.913428 2.561807 2.868515 3.090195 3.392422 3.542145 3.927377 5.011945 5.951092 6.394386 6.559425
-9999.0 -9999.0 -9999.0 -9999.0 -9999.0 -9999.0 -9999.0 -9999.0 -9999.0 -9999.0 -9999.0 -9999.0 -9999.0 -9999.0 -9999.0 -9999.0 -9999.0 -9999.0 -9999.0 -9999.0 -9999.0 -9999.0 -9999.0 -9999.0 -9999.0 -9999.0 -9999.0 -9999.0 -9999.0 -9999.0 -9999.0 -9999.0 -9999.0 -0.060113 -0.034782 0.321674 1.817569 2.908155 -0.024433 0.079761 0.516977 1.941660 3.352814 2.985903 2.429968 1.749472 1.661015 3.241137 3.900465 2.417634 2.848170 4.567103 3.146383 3.418761 4.362856 3.976112 4.170347 4.249999 5.081277 6.262383 6.876411 7.110085
-9999.0 -9999.0 -9999.0 -9999.0 -9999.0 -9999.0 -9999.0 -9999.0 -9999.0 -9999.0 -9999.0 -9999.0 -9999.0 -9999.0 -9999.0 -9999.0 -9999.0 -9999.0 -9999.0 -9999.0 -9999.0 -9999.0 -9999.0 -9999.0 -9999.0 -9999.0 -9999.0 -9999.0 -9999.0 -9999.0 -9999.0 -9999.0 -9999.0 -0.047390 -0.020091 0.501616 1.899467 -0.036307 -0.025049 0.395481 0.778134 1.566976 2.630109 3.395418 2.964566 2.504168 2.264120 2.203050 2.559584 3.135353 3.528300 3.581582 3.645749 4.000188 4.737513 4.979106 4.782196 5.078148 5.597418 6.402488 7.191683 7.556814
-9999.0 -9999.0 -9999.0 -9999.0 -9999.0 -9999.0 -9999.0 -9999.0 -9999.0 0.454127 0.309583 -9999.0 -9999.0 -9999.0 -9999.0 -9999.0 -9999.0 -9999.0 -9999.0 -9999.0 -9999.0 -9999.0 -9999.0 -9999.0 -9999.0 -9999.0 -9999.0 -9999.0 -9999.0 -9999.0 -9999.0 -9999.0 -9999.0 -0.511277 -0.029594 0.745524 1.889521 -0.031506 -0.026065 0.201234 0.602126 0.837652 2.192286 3.777895 3.511516 3.085518 2.814984 2.735730 3.150021 3.733283 4.145946 4.139009 4.140410 4.575353 5.152863 5.377112 5.605320 4.923723 5.280549 5.814619 6.335970 6.550002
-9999.0 -9999.0 -9999.0 -9999.0 -9999.0 -9999.0 -9999.0 -9999.0 -9999.0 0.887616 0.842590 0.540816 0.063630 -0.030034 0.371914 -0.001367 -9999.0 -9999.0 -9999.0 -9999.0 -9999.0 -9999.0 -9999.0 -9999.0 -9999.0 -9999.0 -9999.0 -9999.0 -9999.0 -9999.0 -9999.0 -9999.0 -9999.0 -0.032774 0.185036 0.659419 1.220704 1.824424 2.497164 -0.005158 0.483312 1.695987 2.233575 3.720936 3.774915 3.625332 3.339618 3.133653 3.546919 4.218318 4.663774 4.655419 4.577991 5.024700 5.543461 5.790829 5.264381 5.350822 5.732410 6.363399 6.728631 6.774701
-9999.0 -9999.0 -9999.0 -9999.0 -9999.0 -9999.0 -9999.0 -9999.0 -9999.0 0.934004 0.980334 1.073257 1.060546 -9999.0 -9999.0 -9999.0 -9999.0 -9999.0 -9999.0 -9999.0 -9999.0 -9999.0 -9999.0 -9999.0 -9999.0 -9999.0 -9999.0 -9999.0 -9999.0 -9999.0 -9999.0 -9999.0 -9999.0 -9999.0 0.574269 0.990620 1.271782 1.416222 1.745691 2.422186 0.558969 1.634353 1.435940 3.262447 4.167584 4.144302 3.883494 3.555480 3.599767 4.384973 5.051219 5.143947 4.980204 5.191759 5.699290 6.129569 5.687202 5.681506 6.066995 6.549362 6.832513 4.983134
-9999.0 -9999.0 -9999.0 -9999.0 -9999.0 -9999.0 -9999.0 -9999.0 -9999.0 0.438921 0.875998 1.081306 1.258316 -9999.0 -9999.0 -9999.0 -9999.0 -9999.0 -9999.0 -9999.0 -9999.0 -9999.0 -9999.0 -9999.0 -9999.0 -9999.0 -9999.0 -9999.0 -9999.0 -9999.0 -9999.0 -9999.0 -9999.0 -9999.0 0.540009 0.990757 1.525090 1.988244 2.474401 3.023038 0.991153 1.829061 1.580760 2.395136 4.244645 4.479932 4.445648 4.230657 4.002770 4.300436 5.164333 5.403423 4.856886 4.453149 5.756661 6.513908 6.549853 5.886079 6.169134 6.519968 3.650800 4.735325
-9999.0 -9999.0 -9999.0 -9999.0 -9999.0 -9999.0 -9999.0 -9999.0 -9999.0 0.691954 1.086693 1.157626 1.309821 1.635628 1.771940 -9999.0 -9999.0 1.339205 1.548255 1.633279 1.611063 1.592951 1.359257 -9999.0 -9999.0 -9999.0 -9999.0 -9999.0 -9999.0 -9999.0 -9999.0 -9999.0 -9999.0 -9999.0 -9999.0 0.122721 1.114127 2.048231 2.750470 0.954158 1.264225 2.070118 2.143524 2.419695 3.871898 4.680108 4.799537 4.768973 4.544601 4.326275 4.907245 5.704413 5.369482 5.361310 5.220404 6.653659 6.543797 6.586913 6.431312 3.966148 5.086920 6.061645
-9999.0 -9999.0 -9999.0 -9999.0 1.168066 1.200178 0.982262 1.172653 1.700034 1.856067 1.805464 1.106698 1.118479 1.175961 1.221181 1.167823 -9999.0 1.405115 1.641938 1.742146 1.721599 1.680040 1.562558 -9999.0 -9999.0 -9999.0 -9999.0 -9999.0 -9999.0 -9999.0 -9999.0 -9999.0 -9999.0 -9999.0 -9999.0 0.168473 0.800399 1.699197 0.016350 0.558763 0.990097 1.878909 1.021513 0.525636 2.831992 4.233342 4.972228 5.021404 5.118099 5.023079 5.036588 5.623186 6.230876 5.706457 5.726523 5.816488 8.542900 8.819800 3.858930 4.920827 5.781685 4.872465
-9999.0 -9999.0 -9999.0 2.001696 2.065852 2.055909 1.929676 2.254879 2.686785 2.712490 2.567982 1.473231 1.512930 1.512668 1.460996 1.332889 1.281305 1.301100 1.593385 1.861428 1.913273 1.881231 1.866029 1.817624 1.637786 1.565338 -9999.0 -9999.0 -0.006778 1.265450 1.291818 0.162344 0.055236 -9999.0 -9999.0 -9999.0 0.571356 1.222188 1.928386 -0.023921 0.288843 0.428726 1.725087 1.944082 2.061636 3.048154 4.529162 5.262336 4.923803 4.982394 4.995018 5.077987 6.347003 6.116931 6.234418 6.327857 8.505347 3.715414 4.760283 5.499151 4.669040 5.870311
-9999.0 -9999.0 -9999.0 1.945251 1.800756 1.674294 1.610908 1.587183 1.617158 1.662016 1.735071 1.791537 1.826353 1.798622 1.666240 1.492740 1.430799 1.352151 1.566779 1.948319 2.120960 2.156854 2.154516 2.130211 1.933973 1.613066 1.315133 1.041436 0.676137 0.210686 -9999.0 -9999.0 -9999.0 -9999.0 -9999.0 -9999.0 -0.027643 0.447784 1.265045 1.785354 -0.023178 1.081141 1.653024 1.931614 2.101549 2.330684 2.940138 4.524850 5.604934 5.188041 5.340709 5.451133 6.055505 6.157335 6.238197 6.230856 4.784906 4.685773 5.529440 4.592061 5.669510 5.091091
-9999.0 -9999.0 -9999.0 2.308963 2.216313 2.114769 2.062859 2.038312 2.038207 1.996415 1.979457 2.021054 2.052560 1.965670 1.816764 1.683016 1.697428 1.647948 1.634952 1.862342 2.180287 2.330950 2.220346 2.131732 1.993200 1.660198 1.204542 0.842344 0.404390 0.041374 0.573315 -9999.0 -9999.0 -9999.0 -9999.0 -9999.0 -0.042883 0.368660 1.351525 1.956199 0.019359 0.318393 0.611549 1.619700 1.869178 2.168842 2.343721 2.730535 4.659762 5.322886 5.755312 5.858693 5.996091 6.115932 6.181869 6.695393 4.581621 5.419630 4.690638 5.741331 5.047460 4.363644
-9999.0 -9999.0 2.670166 2.565880 2.564966 2.504214 2.411665 2.330558 2.345219 2.366008 2.291673 2.205806 2.199820 2.133371 2.055155 2.004927 2.014536 1.989288 1.954196 2.061055 2.266971 2.461516 2.334470 2.087993 1.872674 1.545934 1.037787 0.458818 -0.026599 -0.030473 -0.028763 -9999.0 -9999.0 -9999.0 -9999.0 -9999.0 -0.066777 0.123035 1.100622 1.614171 1.673807 -0.023887 0.053555 0.558642 1.880411 2.359587 3.056691 3.640889 4.600973 5.783742 6.373110 5.998283 6.062761 6.126196 4.643324 4.561733 5.545251 4.624462 5.432987 4.820519 4.133255 3.426115
-9999.0 -9999.0 2.589233 2.608891 2.672560 2.704003 2.759159 2.688871 2.686737 2.721929 2.663991 2.562398 2.491591 2.505357 2.458975 2.389784 2.339943 2.324398 2.311138 2.329149 2.429974 2.660944 2.407582 1.930969 1.590138 1.105948 0.620201 0.171662 -0.032845 -0.047101 -0.043384 -9999.0 -9999.0 -9999.0 -9999.0 -0.578206 -0.083020 -0.027566 0.043286 0.555823 1.061265 1.672707 0.787067 1.200144 2.144363 2.693771 3.326101 3.959320 4.550291 5.599328 5.800320 6.045435 6.076749 4.606883 4.575214 5.692966 6.255530 5.634888 4.846067 4.145956 3.458952 2.771663
-9999.0 -9999.0 2.949998 3.518547 2.594237 2.724861 2.919112 2.931193 3.015829 3.035323 2.958444 2.881071 2.797076 2.852403 2.872672 2.804818 3.865596 2.707508 2.696640 2.607339 2.709586 2.932854 2.987325 2.136745 1.612718 1.258338 0.828583 0.425291 0.234629 0.074378 0.179318 0.220774 -0.031164 -0.088319 -0.316780 -0.065737 -0.035114 -0.001317 0.493868 1.011867 1.665482 0.976405 1.416842 1.760794 2.405065 2.939830 3.533397 4.089377 4.601273 5.425533 6.339640 6.100189 5.604867 3.395650 5.779285 5.261079 5.928501 5.383892 4.708682 4.023335 3.404350 2.773136
-9999.0 -9999.0 1.752616 2.317686 3.228130 2.426427 2.819501 3.011426 3.270514 3.379463 3.365475 3.335411 3.031011 3.142171 3.334479 3.285688 4.368020 3.151979 3.156662 3.067661 3.196286 3.310423 3.241764 2.722249 2.167359 1.649048 1.320976 0.984643 0.666088 0.467132 0.893556 0.848909 0.397303 -0.031010 -0.032563 -0.031078 0.180596 0.642226 1.124698 1.579920 0.729754 1.126375 1.573281 1.917681 2.523781 3.149994 3.846007 4.465708 5.083503 5.771720 6.469340 6.126526 3.420707 4.015620 5.600112 4.880786 5.462761 5.026527 4.544296 3.948358 3.408996 2.770258
-9999.0 -9999.0 0.950219 1.256094 1.900613 2.689973 2.122747 2.714286 3.229254 3.532116 3.630370 3.644845 4.862321 3.577674 4.819298 4.861539 4.856999 3.683649 3.697148 3.633505 3.715500 3.579801 3.550442 3.041284 2.517959 2.026103 1.562939 1.277547 0.986024 0.759303 0.603683 0.373840 0.055942 -0.030681 0.455905 0.570376 0.878502 0.069673 0.327917 0.666760 0.965865 1.301743 1.755929 2.113014 2.802092 3.392936 4.114261 4.802024 4.351378 6.050436 6.652117 4.623579 4.563264 5.724763 5.299357 5.818382 5.042822 4.300444 3.913133 3.619179 3.167034 2.640807
