geotop_simulations/templates/TEST_Venosta_3D_034_template/rec/SoilTemperature0000L0007.old.asc
ncols         252
nrows         194
xllcorner     598250.000000
yllcorner     5144500.000000
cellsize      250.000000
NODATA_value  -9999.0
[rows 84 to 111 of 194, columns 124 to 185 of 252]
-0.011692 -0.013483 -0.052356 -0.005400 2.539445 4.334456 4.070962 -0.002549 -0.018562 -0.007649 3.598318 4.853624 4.698896 4.879462 4.671380 3.682033 4.805485 6.043890 7.172690 8.825852 10.358245 1.870374 2.425194 3.496172 3.327533 1.961148 -0.004246 -0.003294 -0.004942 6.777687 5.491555 5.028521 5.224842 4.500047 0.680861 -0.059751 -0.005260 -0.002822 2.931478 3.140934 1.730987 -0.003293 -0.030433 -0.055276 1.453798 4.162864 4.983901 6.334167 7.304394 8.519093 9.648813 10.521220 11.568749 3.412464 3.672194 3.853314 2.569729 -0.004081 0.315477 -0.003093 -0.002980 7.163278
4.032382 4.707335 5.756470 5.039445 5.311391 5.542768 4.999678 3.413524 -0.003015 2.368712 4.433202 5.144325 5.407075 5.700225 5.449418 4.480738 5.476440 6.663868 7.974986 9.190372 10.602433 1.764425 2.303415 3.530059 3.431952 2.173391 -0.005413 -0.003287 -0.005296 -0.015662 5.643984 5.173088 5.239696 4.233645 -0.003033 -0.006552 4.637227 4.588205 3.575017 -0.002798 -0.086042 -0.008899 -0.006570 -0.014947 4.783829 7.147705 7.118636 7.196409 7.534229 8.771713 10.151422 10.831953 11.729132 3.269427 3.297323 2.433730 1.767958 1.050639 -0.004210 6.547243 6.316641 6.495735
5.125115 6.043935 6.822271 6.677048 6.300111 5.810964 5.101028 4.153634 3.433972 3.832227 4.251261 4.637046 5.250742 5.721188 5.832557 5.661755 6.265687 7.675277 8.661491 9.775432 10.973994 2.253289 2.543199 3.533264 3.059265 2.375652 -0.004852 1.256247 -0.006463 -0.021536 5.685761 5.170677 5.265480 3.961494 1.023860 2.621185 5.247913 5.191580 4.589390 2.714147 -0.015324 -0.004339 4.577993 5.506251 6.527423 6.977789 6.753747 7.323677 9.033310 10.102275 10.787778 11.009363 11.447195 2.991974 2.871618 0.977605 -0.002901 6.391453 -0.005908 5.836329 5.260758 4.637537
6.492846 7.080291 7.520730 7.510209 6.521606 -0.029423 5.122879 4.725403 4.027290 3.113905 4.150688 5.378397 5.780418 6.215615 6.639431 6.750691 6.972819 8.120687 9.213912 1.516031 2.097002 2.460609 1.527158 1.627662 2.186742 2.457812 -0.003960 1.846039 -0.005620 -0.022108 -0.024898 -0.028317 4.920831 3.580008 2.568749 4.494974 5.808456 5.053369 4.086695 3.856198 3.716616 4.612850 5.461262 5.698008 6.314009 6.529432 7.005845 8.252669 9.497744 10.262956 2.115002 2.306394 2.414261 1.838414 1.016162 -0.002907 5.829478 5.320380 5.053512 4.440673 3.573386 3.652639
7.441383 7.757621 7.816263 6.583647 -0.028555 -0.032150 -0.032414 -0.024550 2.491058 0.732833 4.503561 5.664280 5.894830 6.472576 6.971476 7.212770 7.513612 8.491037 1.150873 1.641417 1.172237 1.049544 0.818629 1.099542 1.682076 2.958988 -0.003697 -0.017975 -0.025123 -0.010125 -0.024881 -0.028076 4.803140 4.446691 4.337727 5.337526 5.421565 4.188654 3.108144 1.424940 -0.004149 3.184220 4.744262 4.999952 5.810622 6.646608 7.567987 8.468030 9.263054 1.252362 1.203988 1.029790 8.395136 8.402612 -0.002289 6.299478 5.833645 5.425814 4.917647 3.820025 2.543387 2.999644
8.472041 8.253996 7.696386 -0.003139 -0.023974 -0.015789 -0.016501 -0.013659 4.422714 4.438109 5.494098 5.577021 5.605018 6.341238 7.036889 7.696379 -0.003760 -0.002766 1.036023 0.556923 -0.003065 -0.003152 -0.005522 1.056120 1.432057 2.166912 -0.005105 -0.022513 -0.026501 -0.008855 -0.022314 -0.028482 5.077158 4.869497 4.296487 3.791266 3.147683 1.946123 -0.005410 -0.036386 -0.013893 3.602154 4.911078 5.164614 5.764946 6.769524 7.407351 7.926472 8.685713 0.918389 0.658099 6.697375 6.358015 6.161162 5.642453 -0.007129 5.084914 4.941613 4.471425 3.749818 2.643001 2.650687
8.974153 0.883545 -0.006254 -0.008497 -0.009551 -0.007966 -0.008602 -0.010859 6.074553 5.588387 5.703094 5.968956 6.401700 6.898992 7.545736 -0.002765 -0.003117 -0.003132 -0.003505 -0.005655 -0.029307 -0.013383 -0.004673 0.910346 1.328560 1.378394 -0.030098 -0.036162 -0.014016 -0.038869 -0.040979 -0.042710 -0.045199 3.818325 3.265847 2.820428 2.249985 -0.016342 -0.003955 -0.003626 2.339531 4.312163 4.986481 5.191587 5.625294 6.259315 6.438718 6.740197 7.585543 7.744716 6.707950 6.028455 5.099231 4.523087 4.237790 -0.037094 -0.038227 3.796135 3.366490 3.162039 3.219948 3.629192
0.959667 1.066965 -0.008440 -0.006772 -0.004883 -0.004294 7.161940 7.029615 7.012608 7.169626 6.694079 6.467877 7.281213 7.302763 7.231974 -0.003525 -0.004604 -0.006596 -0.019879 -0.005223 -0.003673 0.491264 -0.004193 0.864681 1.198003 1.285364 -0.029578 -0.034074 -0.036631 -0.035998 -0.027827 -0.011138 -0.068489 -0.131101 2.648874 -0.003122 -0.004943 -0.004838 -0.003538 -0.827024 3.262531 3.958484 4.497059 4.722006 5.020211 5.478158 6.013074 6.681156 7.001660 6.749615 6.020604 5.309889 4.535089 4.245566 3.896647 3.027628 2.444864 1.727927 -0.003152 -0.012267 2.983131 5.044557
1.541235 -0.003793 -0.006786 -0.003475 8.259276 8.417504 -0.003143 -0.003411 -0.003600 -0.003265 7.846202 -0.008372 7.304981 7.085105 5.549481 -0.004037 -0.004332 -0.005300 -0.004654 -0.003715 -0.003580 7.044710 -0.004208 0.599705 1.000096 1.241292 -0.023568 -0.031095 -0.031590 -0.022083 -0.013503 -0.008796 -0.006464 3.312489 1.829062 -0.012876 -0.003644 -0.003368 -0.005779 -0.001765 2.677583 2.981690 3.814451 4.170395 4.700905 5.503115 6.102886 6.440149 5.981731 5.219230 4.811186 4.553790 4.165467 4.129491 3.506021 2.186105 -0.001466 1.906132 3.609410 4.118261 5.167939 5.984315
2.051208 -0.003232 0.783513 1.743214 9.532963 1.653011 1.345541 1.373256 1.328981 1.529395 0.455456 -0.007006 -0.007294 -0.004300 4.526662 4.083201 4.099918 3.568633 3.644524 4.867136 6.253357 7.647501 -0.004374 0.442591 0.801974 1.196711 -0.014520 -0.029128 -0.029714 -0.029620 -0.009196 -0.009498 -0.010533 4.293209 3.151339 -0.004812 -0.501711 -0.042049 -0.000843 3.267285 3.933662 4.239342 4.658983 4.808441 5.216592 5.476945 5.352605 5.003649 4.026048 3.697415 4.212834 4.222667 3.929581 3.688092 2.569731 2.609216 4.565912 5.943691 5.799079 5.555955 5.982549 6.861781
2.348326 1.643531 2.400472 2.297245 2.212950 2.177505 1.928178 1.808015 1.607296 1.999437 1.374815 -0.005492 -0.008286 -0.005372 -0.003478 5.121987 4.766995 3.990921 4.374747 5.569590 6.573647 0.396201 -0.004609 0.431818 0.777443 1.179142 -0.007145 -0.027179 -0.027407 -0.027622 -0.032827 -0.014301 -0.016648 -0.033826 3.643235 2.697724 -0.002367 1.822527 3.869456 4.542647 4.631432 4.603561 5.102820 5.359718 5.322057 5.490104 -0.004840 5.242727 5.174401 5.310340 4.816805 3.685745 2.753985 0.467571 -0.004585 3.417073 5.377185 6.277294 6.533259 6.608443 6.911932 7.443525
2.668665 2.680334 3.083577 3.016699 2.791419 2.871511 2.789044 2.227820 1.975297 2.162453 1.286635 -0.004587 -0.005616 -0.004325 5.920198 6.241990 5.652125 4.897140 5.266943 5.889953 6.450497 -0.002633 -0.004482 0.107964 0.656699 1.167730 -0.004891 -0.020139 -0.025528 -0.026275 -0.006513 -0.019495 -0.027704 -0.038543 -0.127084 -0.227136 -0.279491 3.643429 4.843199 -0.046105 -0.044707 -0.047835 5.205514 5.936697 -0.029250 -0.013394 -0.006258 -0.007091 -0.005984 -0.005569 -0.006180 -0.006538 4.010522 3.051719 -0.001729 3.817921 5.437585 6.117532 -0.003617 7.202776 -0.002974 -0.003504
3.148555 3.585492 3.677468 3.666482 3.487791 3.702486 3.315167 2.614296 2.329311 2.421790 0.805819 -0.004215 -0.003963 -0.003618 7.138977 6.819437 6.042025 5.224293 5.618668 6.324390 6.677165 0.119602 -0.004469 -0.003255 0.634904 1.230063 -0.003851 -0.007613 -0.019690 -0.025651 -0.005455 -0.015233 -0.028046 -0.035164 -0.077010 -0.196763 -0.214910 4.739947 -0.011790 -0.028917 -0.037391 -0.039362 -0.011783 -0.004730 -0.018556 -0.024633 -0.007562 -0.012366 -0.009281 -0.008725 -0.013218 -0.018737 -0.015005 -0.032597 4.256771 5.194481 6.228406 -0.002984 -0.003514 -0.003281 0.660129 0.819082
3.675598 4.088707 3.950568 3.951162 4.003494 4.381522 3.432961 3.047467 2.679159 1.796143 -0.003294 -0.002985 -0.003184 7.789171 0.685590 -0.003390 -0.004326 -0.004556 6.385752 -0.003642 -0.003319 -0.002573 -0.004418 -0.003303 0.657662 1.048413 1.134409 -0.004247 -0.006794 -0.002959 -0.004493 -0.009808 -0.018120 -0.035995 -0.057272 -0.053513 -0.009508 5.760272 -0.004417 -0.008481 -0.035854 -0.031982 -0.006116 -0.002938 -0.004556 -0.005267 -0.003695 -0.005565 -0.004897 -0.005977 -0.012802 -0.016803 -0.012433 -0.007668 5.428740 5.765340 -0.003505 0.072622 -0.002660 -0.003049 0.971015 0.937375
4.076823 4.412228 4.348587 4.003206 4.003148 4.294441 3.693177 3.145880 2.737593 2.137997 0.925935 1.078271 1.493813 1.401711 1.104261 -0.002806 -0.003884 -0.003636 -0.003253 -0.003211 -0.003449 -0.002960 -0.004485 -0.003219 0.569273 0.758247 1.201639 -0.003232 0.575012 -0.002674 -0.003954 -0.006865 -0.019076 -0.037577 -0.130234 -0.006388 -0.005083 6.118910 -0.003544 -0.004855 -0.034154 -0.028755 -0.003225 0.580100 0.537888 0.101703 0.905762 0.636860 0.549680 -0.003037 -0.005968 -0.006803 -0.006682 -0.004946 -0.003893 -0.004037 -0.003149 0.743666 0.964144 1.238636 1.301601 1.339146
2.867418 4.497754 4.718992 4.311894 3.985487 4.031943 3.989072 3.514375 3.108876 2.331159 2.227789 2.147195 2.022138 1.664772 1.365659 0.689797 -0.009526 0.460601 0.526612 0.345722 -0.002753 -0.003273 0.296391 -0.003516 0.508450 0.100750 1.124931 0.807987 0.258580 -0.003387 -0.021640 -0.030134 -0.025295 -0.010284 -0.009135 -0.007285 -0.003713 -0.003645 -0.002975 -0.003528 -0.033790 -0.026060 0.376998 0.798893 0.986492 1.142332 1.312491 1.434879 1.610706 -0.013695 -0.024748 -0.025429 -0.003451 -0.003328 -0.003198 -0.003363 0.817203 1.058398 1.257570 1.492309 1.774107 1.799708
2.723724 3.346763 4.871356 4.751631 4.328204 4.494960 7.698664 3.990288 3.380233 2.632496 2.802439 2.706025 2.364352 1.980023 1.431074 1.127571 -0.006935 0.879557 0.723470 0.590777 0.508310 -0.002475 -0.005876 0.442768 0.429724 -0.002162 0.627132 0.482743 -0.002389 -0.009696 -0.004588 -0.004360 -0.004464 -0.006483 -0.008331 -0.002633 -0.002432 -0.002586 -0.002407 -0.002787 -0.031507 -0.009711 -0.003835 -0.004492 0.696019 1.121035 1.685408 1.829531 1.742325 -0.003515 -0.007094 -0.009758 -0.012145 -0.009149 1.493245 1.251468 1.620711 1.482683 1.616998 1.870145 2.262054 1.611001
2.829076 3.207905 8.866678 9.380469 4.515592 8.943040 8.356732 4.442297 3.804333 3.070804 3.390932 3.211357 2.831126 2.362075 1.690796 -0.003906 -0.004423 1.153702 0.882907 0.696580 0.615274 3.207328 2.789455 -0.003863 0.423932 -0.002036 0.388219 0.149093 -0.005746 -0.009874 -0.006325 -0.004951 -0.004743 -0.003244 -0.003036 -0.002275 -0.002188 -0.002589 0.275544 0.548154 -0.015693 -0.004742 0.201261 0.703070 0.952318 1.394681 1.877557 2.212535 2.448821 2.201555 1.091966 -0.003925 -0.005084 -0.004835 2.204149 2.161860 2.234741 1.949973 2.052604 2.286619 2.782670 2.413301
4.256820 4.014603 3.487161 3.888796 4.153601 9.675613 8.770350 8.129490 4.319441 3.595100 3.045127 2.743936 3.297182 2.773456 2.175119 1.435749 1.609339 1.474945 1.065015 0.815695 3.717103 3.157481 2.585357 2.486856 2.651168 2.714352 2.412557 -0.003489 -0.008266 -0.020220 -0.009479 -0.007383 -0.005807 -0.004500 -0.003394 -0.002364 -0.002274 -0.002347 0.051806 0.807612 0.844293 1.041758 1.232663 1.344666 1.394848 1.555693 2.300581 3.249796 3.112192 2.915898 2.357355 1.697211 1.162157 2.633058 2.767872 2.869817 2.892197 2.616251 2.337686 2.533883 3.212880 3.189679
4.890417 4.851649 4.698270 3.919979 3.704934 4.996327 6.092836 8.936328 8.739969 8.417627 3.630615 3.334977 3.710866 3.332844 2.754454 2.086944 5.612429 5.376520 4.620869 3.867214 3.568486 3.035206 2.402011 -0.002477 2.378992 2.645296 2.653586 0.282418 -0.008077 -0.012917 -0.011220 -0.009122 -0.007865 -0.006868 -0.005002 -0.003396 -0.002596 -0.000010 0.193213 0.921962 1.260377 1.985726 1.941426 2.030588 2.344299 2.205473 2.909910 3.664749 3.469364 3.081798 2.707385 2.263474 2.093871 2.093260 2.163458 2.230542 3.530894 3.402849 2.890085 2.610862 3.328372 4.004760
5.328930 5.391053 5.483845 5.347530 4.232956 4.857634 6.312520 6.324687 5.892816 8.920828 8.621791 8.770295 4.196218 3.722499 3.289029 2.544509 2.219760 2.041555 1.503967 1.142097 3.389525 2.858547 2.419118 0.711554 2.475768 2.642065 2.741004 2.465671 -0.006692 -0.011474 -0.009724 -0.008831 -0.010040 -0.009672 -0.006339 -0.003570 -0.003253 0.118097 0.619112 0.966045 1.641305 2.601513 2.585680 3.017740 2.753933 2.863557 3.822195 4.035699 3.743229 3.332604 6.771561 2.792543 2.683552 2.664598 2.752379 2.869222 3.023261 4.209826 4.123472 3.498557 3.725604 4.440073
5.828577 5.840173 5.924379 6.062450 5.791752 5.349025 6.090404 6.703403 9.820916 6.013062 5.613997 9.125496 4.793279 4.135999 3.868115 3.083410 2.937426 2.366684 1.762191 1.343794 0.881748 0.694429 1.249730 1.083729 0.906563 2.657871 2.854138 2.627904 -0.006180 -0.007337 -0.007286 -0.006946 -0.008623 -0.008121 -0.006281 -0.003645 -0.003270 0.361562 0.913637 1.182537 2.074857 3.059998 3.260353 3.405670 3.491544 3.797528 4.558506 4.482555 4.058792 7.630290 8.135140 8.331231 8.563717 8.889990 3.368201 3.493419 4.670608 4.805750 4.964300 4.363517 4.523230 5.000472
6.404708 6.407914 6.431207 6.522057 6.631488 6.518528 10.570259 6.826844 10.565517 10.091796 6.213626 5.844197 5.378716 4.716736 4.582071 3.587185 3.103075 2.888198 2.463036 2.116955 1.874263 1.759099 1.617728 0.391098 1.201450 1.048061 0.880964 1.145882 -0.008268 -0.007661 -0.006785 -0.006312 -0.007252 -0.007482 -0.004894 -0.001706 -0.002946 0.724656 1.256091 1.561755 2.433040 3.608208 4.067171 4.187989 4.308423 4.647758 5.090720 4.992476 4.846124 4.346433 4.172776 4.082410 4.052844 5.020675 5.089406 4.278033 4.474332 4.761960 5.069419 5.365247 5.605515 5.448355
11.013965 11.159946 11.237791 11.316001 11.426351 11.484920 7.023461 7.029015 7.210858 10.744775 10.403533 13.284134 5.928926 5.335018 5.059548 4.000650 3.408528 2.819700 2.352768 1.885253 1.535070 1.240075 1.047659 0.888879 0.753526 -0.002111 -0.004270 0.661813 -0.006653 -0.013260 -0.008143 -0.007078 -0.006345 -0.005886 -0.002802 0.617758 0.813237 1.121797 1.697300 2.081824 2.850592 4.181585 4.621982 5.002829 5.218869 5.396145 5.619176 5.419718 5.462813 5.016852 4.934792 4.932632 5.636642 5.702261 5.730460 5.200283 5.410000 5.656816 5.927476 6.713745 6.638420 6.401728
6.809994 11.588302 11.590400 11.648700 11.697753 11.774408 11.831775 11.616475 11.250584 10.980446 10.815380 10.537212 13.510886 13.095476 12.582583 11.345146 3.796670 3.178205 2.680582 2.317111 2.002667 1.735707 1.501833 1.294570 1.125426 0.884131 -0.002047 0.866816 -0.001915 -0.004631 -0.008529 -0.008306 -0.007397 -0.005195 -0.002061 0.814160 1.309474 1.663493 2.176297 2.660034 3.341554 4.703125 5.218275 5.646601 5.929714 6.101157 6.248009 6.103195 5.861834 5.797514 5.784683 5.805330 5.849340 5.904274 6.487841 6.710352 6.374229 6.549054 6.764750 7.394748 7.573695 7.422390
7.570556 7.430668 12.115577 7.323206 8.032442 12.297618 8.074203 7.995533 7.820932 7.598243 10.875726 6.871209 9.990128 6.028450 5.618406 4.727535 4.064086 3.408038 2.874453 2.569280 8.224650 7.924793 7.636729 7.472548 7.338883 0.984216 7.204773 1.022124 0.922873 0.805039 0.705958 0.465925 0.663453 0.972920 1.323691 1.656462 1.916142 2.245497 2.647832 3.202263 3.813894 4.946232 5.613517 6.224832 6.474834 6.576561 6.507134 6.631566 6.526976 6.526795 7.022319 6.643660 6.765590 7.219813 7.359348 7.224291 7.348994 7.842855 7.938661 8.014504 8.171143 8.399689
8.876782 8.778306 8.707402 8.653246 8.613670 8.571381 8.492170 8.320045 7.995620 7.847292 11.098649 10.687232 6.743065 6.279132 5.826950 5.326555 4.692691 3.933602 3.074444 2.720967 8.481935 2.136925 1.783819 1.498489 7.476979 7.400099 7.301972 7.847052 6.929438 1.042900 1.053357 1.132886 1.316109 1.511284 1.772510 2.075826 2.392035 2.721730 3.058856 3.642176 4.805493 5.242786 6.040785 6.536311 6.801697 7.121716 7.260331 7.392931 7.479861 7.586871 7.714003 7.825824 7.881371 8.027447 8.230927 8.178111 8.482196 8.574270 8.700699 8.776227 8.864818 8.884494
9.557637 9.451617 9.351519 9.263411 9.159516 9.008951 8.734297 8.476741 8.225658 8.040241 11.236892 10.855900 10.382746 6.484473 6.028045 5.524626 4.919834 4.158057 3.211126 2.855323 2.557954 2.223784 1.885503 7.696631 7.587123 1.254704 7.345579 7.327945 7.901832 7.165251 7.171750 1.325469 1.569728 1.843862 2.145159 2.454235 2.779084 3.108469 3.422378 4.685816 5.248414 5.537935 6.355809 6.925768 7.214266 7.422383 7.649832 7.820633 8.107088 8.247288 8.378237 8.432929 8.581965 8.839835 8.913548 9.020760 9.073418 9.226876 9.272838 9.210230 9.007250 5.417262
