geotop_simulations/templates/TEST_Venosta_3D_034_template/rec/SoilPressure0000L0003.asc
ncols         252
nrows         194
xllcorner     598250.000000
yllcorner     5144500.000000
cellsize      250.000000
NODATA_value  -9999.0
[rows 96 to 119 of 194, columns 54 to 107 of 252]
-4075.103712 -3356.488239 -3384.734404 -3356.013616 -3468.635041 -3575.922239 -3622.609475 -3666.173217 -3709.317305 -3756.156840 -3792.566560 -3732.616780 -3790.671352 -3824.415872 -3822.739106 -3807.901034 -3791.447614 -3788.470922 -3783.667213 -3771.302697 -3776.776701 -3790.169459 -3800.989423 -3801.285079 -3820.140355 -4230.581525 -4289.939390 -4355.809943 -4011.495657 -4026.605877 -4032.660083 -3191.864305 2158.668626 -1573.547308 -2156.691990 -1927.657781 -1783.206580 -3998.129109 -3941.055411 -4281.870469 -4236.957527 -3820.015474 -3708.197929 -3655.968713 -3598.307714 -3532.549111 -3453.998618 -3338.672768 -3120.842412 -2856.852003 -2596.112407 -2425.842647 -2171.084734 -3159.659331
-4029.696603 -4052.351512 -3408.036060 -3430.622807 -3482.389137 -3557.318892 -3619.610093 -3661.216567 -3696.422673 -3726.503652 -732.491270 2020.491122 -967.073241 -3675.009186 -3721.721286 -3716.011086 -3707.544792 -3709.420645 -3714.475050 -3713.350486 -3711.488469 -3727.120312 -3760.285519 -3786.005797 -3800.226973 -3857.096019 -3871.879871 -3877.537216 -3901.295481 -3973.924945 -4007.668408 -3976.340483 2200.084031 876.672094 -2387.329519 -2368.195433 -2330.562658 -3946.667000 -3931.535059 -4287.554305 -4236.930184 -4167.218212 -3764.821037 -3649.056620 -3592.756063 -3529.690006 -3458.219733 -3345.594018 -3137.012181 -2957.704337 -2681.515631 -2408.098728 -3266.631832 -3365.575166
-3992.314416 -4014.122037 -4060.948561 -3561.087152 -3587.127708 -3624.040884 -3655.624533 -3688.985209 -3705.843799 -702.305158 2915.646564 -4001.171558 -3559.772261 -3594.990977 -3581.459940 -3579.573486 -3594.214580 -3607.799654 -3602.053169 -3608.643025 -3618.855631 -3650.514490 -3706.841995 -3752.354516 -3782.271193 -3816.939088 -3820.350340 -3824.805221 -3842.351368 -3873.686890 -3912.894756 -3990.705724 46.622810 842.912753 -2539.236377 -2666.977776 -2781.952288 -3936.181050 -3918.763396 -4270.166736 -4217.549606 -4165.145062 -4095.161356 -3647.340013 -3591.297011 -3526.817309 -3456.865300 -3356.676710 -3220.742974 -3134.860992 -3402.415635 -3365.273449 -3372.316058 -3425.427204
-3972.217934 -3981.966604 -3536.198769 -3546.693926 -3573.092069 -3614.915967 -3638.134189 -3659.128451 -626.115597 1003.885493 -3974.685695 -3523.439583 -3510.562685 -3443.586526 -3416.082658 -3428.030754 -3431.322390 -3411.936709 -3408.316778 -3434.479083 -3538.608393 -3614.256921 -3686.864052 -3708.287335 -3734.930246 -3756.353006 -3774.001248 -3796.354345 -3825.585678 -3846.240818 -3879.330135 -3916.312106 -3976.768031 1021.552065 535.886679 -2728.825483 -3319.781092 -3927.977603 -3908.377152 -3830.257098 -3794.629504 -3803.132201 -4083.929899 -3693.657270 -3588.177955 -3525.500574 -3460.239088 -3372.806777 -3261.840047 -3176.024760 -3045.260941 -2883.356540 -3409.447854 -2878.704236
-3941.935490 -3953.940635 -3526.054807 -3531.591662 -3556.959887 -3581.959519 -3612.465038 -649.261855 -566.163016 -3524.766375 -3543.799092 -3427.220705 -3384.221483 -3311.954242 -3217.750030 -3190.871207 -3213.101795 -3244.092405 -3337.477964 -3452.678882 -3525.424621 -3556.520618 -3598.941137 -3633.009582 -3656.657355 -3698.358695 -3739.975992 -3767.882681 -3805.526005 -3836.927049 -3861.601472 -3894.300757 -3964.088758 634.509566 1925.782425 652.166642 -2030.201212 -3834.706748 -3845.347757 -3823.309794 -3788.472833 -3793.094101 -4070.103096 -3691.122919 -3657.516927 -3533.053067 -3469.458169 -3400.586789 -3316.826567 -3208.923686 -3137.187961 -3051.089038 -3012.326775 -3012.238907
-3343.646555 -3419.265286 -3947.961108 -3506.519733 -3518.101563 -3536.770168 7256.595324 -527.857129 -3769.177356 -3359.887052 -3293.231178 -3252.429474 -3273.815648 -3285.599078 -3203.009340 -2990.622638 -2871.533807 -3020.880370 -3500.150356 -3603.708915 -3616.689114 -3404.767878 -3440.235205 -3514.302633 -3601.728634 -3672.328406 -3723.630051 -3756.439834 -3786.115490 -3817.444576 -3842.531581 -3875.135731 -3949.245514 29.381518 3391.205853 2110.392396 442.274092 -2069.459312 -3839.097915 -3819.666755 -4192.909408 -3787.577639 -3755.781539 -3704.411270 -3679.792597 -3633.626702 -3491.987884 -3432.854307 -3369.417658 -3291.596117 -3203.890188 -3135.744602 -3126.126204 -3116.667508
-3437.655778 -3406.320124 -3886.517582 -3878.319362 -3711.815628 3681.557059 -2817.752366 -3665.637663 -3359.542188 -3258.478853 -3161.201825 -3133.231784 -3140.890381 -3167.800437 -3141.987518 -3049.270778 -3307.407878 -3319.146501 -3427.366360 -3501.231218 -3507.730327 -3267.982788 -3368.373610 -3488.555362 -3613.347534 -3685.823272 -3719.673049 -3747.538199 -3774.001904 -3802.513477 -3833.208949 -3862.822010 -3937.187839 -3436.722606 3943.115712 3130.338211 1992.432378 1430.161097 -1940.085016 -3815.479753 -4202.817081 -4147.331850 -3772.806863 -3735.330107 -3680.340852 -3649.578861 -3608.365729 -3460.824333 -3409.500580 -3353.520599 -3291.130380 -3246.806062 -3213.970141 -3182.991414
-3444.859025 -3441.356461 -2955.251404 -2953.550863 1689.934715 -940.591639 -3522.772933 -3216.851304 -3178.656200 -3176.830784 -3155.334563 -3134.032974 -2978.520939 -2745.402916 -3321.124741 -3412.784597 -3426.734700 -3409.760390 -3426.918999 -3463.699180 -3520.182940 -3347.535623 -3472.148949 -3556.016651 -3652.517234 -3718.787405 -3743.399914 -3760.741642 -3778.174544 -3797.108830 -3820.886331 -3848.648264 -3872.820699 -3779.004623 4210.621253 4050.252529 3372.450190 3400.798892 2547.511675 -4231.660961 -4200.486037 -4162.984033 -3774.412350 -3749.837410 -3691.334500 -3650.664103 -3612.848064 -3577.359022 -3971.003398 -3397.987850 -3353.909772 -3314.550041 -3283.440099 -3252.811532
-3800.823564 -3792.329526 -2899.518128 117.546941 -766.371973 -3469.363231 -3036.044259 -2921.702026 -2870.045867 -2983.853572 -3002.907317 -2938.597202 -2776.965277 -2665.373299 -3248.091263 -3410.497973 -3465.694372 -3505.199675 -3551.658586 -3570.907605 -3611.291074 -3441.890165 -3532.200072 -3576.430893 -3657.601155 -3726.116097 -3887.238478 -3780.099572 -3789.567954 -3792.616044 -3854.733708 -3831.266857 -3858.873929 -3919.919991 2717.379076 4297.758064 4543.592521 5028.650730 5138.276809 646.183042 -3787.705546 -4195.144984 -4177.744539 -3752.025581 -3721.672277 -3671.058841 -3641.719002 -3598.239980 -3567.157033 -3968.661043 -3951.520491 -3365.038887 -3336.408786 -3890.114614
-3767.460530 -3718.367458 -786.008861 -796.941136 -3508.709396 -3021.716246 -2783.729587 -2738.937143 -2792.371428 -2898.908029 -2833.767894 -2675.676309 -2584.830025 -3204.305164 -3328.674918 -3437.569909 -3477.487517 -3551.437725 -3616.371769 -3626.422728 -3639.686415 -3670.115396 -3484.067111 -3508.494032 -3589.250576 -3667.679315 -3712.142364 -3747.543974 -3767.909923 -3790.196035 -3800.093611 -3812.242286 -3839.078404 -3907.576285 -846.647294 3657.207850 4644.032486 5417.331746 5581.937057 4080.487569 -3753.435492 -3766.533486 -4184.351786 -3764.206307 -3726.852395 -3689.565575 -3650.445046 -3611.796572 -3580.829492 -3984.776259 -3958.006103 -3403.836809 -3897.463117 -3889.614995
-3737.461565 -823.795177 -803.542680 -3468.144713 -3208.250871 -2947.889847 -2782.548865 -2672.521297 -2628.302664 -2649.179173 -3200.329976 -2500.983931 -3180.847455 -3278.999756 -3435.675550 -3468.714834 -3465.614641 -3531.359015 -3583.565977 -3594.836678 -3590.222182 -3563.875540 -3374.361589 -3415.302279 -3517.150822 -3610.032240 -3656.829933 -3697.359375 -3733.836849 -3764.164375 -4231.796884 -4200.801235 -4225.718507 -3845.387278 -4260.541555 924.926063 3274.062035 4642.062197 5205.641162 5503.768842 2891.571538 -3808.591251 -3804.907500 -4163.665289 -4127.052436 -3702.406319 -3667.870685 -3631.917058 -3600.210050 -3569.359624 -3538.134569 -3509.430878 -3488.280506 -3472.915203
-770.610644 -802.784886 -3580.028561 -3068.511996 -2711.343418 -2577.212346 -2390.673365 -2267.213569 -2110.856610 -1990.706131 -2187.087995 -3136.151600 -3256.463852 -3357.306619 -3405.428775 -3369.293568 -3418.052832 -3515.495173 -3583.214166 -3614.965748 -3613.193517 -3355.503947 -3416.058625 -3467.758966 -3552.883353 -3620.936976 -3666.115534 -4180.143357 -4215.912851 -4233.126331 -4276.580689 -3813.035906 -3826.643643 -3732.957252 -3762.148588 -3734.088689 405.041528 2894.699988 3887.410996 4688.826500 4650.099629 1872.871712 -3795.823809 -3779.557068 -3761.614433 -4114.910638 -3635.148881 -3597.200774 -3618.443500 -3587.670683 -3557.940344 -3529.886513 -3508.130403 -3488.557259
-728.704396 -3575.039421 -3023.365992 -2665.608804 -2439.378288 -2389.893906 -2263.770128 -2102.834533 -2023.519365 -2047.926732 -2181.120412 -2366.498935 -3253.636991 -3276.969922 -3260.832993 -3325.760919 -3465.560683 -3557.723020 -3613.383078 -3643.882045 -3654.703827 -3662.949732 -3488.205781 -3535.620729 -3602.659156 -3654.460205 -3692.086243 -4262.130882 -4282.337267 -4297.893882 -4312.219343 -3808.555523 -3815.901237 -3625.385702 -3821.610216 -3876.761382 -3773.427412 1183.532318 2736.645125 3838.521394 4336.639668 3508.538307 1165.381772 -3416.048905 -3703.770046 -3462.617477 -3375.342812 -3623.954991 -3590.855965 -3558.180736 -3578.520945 -3549.679563 -3525.881696 -3504.256487
-3541.223190 -3335.966492 -2882.797770 -2694.195713 -2600.270095 -2561.442075 -2704.834368 -2561.696338 -2545.136382 -2270.926035 -2033.327385 -2100.909367 -3176.101922 -3221.596231 -3387.552478 -3515.459879 -3555.646740 -3587.292204 -3620.198465 -3642.790088 -3661.195234 -3701.372786 -3730.078329 -3580.365659 -3636.228589 -3679.291137 -4337.262853 -4350.610416 -4362.226897 -4327.797956 -3771.978427 -3767.846366 -3778.786617 -3789.352394 -3802.434595 -3818.168433 -3820.054318 623.775766 1833.170867 2282.766972 2097.277917 1466.551616 1283.705975 409.818598 -623.827598 -3611.872951 -3424.470055 -3414.983854 -3667.689230 -4010.264648 -3555.572515 -3569.077049 -3545.483160 -3521.928731
-3454.982302 -3160.256322 -2686.385424 -2679.152911 -2606.113245 -2477.096583 -2919.842077 -2668.008453 -2690.177536 -2527.010844 -3252.560319 -3256.800444 -3224.910218 -3310.783242 -3488.758733 -3560.448081 -3576.259204 -3584.668570 -3607.486743 -3625.916872 -3463.428954 -3524.027916 -3570.968126 -3618.381476 -3658.074889 -4365.791262 -4366.775508 -4353.114888 -4218.692108 -3722.775254 -3719.148100 -3721.958809 -3745.981002 -3810.593470 -3838.936785 -3864.619566 -3872.021427 -199.925966 722.480175 205.694922 -457.459166 -326.902907 342.658735 1492.625476 3984.505216 5405.815892 5360.339993 2241.453659 48.435909 878.828348 977.541287 607.073002 2035.412881 8921.012681
-3370.292735 -2835.502796 -2536.973426 -2275.530944 -2234.456536 -2212.131418 -2109.775791 -2140.740269 -2626.323134 -2601.812925 -3326.770137 -3335.313272 -3313.591618 -3425.938998 -3519.356047 -3543.211072 -3546.892001 -3544.568682 -3239.581659 -3237.946242 -3253.429115 -3363.648603 -3485.960686 -3554.880857 -4178.098868 -4238.355346 -4191.089634 -3656.483306 -3656.862566 -3656.390531 -3672.363368 -3696.239927 -3721.552938 -3750.038519 -3773.222249 -3794.809176 -3808.275358 -3859.550141 -2990.248936 -3177.429347 -3622.819828 -3565.443604 -1751.813063 1166.959319 4307.347004 7494.139176 10451.583697 12440.073804 12029.535688 5687.468572 4633.953657 17148.718859 29169.148292 43089.364953
-3327.067013 -2756.431791 -2473.584718 -2070.703208 -1701.369899 -1690.957815 -1779.486257 -1798.032816 -2085.494568 -3069.339803 -3221.064926 -3259.883293 -3319.724074 -3444.260155 -3501.119168 -3498.002518 -3497.783228 -3473.303194 -3369.801191 -2793.415564 -2972.318439 -3119.845211 -3306.553425 -3445.131929 -3516.369966 -3560.222685 -3572.740463 -3580.953845 -3613.490802 -3622.510351 -3640.383232 -3665.286765 -3687.337893 -3709.150454 -3733.147977 -3763.863510 -3793.287802 -3855.346770 -3271.351436 -3019.958968 -3462.137793 -1788.496047 -1739.150412 1158.860522 4865.373008 8591.445111 11548.666724 13810.558935 14743.221929 14749.015564 14180.683318 6688.563888 32630.043629 48906.104242
-2824.956632 -3082.905613 -2474.858976 -2219.407475 -1837.495333 -1554.214160 -1514.302159 -1573.278226 -1913.153791 -1939.401712 -3022.426219 -3141.305011 -3272.624451 -3409.671098 -3449.915019 -3466.930924 -3372.260049 -3315.204998 -2674.783912 -2921.249586 -3122.115966 -3247.081202 -3383.452871 -3461.458456 -3517.433886 -3523.732290 -3541.409712 -3575.119737 -3574.391072 -3587.186923 -3610.280398 -3634.105437 -3656.975979 -3683.676413 -3713.202941 -3741.960113 -3801.622908 -3841.340660 -3640.851053 -2908.542694 -3244.122231 -1622.155984 -1661.532685 861.439480 5572.524421 9753.263168 12681.931190 14731.915492 15894.910011 16908.395825 17514.053877 18243.964141 21930.168118 17964.909269
-2461.059023 -2401.103510 -2400.176825 -2257.074651 -1960.047963 -1618.600765 -1376.384141 -1599.254580 -2106.459381 -2317.063353 -2598.666296 -3036.051328 -3357.603193 -3448.308443 -3469.484089 -3333.910723 -3305.352059 -3232.215971 -2699.703007 -2970.258654 -3076.647250 -3242.605299 -3367.881572 -3407.382201 -3451.489291 -3485.651744 -3539.809348 -3534.662270 -3541.801738 -3569.417577 -3601.574556 -3622.958415 -3641.014751 -3666.630431 -3700.569206 -3735.195255 -3793.214455 -3829.527487 -3841.034918 -1454.281336 -1516.323438 -1542.402344 -1558.967268 1140.560101 6208.936388 13450.658082 13376.087376 15331.352811 15167.480942 19297.669558 18797.177111 19013.503578 14383.997518 22174.991740
-2630.404147 -2383.296488 -2185.077870 -2121.623646 -1906.242192 -1918.504174 -1680.306458 -1502.897570 -2069.628908 -1903.352574 -1891.078591 -3045.487810 -3318.893884 -3363.960695 -3314.061221 -3276.681377 -3181.861790 -2703.888796 -3466.277487 -3525.959493 -3068.711614 -3193.077915 -3283.960708 -3345.323837 -3427.818730 -3494.036667 -3516.808018 -3511.138339 -3533.625648 -3563.311902 -3589.831575 -3614.358548 -3642.202269 -3669.400677 -3700.594535 -3737.944519 -3804.787274 -3827.353732 -3840.584545 -2347.849047 -1480.248109 -1564.989085 -1621.601226 27.957618 4587.130788 9417.494158 10532.050795 14353.871772 19078.890549 26806.476818 16739.229677 23002.170873 17269.536352 17016.864893
-2693.150304 -2475.276726 -2246.549667 -1945.761667 -2455.230675 -1793.053298 -2150.192296 -1610.216785 -1282.673352 -1255.534949 -1783.144020 -1645.277487 -1713.560747 -3163.665611 -3108.215547 -3070.479016 -3142.318653 -3375.030975 -3470.135997 -3491.072087 -3047.732624 -3108.853882 -3229.426697 -3354.146302 -3466.661614 -3510.884899 -3524.088923 -3527.609057 -3553.464644 -3575.327562 -3600.421104 -3631.483518 -3666.460312 -3700.457562 -3731.888933 -3790.295420 -3815.495153 -3837.500034 -3845.842628 -2128.585923 -1424.525432 -1618.157602 -3763.388125 -430.979154 2628.002407 6371.948113 8550.202215 9136.663898 10113.737379 11776.493586 10339.626156 10596.853339 7706.680391 6713.134209
-2490.302209 -2268.137079 -2209.963501 -2979.335039 -2615.018061 -1738.166462 -2518.845941 -2304.307966 -1502.962457 -1557.264050 -1635.752660 -1628.744991 -1637.611276 -2759.961928 -2911.640080 -2946.646234 -3223.476603 -3381.281012 -3442.228426 -3425.579290 -3032.273001 -3147.628523 -3280.401791 -3427.892825 -3535.372170 -3572.671767 -3586.018444 -3587.157640 -3599.492848 -3620.090134 -3656.790857 -3688.364037 -3717.229694 -3752.288099 -3773.105389 -3842.346837 -3865.045306 -3802.138716 -3844.302079 -3637.290689 -3802.125043 -4094.887299 -4082.934441 -4083.432436 -4079.503342 -352.442395 -353.200844 -3953.872564 -3927.952296 -3849.952465 -3860.115985 -216.106438 72.285237 87.712636
-2398.322347 -2924.954602 -2881.945769 -2029.635854 -2221.910962 -1947.348514 -3117.317099 -3115.484824 -1952.161464 -1995.225960 -2091.843058 -2001.626320 -1975.320947 -3088.188118 -2812.048930 -3132.746065 -3341.994708 -3361.633192 -3359.224577 -3342.868804 -3420.569690 -3259.871578 -3354.124417 -3476.903674 -3580.121976 -3619.387691 -3629.281461 -4314.425967 -3645.766175 -3673.254352 -3706.937567 -3730.611526 -3762.397365 -3898.582551 -3815.535287 -3817.015194 -3811.261437 -3790.273160 -3771.339816 -3783.228906 -3779.388790 -3744.316667 -4057.604669 -4033.536406 -3715.397339 -3945.545693 -3655.614847 -3623.445748 -3588.058309 -3570.498996 -3557.621581 -3539.669651 -3525.779884 -3514.750718
-2360.010795 -1980.964585 -1949.493733 -1927.349425 -2755.185543 -2998.821279 -3075.467106 -2939.310849 -3140.346550 -2130.751009 -2222.247193 -2231.358540 -2285.804357 -3434.104906 -3356.318334 -3269.515721 -3318.678954 -3354.450760 -3392.458038 -3467.714893 -3551.235985 -3617.495504 -3647.815337 -3505.381200 -3576.776774 -3634.767917 -4346.904526 -4310.384712 -4389.807155 -3852.764628 -3852.451120 -3863.280659 -3900.395443 -3836.560998 -3815.560029 -3799.508747 -3783.645465 -3766.973625 -3767.775977 -3764.152927 -3736.701557 -3720.741774 -3702.892198 -3916.770477 -3651.470315 -3624.815325 -3596.113343 -3564.699544 -3531.683582 -3521.660004 -3520.550285 -3494.604695 -3467.571518 -3448.699506
