geotop_simulations/templates/TEST_Venosta_3D_034_template/rec/SoilTemperature0000L0003.old.asc
ncols         252
nrows         194
xllcorner     598250.000000
yllcorner     5144500.000000
cellsize      250.000000
NODATA_value  -9999.0
[rows 140 to 167 of 194, columns 126 to 188 of 252]
0.728710 2.307650 1.603351 1.287249 0.926194 0.504416 -0.577222 0.367382 0.988798 1.121585 1.437953 2.026355 1.951303 1.484663 1.400767 1.754452 2.250806 2.607499 3.081340 3.846310 2.504619 2.847254 3.485507 4.234978 5.221594 7.061380 7.471817 7.468540 7.273800 6.497406 6.863337 6.016952 5.083289 4.301786 3.727099 3.037766 2.544411 2.286118 1.955673 1.178009 1.203235 0.536817 0.282864 2.446098 2.442835 2.108481 -0.004251 1.363335 0.942656 0.944266 0.889882 0.797787 0.777140 0.899683 0.925381 0.895314 0.966634 1.052580 1.406418 -9999.0 -9999.0 -9999.0 -9999.0
0.191853 3.208990 2.935433 2.114982 1.434695 0.806835 1.097775 1.320805 1.204872 0.818116 1.229440 2.148681 3.308829 3.108313 2.370353 1.938113 2.202165 2.965748 4.200565 5.569067 6.504753 2.862777 3.763825 4.481639 5.390169 5.901370 7.327783 7.674067 6.758066 7.367854 6.575404 5.665326 4.741419 3.894436 3.272874 2.678071 2.140332 1.570251 1.160730 0.475585 0.109725 0.009898 -0.000893 0.852742 0.779745 0.723942 0.804188 0.908443 0.783029 0.812170 0.724611 0.566576 0.517861 0.701008 0.780740 0.810909 1.034298 -9999.0 -9999.0 -9999.0 -9999.0 -9999.0 -9999.0
0.022918 0.016068 0.007138 1.343091 0.911403 1.485130 2.085320 2.026654 1.922264 1.995035 2.139721 3.048737 4.073619 4.408911 4.538969 4.717580 4.887667 5.436986 5.936178 6.271379 3.286648 3.387518 4.151149 4.618857 5.167264 5.693986 7.341328 6.578772 6.755584 6.391912 6.353039 5.410932 4.580919 3.894672 3.321315 2.738607 2.125614 1.253272 0.237853 0.038620 0.792614 0.683349 0.563687 0.530452 0.530232 0.559285 0.597471 0.738327 0.667581 0.710004 0.649984 0.272939 0.298295 0.863856 -9999.0 -9999.0 -9999.0 -9999.0 -9999.0 -9999.0 -9999.0 -9999.0 -9999.0
-0.005289 -0.007795 -0.009922 -0.013552 0.655967 2.043162 3.045735 2.496552 2.410781 2.840636 3.623078 4.391781 4.810946 5.283105 2.298142 5.735741 5.973565 2.897075 3.132751 3.408210 3.695108 4.167177 4.635313 4.660836 4.740946 5.720785 7.224538 6.572228 6.541098 6.991299 6.170978 5.373943 4.703584 4.106172 3.643881 3.015031 2.350404 1.597714 0.425166 0.964527 1.031965 1.033463 0.889309 0.705291 0.697331 0.867802 0.878057 0.755014 0.647996 0.646085 0.557948 0.365040 -9999.0 -9999.0 -9999.0 -9999.0 -9999.0 -9999.0 -9999.0 -9999.0 -9999.0 -9999.0 -9999.0
-0.025267 -0.031869 -0.038059 -0.011806 1.586107 2.852504 3.622893 2.873821 2.877511 3.427569 4.374399 5.335729 5.988520 6.424110 2.626909 2.957651 7.046083 3.367652 3.617045 3.762021 4.164767 4.606778 5.031687 4.845759 4.398918 6.055151 7.445232 6.562965 7.322019 6.586898 5.771431 5.108144 4.524793 3.940392 3.100954 2.532189 2.413691 1.840658 1.310382 0.852359 0.408829 0.084221 -0.000305 0.797123 0.786976 0.990604 0.794457 0.634061 0.565483 0.314548 -4.144981 0.080366 -9999.0 -9999.0 -9999.0 -9999.0 -9999.0 -9999.0 -9999.0 -9999.0 -9999.0 -9999.0 -9999.0
0.131324 -1.246004 -1.147682 0.671706 2.241429 3.635382 4.109919 3.356666 3.709669 3.981500 4.650708 5.627026 1.805510 2.370396 2.857325 3.327328 3.633877 3.648335 3.977707 4.295210 4.666107 5.113855 5.513713 5.569150 4.784972 6.338964 7.618876 6.681236 7.056259 6.199567 5.248399 4.488285 3.293244 2.806544 2.380094 1.801488 3.984609 1.993176 1.634200 1.239161 0.517685 0.010958 0.892719 0.719874 0.672497 0.630433 0.157717 0.292278 0.083149 -0.792054 -0.132128 -0.097166 -9999.0 -9999.0 -9999.0 -9999.0 -9999.0 -9999.0 -9999.0 -9999.0 -9999.0 -9999.0 -9999.0
-2.075416 -2.407074 0.788762 1.142791 1.804137 3.865411 5.192285 4.671254 5.124802 4.948896 4.313184 4.614253 5.488430 2.023917 2.867577 3.572395 3.877426 4.209487 4.520031 4.797363 5.134534 5.566677 6.033144 6.390350 7.583602 6.736632 10.385133 7.458062 6.743461 5.862063 4.893788 3.966538 3.500280 2.292529 1.756037 2.882751 3.295452 0.810391 1.614406 1.110904 0.388067 0.076725 1.022805 0.871183 0.746882 -0.000838 -2.827680 -0.000331 0.088215 -9999.0 -9999.0 -9999.0 -9999.0 -9999.0 -9999.0 -9999.0 -9999.0 -9999.0 -9999.0 -9999.0 -9999.0 -9999.0 -9999.0
0.270917 0.953410 1.569566 0.914534 1.221421 2.720739 5.683031 6.180059 6.096370 6.332572 5.840599 5.078854 5.184357 6.116315 2.279085 3.529515 4.304280 4.717608 5.017771 5.299548 5.600397 5.899738 6.447926 8.784230 8.455371 7.392994 9.077395 7.021295 6.171921 5.370203 4.472986 3.536290 2.706129 1.493259 1.921129 2.407896 2.104872 2.556327 0.228974 0.258472 0.141824 0.008047 1.167018 0.874556 0.744643 0.706949 -9999.0 -9999.0 -9999.0 -9999.0 -9999.0 -9999.0 -9999.0 -9999.0 -9999.0 -9999.0 -9999.0 -9999.0 -9999.0 -9999.0 -9999.0 -9999.0 -9999.0
1.443633 1.930650 1.853029 1.614009 1.421626 2.663967 5.364642 7.024077 7.207611 7.265146 7.174033 6.981134 6.691847 7.060093 1.961362 3.594595 4.718316 5.258637 5.549807 5.838570 6.082390 8.397525 8.557177 7.359474 7.640009 7.604137 7.217934 6.451540 5.487709 4.714560 3.537680 3.080097 2.082403 0.820030 1.041304 1.110187 1.373962 1.551773 1.835667 0.015610 2.180696 1.486042 1.000343 0.712841 0.779134 -9999.0 -9999.0 -9999.0 -9999.0 -9999.0 -9999.0 -9999.0 -9999.0 -9999.0 -9999.0 -9999.0 -9999.0 -9999.0 -9999.0 -9999.0 -9999.0 -9999.0 -9999.0
2.023272 2.485430 2.529645 2.935157 3.130297 2.770404 3.831453 6.157381 1.532719 2.663102 7.735740 7.868077 7.958969 8.359498 3.879868 4.044453 5.253604 8.508763 6.083703 6.369641 8.695861 8.748993 7.290376 7.821226 9.480710 7.380443 6.781594 5.960057 5.019087 4.215074 3.125184 2.522425 1.758043 1.040535 1.363249 1.077252 0.907183 0.936762 0.932858 0.994528 0.891139 0.868318 0.794190 0.733306 1.032083 -9999.0 -9999.0 -9999.0 -9999.0 -9999.0 -9999.0 -9999.0 -9999.0 -9999.0 -9999.0 -9999.0 -9999.0 -9999.0 -9999.0 -9999.0 -9999.0 -9999.0 -9999.0
1.881605 3.295914 3.883898 4.307163 4.800677 3.396321 1.557584 2.403582 5.254929 7.773267 3.579860 4.003629 4.263648 4.270316 4.844367 5.374553 6.032738 6.472933 6.729279 9.128914 7.101778 7.326087 7.322418 7.348995 7.282507 6.924442 6.355334 5.676419 6.642551 6.160906 3.464338 2.777094 3.370108 2.591379 1.940343 1.375974 0.970021 0.744117 0.687026 0.629596 0.622459 0.649990 0.848044 -9999.0 -9999.0 -9999.0 -9999.0 -9999.0 -9999.0 -9999.0 -9999.0 -9999.0 -9999.0 -9999.0 -9999.0 -9999.0 -9999.0 -9999.0 -9999.0 -9999.0 -9999.0 -9999.0 -9999.0
1.382226 3.557283 4.866804 5.684550 5.878266 5.868259 4.813571 3.484517 3.684848 5.272744 3.361681 4.564898 4.898160 5.180614 5.645621 6.186871 6.696573 7.074786 7.274087 7.312088 7.305963 7.225739 7.118693 6.826702 6.615902 6.234820 5.784642 5.450496 5.007584 7.001580 6.034174 5.198351 4.043983 2.910613 1.920700 1.380589 0.876297 0.541930 0.380229 0.196757 0.101117 0.266613 -9999.0 -9999.0 -9999.0 -9999.0 -9999.0 -9999.0 -9999.0 -9999.0 -9999.0 -9999.0 -9999.0 -9999.0 -9999.0 -9999.0 -9999.0 -9999.0 -9999.0 -9999.0 -9999.0 -9999.0 -9999.0
1.183040 3.421524 5.598755 6.647507 6.925043 6.761213 6.489770 6.352244 5.824589 5.302283 3.259953 4.782648 5.756220 6.208330 6.558920 6.859653 7.100684 7.166278 7.055089 6.821452 6.721024 6.561242 6.511233 6.140299 5.700079 5.251824 4.775172 4.616016 4.617469 4.265389 3.855241 3.260508 4.477178 3.363000 2.283469 1.413378 0.658188 0.058605 -1.485768 -3.767715 0.580560 -9999.0 -9999.0 -9999.0 -9999.0 -9999.0 -9999.0 -9999.0 -9999.0 -9999.0 -9999.0 -9999.0 -9999.0 -9999.0 -9999.0 -9999.0 -9999.0 -9999.0 -9999.0 -9999.0 -9999.0 -9999.0 -9999.0
1.816170 2.910135 5.788817 1.254639 2.208433 2.884825 3.286928 3.667018 4.013225 4.076118 4.302676 5.576103 6.536505 7.177478 7.470496 7.404194 6.973042 6.276813 5.874627 5.857564 5.810930 5.348662 5.486007 5.352989 4.783561 4.300596 3.717934 2.152550 3.729052 3.469512 3.787565 3.364321 2.681251 3.886334 2.760031 1.462882 0.686860 0.620830 -9999.0 -9999.0 -9999.0 -9999.0 -9999.0 -9999.0 -9999.0 -9999.0 -9999.0 -9999.0 -9999.0 -9999.0 -9999.0 -9999.0 -9999.0 -9999.0 -9999.0 -9999.0 -9999.0 -9999.0 -9999.0 -9999.0 -9999.0 -9999.0 -9999.0
2.602005 2.965047 4.648405 7.380619 2.350273 3.149582 3.637223 4.153328 4.597920 4.951183 5.393031 6.420008 7.247131 7.823432 7.896275 7.351996 6.050613 5.199995 4.589982 4.878645 5.218130 4.626626 4.335533 4.413337 3.959046 3.499094 2.417510 1.846188 2.010135 4.742366 3.369267 3.264162 2.699351 3.991949 2.761249 1.457903 1.334542 -9999.0 -9999.0 -9999.0 -9999.0 -9999.0 -9999.0 -9999.0 -9999.0 -9999.0 -9999.0 -9999.0 -9999.0 -9999.0 -9999.0 -9999.0 -9999.0 -9999.0 -9999.0 -9999.0 -9999.0 -9999.0 -9999.0 -9999.0 -9999.0 -9999.0 -9999.0
3.146966 3.507696 4.028570 5.094860 1.710130 3.150673 3.943232 4.710165 5.241894 5.659523 6.475493 7.158522 7.738816 7.936524 7.587997 5.568088 3.679992 4.336820 4.364990 4.268915 4.555162 4.113045 2.553834 3.442622 3.086954 2.482541 2.606011 2.542136 5.221699 5.718290 2.864980 3.123293 2.510407 1.688608 2.120924 1.414267 1.829970 -9999.0 -9999.0 -9999.0 -9999.0 -9999.0 -9999.0 -9999.0 -9999.0 -9999.0 -9999.0 -9999.0 -9999.0 -9999.0 -9999.0 -9999.0 -9999.0 -9999.0 -9999.0 -9999.0 -9999.0 -9999.0 -9999.0 -9999.0 -9999.0 -9999.0 -9999.0
4.182147 4.575876 5.226581 4.697126 4.428731 1.893637 3.396917 4.781191 5.731572 6.572049 7.205307 7.768938 8.124720 8.008800 6.684908 4.908016 3.322591 3.425188 3.837729 3.785717 3.223210 3.086437 2.550150 2.114678 2.043664 2.446880 4.887477 5.339401 5.133722 4.564532 2.417654 2.868452 2.332796 1.634294 2.057672 1.517696 2.034349 -9999.0 -9999.0 -9999.0 -9999.0 -9999.0 -9999.0 -9999.0 -9999.0 -9999.0 -9999.0 -9999.0 -9999.0 -9999.0 -9999.0 -9999.0 -9999.0 -9999.0 -9999.0 -9999.0 -9999.0 -9999.0 -9999.0 -9999.0 -9999.0 -9999.0 -9999.0
5.004333 5.793440 6.193476 6.072160 4.935033 4.139764 4.937025 4.418183 5.739830 7.151533 7.872054 8.357130 8.506600 8.088687 4.971652 5.374502 4.138365 3.194152 3.094670 1.909864 2.597114 2.793298 2.324754 2.320640 2.911326 3.844081 4.157264 4.232161 4.190106 1.543315 2.154740 2.334465 2.000313 1.493413 1.869100 1.497769 -9999.0 -9999.0 -9999.0 -9999.0 -9999.0 -9999.0 -9999.0 -9999.0 -9999.0 -9999.0 -9999.0 -9999.0 -9999.0 -9999.0 -9999.0 -9999.0 -9999.0 -9999.0 -9999.0 -9999.0 -9999.0 -9999.0 -9999.0 -9999.0 -9999.0 -9999.0 -9999.0
5.369775 6.532020 6.874951 6.652151 6.243521 5.377712 4.959324 5.956187 6.452146 7.540778 8.294949 8.628014 7.615947 6.220861 5.095108 4.140163 3.022175 2.482654 1.754980 1.611665 1.495211 1.857577 2.483970 1.782216 1.332237 1.092700 1.492513 2.329825 1.453663 1.194085 2.655230 2.476246 0.880735 0.677653 1.235301 1.640895 -9999.0 -9999.0 -9999.0 -9999.0 -9999.0 -9999.0 -9999.0 -9999.0 -9999.0 -9999.0 -9999.0 -9999.0 -9999.0 -9999.0 -9999.0 -9999.0 -9999.0 -9999.0 -9999.0 -9999.0 -9999.0 -9999.0 -9999.0 -9999.0 -9999.0 -9999.0 -9999.0
5.833456 7.058267 7.611527 6.992100 6.325484 6.138755 5.730354 5.010794 6.111786 7.795016 8.448473 7.474943 5.970472 3.706906 0.009327 2.496809 2.776064 1.936058 0.621971 1.885402 1.259092 1.027994 0.910587 0.756717 0.485896 0.504612 0.610601 0.926971 1.706519 2.128249 1.884069 1.106293 0.759395 0.805364 1.397862 -9999.0 -9999.0 -9999.0 -9999.0 -9999.0 -9999.0 -9999.0 -9999.0 -9999.0 -9999.0 -9999.0 -9999.0 -9999.0 -9999.0 -9999.0 -9999.0 -9999.0 -9999.0 -9999.0 -9999.0 -9999.0 -9999.0 -9999.0 -9999.0 -9999.0 -9999.0 -9999.0 -9999.0
6.301719 7.491934 3.022934 7.570976 6.527242 6.474283 4.754198 5.228464 6.109017 7.086326 8.394222 6.829173 5.621140 0.764516 2.478566 3.376845 3.232205 2.556819 2.411120 3.788814 2.820867 1.583172 0.965922 0.459926 -0.002493 0.016339 0.288053 0.535513 0.919467 1.375940 1.319372 0.830484 0.549821 0.586422 1.577376 -9999.0 -9999.0 -9999.0 -9999.0 -9999.0 -9999.0 -9999.0 -9999.0 -9999.0 -9999.0 -9999.0 -9999.0 -9999.0 -9999.0 -9999.0 -9999.0 -9999.0 -9999.0 -9999.0 -9999.0 -9999.0 -9999.0 -9999.0 -9999.0 -9999.0 -9999.0 -9999.0 -9999.0
2.310930 2.891779 3.197945 8.245762 7.095182 6.644207 4.864058 5.331049 6.674335 7.635900 8.136249 7.711903 6.775044 6.163909 5.241455 3.599028 3.489655 3.814595 6.556697 5.449597 4.303466 2.645995 1.135608 0.540931 0.048916 -1.296867 -1.773262 0.454378 0.783606 0.824317 0.704721 0.531623 0.602934 -9999.0 -9999.0 -9999.0 -9999.0 -9999.0 -9999.0 -9999.0 -9999.0 -9999.0 -9999.0 -9999.0 -9999.0 -9999.0 -9999.0 -9999.0 -9999.0 -9999.0 -9999.0 -9999.0 -9999.0 -9999.0 -9999.0 -9999.0 -9999.0 -9999.0 -9999.0 -9999.0 -9999.0 -9999.0 -9999.0
5.929224 2.996712 3.355696 3.992467 8.002949 7.241699 5.033408 5.592679 6.740275 7.502644 7.826296 7.564550 7.060355 6.319936 5.358513 4.468458 4.220184 7.236798 6.169670 4.512855 3.032132 1.390367 0.675450 0.641947 0.672138 0.511161 0.483679 0.571783 0.704151 0.471350 0.203182 0.197071 0.814587 -9999.0 -9999.0 -9999.0 -9999.0 -9999.0 -9999.0 -9999.0 -9999.0 -9999.0 -9999.0 -9999.0 -9999.0 -9999.0 -9999.0 -9999.0 -9999.0 -9999.0 -9999.0 -9999.0 -9999.0 -9999.0 -9999.0 -9999.0 -9999.0 -9999.0 -9999.0 -9999.0 -9999.0 -9999.0 -9999.0
4.896463 2.794472 3.422408 3.975138 4.720848 5.022211 5.246328 6.010347 6.865785 7.507246 7.677271 10.622278 6.873765 6.107329 5.205585 4.410716 4.204263 7.158307 5.230474 3.315615 1.845933 1.176290 1.352973 1.415879 0.877054 0.756578 0.687686 0.576473 0.410396 -1.800434 -1.498188 0.044945 -9999.0 -9999.0 -9999.0 -9999.0 -9999.0 -9999.0 -9999.0 -9999.0 -9999.0 -9999.0 -9999.0 -9999.0 -9999.0 -9999.0 -9999.0 -9999.0 -9999.0 -9999.0 -9999.0 -9999.0 -9999.0 -9999.0 -9999.0 -9999.0 -9999.0 -9999.0 -9999.0 -9999.0 -9999.0 -9999.0 -9999.0
5.334068 2.855645 3.380940 3.917537 4.730968 5.240866 5.480798 6.120356 6.874401 7.411626 10.715036 10.723817 6.324070 5.578991 4.838150 4.272458 4.021840 6.750697 4.662219 2.020562 2.001958 1.857030 1.846005 1.490836 1.098273 0.634880 0.384537 -0.949481 -0.677290 -0.672006 -0.774773 -9999.0 -9999.0 -9999.0 -9999.0 -9999.0 -9999.0 -9999.0 -9999.0 -9999.0 -9999.0 -9999.0 -9999.0 -9999.0 -9999.0 -9999.0 -9999.0 -9999.0 -9999.0 -9999.0 -9999.0 -9999.0 -9999.0 -9999.0 -9999.0 -9999.0 -9999.0 -9999.0 -9999.0 -9999.0 -9999.0 -9999.0 -9999.0
3.016507 3.174369 3.462461 3.745480 4.308511 5.282195 5.704741 6.257356 6.819642 10.035437 10.687656 10.029798 5.176665 4.748578 4.618717 4.440736 4.185020 3.695069 2.971835 2.185598 2.666483 2.461571 1.841795 1.286335 0.674135 0.161448 -2.402570 -0.782925 -0.637609 -0.615262 -9999.0 -9999.0 -9999.0 -9999.0 -9999.0 -9999.0 -9999.0 -9999.0 -9999.0 -9999.0 -9999.0 -9999.0 -9999.0 -9999.0 -9999.0 -9999.0 -9999.0 -9999.0 -9999.0 -9999.0 -9999.0 -9999.0 -9999.0 -9999.0 -9999.0 -9999.0 -9999.0 -9999.0 -9999.0 -9999.0 -9999.0 -9999.0 -9999.0
3.429178 3.600630 3.626288 4.002981 4.522050 4.939598 5.667763 6.231845 6.564688 6.262479 10.324837 4.769148 4.312406 4.318040 4.147638 4.095010 3.834599 3.596269 3.008598 3.552309 2.937334 2.616381 1.798861 1.042044 0.291589 -3.751166 -1.672879 -0.834041 -9999.0 -9999.0 -9999.0 -9999.0 -9999.0 -9999.0 -9999.0 -9999.0 -9999.0 -9999.0 -9999.0 -9999.0 -9999.0 -9999.0 -9999.0 -9999.0 -9999.0 -9999.0 -9999.0 -9999.0 -9999.0 -9999.0 -9999.0 -9999.0 -9999.0 -9999.0 -9999.0 -9999.0 -9999.0 -9999.0 -9999.0 -9999.0 -9999.0 -9999.0 -9999.0
3.732561 3.841949 4.011462 4.328133 4.804115 4.877547 5.341991 5.916521 7.043794 11.020799 5.124029 4.561091 4.043956 2.582877 2.342387 2.576974 5.112821 2.891576 3.758683 3.156438 2.910987 2.596775 1.742118 0.993166 0.409851 0.039723 -0.002003 -9999.0 -9999.0 -9999.0 -9999.0 -9999.0 -9999.0 -9999.0 -9999.0 -9999.0 -9999.0 -9999.0 -9999.0 -9999.0 -9999.0 -9999.0 -9999.0 -9999.0 -9999.0 -9999.0 -9999.0 -9999.0 -9999.0 -9999.0 -9999.0 -9999.0 -9999.0 -9999.0 -9999.0 -9999.0 -9999.0 -9999.0 -9999.0 -9999.0 -9999.0 -9999.0 -9999.0
