geotop_simulations/templates/TEST_Venosta_3D_034_template/rec/SoilPressure0000L0001.old.asc
ncols         252
nrows         194
xllcorner     598250.000000
yllcorner     5144500.000000
cellsize      250.000000
NODATA_value  -9999.0
[rows 24 to 47 of 194, columns 54 to 107 of 252]
-9999.0 -9999.0 -9999.0 -9999.0 -9999.0 -9999.0 -4200.977229 -4257.699038 -4153.547438 -4183.439865 -4212.751163 -4205.302073 -4247.954562 -4779.683713 34.873736 3939.491782 -4415.855783 -4436.761636 -4807.306003 -4840.213500 -4806.560299 -4692.728634 -4202.879538 -4186.205802 -4328.512293 -4417.428991 -4389.320587 -4437.805710 -4424.215495 -4433.133555 -4434.554502 -4380.700492 -4417.316743 -4496.968625 -4526.690706 -4533.172403 -4483.651778 -4492.827672 -4429.726280 -4474.178797 -4553.040730 -4907.730401 -4123.137607 -4293.040771 -4288.508400 -4296.473959 -4329.895604 -4408.890162 -3826.761349 -3804.293647 -4550.740799 -4515.547583 -4543.988798 -4105.439435
-3744.506904 -3828.267781 -3819.471602 -4247.863517 -4288.575957 -4343.803315 -4449.509725 -4500.793748 -4333.258171 -4335.903421 -4337.300192 -4383.395012 -4290.960732 -4811.535002 -424.065219 8517.746527 1019.193972 -4426.363348 -4827.564507 -4843.333507 -4750.915254 -4313.225743 -4155.410301 -4230.462151 -3991.626854 -4001.929632 -4002.774055 -4015.862501 -4020.718792 -4037.084332 -4041.835534 -4028.500037 -3990.938696 -4085.489872 -4114.490882 -3899.404386 -4104.810912 -4115.277153 -4051.020562 -4205.056866 -4223.554032 -4595.803938 -4212.951089 -4290.398553 -4384.484547 -4371.859818 -4400.626685 -3724.029539 -3806.538207 -3831.160767 -4092.482442 -4126.354509 -4131.955560 -4186.265166
-4003.066129 -4016.646751 -3978.929485 -4287.064173 -4433.199409 -4361.453417 -4384.304087 -4487.604914 -4462.348611 -4308.022435 -4261.425923 -4259.895199 -4361.653664 -4234.897251 -4756.430856 4485.331592 5488.896784 -4344.735113 -4837.184892 -4884.402724 -4847.405976 -4165.658958 -3975.433575 -4145.050801 -4199.292858 -4166.679136 -4139.700297 -4163.709866 -4170.682178 -4170.342858 -4157.352022 -4142.650795 -4138.201052 -4229.296235 -4179.910400 -4153.938041 -4139.317717 -4059.936289 -4100.320531 -4841.769554 -4714.588161 -3889.387603 -3868.576287 -3875.776065 -3773.677552 -3701.413445 -4271.866825 -3463.651965 -3397.770404 -4278.685870 -4429.216421 -4339.664842 -3291.143366 -3516.208301
-4412.875614 -4039.346804 -4380.645343 -4381.746646 -4383.959633 -4370.869889 -4323.700128 -4198.219863 -4110.354534 -4445.170390 -4282.944119 -4301.426566 -4244.778679 -4301.595658 -4311.857290 4.847849 5019.743973 3857.821152 -4418.714041 -4889.458985 -4872.214289 -4403.160328 -4002.652671 -4427.966892 -4189.405605 -3930.658753 -4460.199821 -4127.571633 -4025.423145 -4013.633324 -4028.226616 -4203.621894 -4193.019824 -4265.206336 -4131.416175 -4998.424228 -4989.754209 -4941.919545 5557.759086 -4808.535350 -4195.217491 -4137.980062 -4166.121620 -4138.167389 -4165.677673 -3732.535270 -3707.310528 -3501.787621 -4321.492406 -4327.079254 -4195.321504 -4202.710116 -3422.852915 -3265.534581
-4002.458138 -4349.504554 -4253.846328 -4227.984782 -4227.248914 -4208.678014 -4174.402459 -4158.294807 -4157.616927 -4126.454342 -4141.826155 -4156.105006 -4152.359988 -4133.507105 -4120.465262 -4235.757653 8.648080 7064.550804 4322.044294 -4396.738602 -4453.047904 -4387.673936 -4329.933165 -4390.774293 -4337.784779 -4304.949907 -4344.076770 -4389.556016 -4212.838505 -4280.589115 -4241.472513 -4432.263941 -4425.238747 -4455.038699 -4390.652056 -4925.056875 -2024.172043 7263.478333 -1458.783028 -4583.148868 -4667.116782 -4161.474383 -4135.839924 -4172.590762 -4244.219295 -4411.039401 -4435.532056 -4466.308588 -4463.248821 -4309.590668 -3111.387528 -4539.725555 -6555.590261 -5778.290876
-4029.113062 -4208.209698 -4221.326846 -4230.771243 -4260.110771 -4284.453552 -4246.719499 -4168.766528 -4625.175111 -4180.580499 -4076.651303 -4058.897688 -4061.646827 -4078.571807 -4090.496872 -4632.861457 275.890705 5707.409759 11654.203115 8173.805544 -4440.206702 -4463.522072 -4013.969027 -4037.152529 -4028.818436 -3994.267749 -3974.906559 -3980.334820 -3785.329554 -4221.891340 -4021.207421 -4402.663286 -4475.318335 -4548.080988 -4375.133817 -4278.740991 -3415.292584 -3335.886326 -3345.280644 -3360.745205 -3598.050079 -3849.428145 -4043.800052 -4113.847009 -4139.225809 -4164.532204 -4684.646334 -4687.981451 -4654.403847 -4421.248206 -4429.270667 -4146.813139 -4038.593163 -4061.791828
-4015.397319 -4125.659746 -3957.452137 -3987.467775 -3987.229286 -3999.832415 -3931.851627 -4594.145008 -3987.782509 -3960.930770 -4299.628943 -4240.187192 -4199.283162 -4287.264054 -4087.254573 -4256.448497 216.024390 2751.829966 12961.847592 17687.457041 10564.223278 -4464.676707 -4481.559148 -4932.254963 -4952.310707 -4348.572535 -4041.237574 -4024.431723 -4158.415665 -4790.478522 -4787.329239 -4680.009555 -4584.415037 -3904.070032 -3987.392819 -3724.747512 -3751.923183 -3726.826265 -3709.055538 -3749.148293 -3858.025589 -4070.329123 -4098.762098 -4284.631717 -4360.908166 -4411.816309 -4452.408521 -4485.373696 -4623.443301 -4829.500985 -4792.963945 -4554.571779 -4636.446575 -4106.376994
-3938.312737 -4076.733223 -4510.844100 -4510.399580 -4472.341391 -4405.256230 -4832.236345 -4742.994825 -4549.275917 -4287.769058 -4698.850062 -4691.954660 -4381.434801 -4382.859536 -4360.633517 -4323.037654 -4311.550678 6035.675447 4599.016298 23474.861011 24762.658796 17237.047154 -4428.304943 -4802.163027 -4827.336886 -4809.581777 -4793.788690 -4070.382992 -4170.291386 -3965.731939 -4600.973666 -4638.708360 -4631.948781 -4226.831219 -4289.092355 -4367.082306 -4384.706145 -4268.114488 -4339.121420 -4335.153078 -4419.893047 -4451.327452 -4534.534970 -4479.956664 -4503.668369 -4336.780736 -4608.919036 -4560.259790 -4319.465431 -4460.469135 -4360.966729 -4343.235346 -4318.140456 -4367.723884
-4213.795319 -3983.489603 -4258.325024 -4279.055797 -4829.493436 -4207.232989 -4600.948256 -4177.606773 -4201.376651 -4497.341006 -4320.619426 -4124.555146 -4341.836078 -4098.895450 -4432.033337 -4107.439055 -4126.768274 8966.259561 31066.467001 28173.762239 31373.763048 32256.521459 11741.316065 -4681.460519 -4639.524677 -4403.752042 -4282.873032 -3981.398670 -3932.534631 -3918.032275 -3901.977485 -3865.852823 -3866.835225 -3893.018207 -3946.078511 -4030.466469 -4099.885230 -4093.572071 -4113.972440 -4068.383494 -3844.750652 -3922.327442 -3840.399928 -3713.755051 -3597.986232 -4060.096513 -4156.911251 -4368.721295 -4492.321948 -4342.966572 -4333.408893 -4335.509064 -4397.712680 -3888.487982
-3939.359175 -3898.428977 -3896.766332 -3984.476535 -4689.898382 -4447.353761 -4459.605172 -4464.593222 -4249.296951 -4207.224418 -4459.440608 -4450.484501 -4202.681133 -4184.165679 -3760.129369 -4136.499976 -4041.003078 -635.097325 22306.835599 11142.450001 32558.242722 42763.451499 5091.330958 -4287.394510 -4049.676245 -4019.454177 -3975.635937 -3637.728827 -3647.744471 -3482.748637 -3614.928996 -3663.170225 -3633.949970 -3802.772207 -3763.560810 -3812.309874 -3931.474910 -4067.519147 -4084.787406 -3480.694817 -3665.577143 -3743.712654 -4143.551398 -4014.703226 -3897.848792 -3850.442364 -3694.191634 -3787.970840 -4279.011333 -4267.650531 -4303.947923 -4325.454165 -4298.379406 -3643.064330
-3761.159488 -3769.780481 -3718.336269 -3824.867665 -4507.788915 -4374.510233 -3528.584546 -3598.633157 -3878.843812 -3861.676003 -3833.267474 -3490.861909 -3472.357905 -3492.424927 -3437.210602 -3322.872608 -3354.942548 -3510.170902 20132.453671 40480.426695 30426.552709 7134.029386 1555.962855 -4304.492072 -3581.747630 -3514.969059 -3433.074472 -3299.671239 -3621.877431 -3174.120910 -3255.166105 -3099.634410 -3347.948068 -3499.402003 -3032.309731 -3217.549584 -3165.046187 -3209.864896 -3168.429513 -3314.792438 -41527.185508 -3713.809715 -3818.834550 -3568.421467 -3840.838962 -3596.977808 -6720.065358 -3148.327238 -3612.853170 -3620.989736 -3711.105539 -3596.479879 -4345.291620 -29817.826748
-3761.044189 -3777.027727 -3829.658976 -3794.473311 -4344.583666 -4315.797912 -3449.974405 -3528.699535 -3852.206280 -3851.048053 -3817.084048 -3385.311750 -3414.301707 -3433.199674 -3389.044751 -3367.992906 -3375.808529 -3423.828392 3725.499779 29536.722796 14886.691476 19144.742402 2448.365369 -4185.516441 -3545.195423 -3489.891609 -3422.268551 -3304.502714 -3564.857258 -3229.751757 -3302.168340 -3240.757756 -3333.731979 -3164.830832 -3193.023636 -3112.294134 -3305.361251 -3297.549764 -3365.841979 -3545.878416 -41033.147091 -3538.874533 -3808.773723 -3546.029651 -3541.452108 -3735.507676 -3638.486945 -3074.390463 -3032.150012 -3608.139377 -3618.496533 -3865.029953 -8566.500061 -29454.913830
-3909.043627 -3786.090971 -3753.338119 -4170.287505 -4166.327894 -3299.372716 -3385.590626 -3760.743908 -3816.593702 -3812.288709 -3782.309293 -3735.572062 -3286.034098 -3338.765956 -3307.231666 -3356.509786 -3387.462612 -3389.201678 -3209.144522 24670.795085 42825.905121 30216.031326 8210.314070 -4122.607671 -4145.792863 -3459.542436 -3404.429238 -3304.620270 -3351.029344 -3319.869138 -3292.088716 -3542.314458 -3290.591060 -3258.894323 -3524.535490 -3089.659648 -3419.739052 -3478.768007 -3551.850486 -3487.028971 -16205.036709 -38014.277379 -3654.490974 -3748.235655 -3734.245235 -3696.925254 -3433.767991 -14670.705688 -3348.797190 -3050.233725 -29989.316664 -7127.100199 -14654.178307 -3547.873033
-3707.852363 -3788.082329 -4120.671364 -3072.485728 -3061.474755 -3165.380103 -3365.111789 -3748.797251 -3755.538695 -3733.097621 -3672.226833 -3604.621383 -3125.295509 -3198.924389 -3237.009788 -3297.739347 -3329.194047 -3360.476887 -4079.651734 13096.803222 8673.605520 23713.572446 6889.331572 -4034.975712 -3517.180440 -3511.247205 -3355.558041 -3281.080836 -3405.207706 -3379.687766 -3574.167184 -3647.327126 -3371.976016 -3273.137905 -3594.139496 -3322.059677 -3408.941195 -3529.403946 -3624.613725 -3485.758344 -3351.863672 -41229.877498 -4456.122260 -3670.761205 -3665.327774 -3661.261445 -3496.550055 -4788.030849 -3780.646042 -2935.966378 -3178.174181 -2959.763704 -3807.338198 -31950.996534
-4506.741239 -4153.078242 -3043.897246 -3011.599716 -2970.495160 -3486.387181 -3593.640634 -3605.772211 -3537.446639 -3544.157381 -3558.803158 -3506.699707 -3027.977106 -3130.775391 -3205.331887 -3248.875801 -3269.725941 -3322.973416 -3386.614875 5756.061193 7401.083370 22807.735868 4826.632932 -3966.985031 -3460.190904 -3458.281948 -3323.337504 -3276.691623 -3208.611069 -3403.659663 -3731.130390 -3869.449714 -3564.518942 -3534.445058 -3429.521684 -3645.330930 -3271.469780 -3365.778711 -3583.726372 -3441.621327 -3503.862984 -42999.446985 -40362.331703 -3531.431781 -3563.298075 -3547.803872 -3687.858610 -5141.509660 -3641.237658 -3085.963889 -3025.316561 -2485.937272 -3193.062065 -19272.623649
-4305.447936 -3089.329010 -3026.732244 -3320.399444 -3334.485597 -3335.203076 -3428.734481 -3468.830086 -3399.415521 -3385.661680 -3425.636063 -3407.962392 -3422.417053 -3052.035377 -3144.946470 -3180.215714 -3232.982390 -3278.954247 -3326.543231 1870.141339 26619.717151 24472.499897 3104.470192 -3913.606604 -3421.473904 -3432.208548 -3321.601604 -3258.832347 -3439.583966 -3503.591958 -3866.966966 -3892.463673 -3900.740034 -3597.517652 -3318.468191 -4250.419495 -3981.429497 -3460.879637 -3720.551898 -3659.424316 -3896.157176 -34895.442716 -23420.545679 -3715.381919 -3410.994651 -3469.859928 -4454.740150 -3812.254592 -3700.879024 -3578.982402 -2469.177639 -1555.777736 -2926.487412 -12567.306506
-4174.182208 -3123.893440 -3404.237591 -3346.868460 -3194.859827 -3078.321120 -3509.772644 -3338.747872 -3722.515418 -3539.590359 -3519.138790 -3344.089993 -3346.154493 -3338.647051 -3038.723636 -3110.700957 -3185.591709 -3221.435030 -3271.293204 677.773338 2877.630842 19274.804037 2252.647052 -3884.511131 -3379.649207 -3402.713474 -3291.541541 -3248.412776 -3197.840539 -3516.234624 -3538.969025 -3596.077358 -3590.634149 -3579.837958 -3550.493853 -3592.012331 -5857.016311 -5673.291272 -3468.866086 -3432.912349 -3411.920809 -31991.699406 -19947.248688 -7109.428900 -3402.961623 -3892.459594 -3845.281901 -3813.999347 -4066.477017 -14800.848251 -1805.917819 -1164.513780 -1724.691623 -12447.658312
-4175.681463 -3172.877638 -3401.987590 -3240.146099 -3240.703602 -3776.127555 -3361.039458 -3158.531188 -3520.673771 -3570.620867 -3424.171746 -3449.875816 -3237.572086 -3278.104418 -2954.746682 -3054.648778 -3131.943778 -3166.438749 -3228.015514 384.444783 2478.510467 17959.311153 2433.903960 -3808.709656 -3719.040940 -3353.440678 -3396.639216 -3147.549721 -3144.436799 -3158.205031 -3148.834759 -3517.978905 -3463.866987 -3455.723932 -3507.269144 -3410.567071 -4924.954013 -5573.569109 -7603.795824 -9577.316166 -4571.167663 -3235.481250 -3304.758610 -9714.358729 -3413.420587 -3502.632078 -3973.668460 -3867.479656 -3663.171984 -8729.542141 -2140.094540 -1241.396973 -1538.100790 -16711.785193
-4189.000796 -3489.605283 -3414.015846 -3178.620359 -3962.637524 -6983.308863 -3218.031918 -3371.523122 -3291.836608 -3496.352896 -3296.036020 -3205.154539 -3563.605893 -3142.427572 -3139.797800 -2982.916814 -3070.861299 -3121.172930 -3206.887281 205.832949 24591.748600 18470.984973 821.446825 -3776.726759 -3297.997772 -3312.004383 -3352.145032 -3373.950927 -3207.427392 -3158.963277 -3136.001461 -3151.137606 -3447.839010 -3385.522658 -3413.408906 -3424.905771 -3478.122675 -3486.523038 -3713.062459 -4790.446166 -7487.572623 -3438.567450 -3428.307035 -35670.552026 -3413.118743 -3523.371361 -4153.713096 -6118.524689 -28472.858017 -21093.216964 -5588.922768 -1881.657062 -2060.256904 -6281.167297
-3563.061886 -3453.772262 -3415.112699 -3297.877756 -4128.390712 -14142.539016 -3594.773863 -3045.716634 -3335.537167 -3410.548221 -3318.092505 -3244.209139 -3342.275512 -3031.768111 -3077.334041 -3113.977183 -3033.829393 -3089.106407 -3182.853977 -2389.157077 3411.841547 5419.145010 402.776316 -3330.551945 -3277.943674 -3281.126677 -3246.587957 -3235.455417 -3577.153766 -3498.394534 -3189.026945 -3120.765767 -3230.373731 -3309.789666 -3202.455244 -3300.897175 -3378.116031 -3418.463079 -3499.180290 -3895.110171 -3667.905561 -3707.246110 -41215.469968 -37954.376936 -5586.401147 -3940.630477 -6722.959892 -8962.578640 -9814.771724 -12482.297077 -34226.614464 -32403.802983 -23749.553657 -14750.401615
-3484.817614 -3368.849275 -3364.385024 -3382.878891 -3327.427672 -6690.980404 -8077.608219 -3897.718398 -10133.980691 -3428.210647 -3376.069341 -3400.426562 -3459.606933 -3035.140635 -3112.160992 -3006.837008 -3026.925503 -3086.031740 -3169.677416 -3230.862823 5.609035 2281.779434 -440.238168 -3297.445578 -3294.082753 -3247.666283 -3240.360078 -3258.003989 -3339.075053 -3775.680556 -3848.580465 -3794.042271 -3310.143742 -3549.229745 -3757.897076 -6295.686294 -15128.918809 -3980.746565 -4830.454654 -3770.066222 -3853.556801 -4627.886379 -37109.136605 -36682.394645 -7546.740695 -2880.947018 -2523.730666 -3792.441737 -11997.321619 -13790.733700 -24276.889758 -48769.317020 -19512.734157 -5335.485621
-3448.872750 -3227.017385 -3197.464980 -3303.972357 -3405.976809 -4663.770312 -5713.649414 -5244.380924 -10119.896034 -3501.015961 -3325.637333 -3419.103559 -3476.341486 -3036.638317 -3048.130612 -2876.257467 -2910.121006 -3011.547697 -3109.385705 -3181.029003 -118.041635 1289.075300 -3554.938680 -3586.055932 -3270.507194 -3661.791333 -3266.303611 -3283.753777 -3719.920663 -3708.567414 -3695.023108 -3749.023461 -3305.414524 -3481.569119 -3517.343904 -5817.693238 -8102.403921 -20001.019575 -11177.941514 -3481.773565 -3665.735296 -5324.898128 -31287.751010 -34113.267862 -8764.614995 -3689.233814 -9016.192578 -6697.141884 -16122.392647 -34674.984815 -33589.323870 -7282.883065 -4180.860765 -3877.269453
-3365.719417 -3111.537774 -3498.861248 -4241.947459 -5154.133195 -5482.463858 -7092.411642 -8134.577276 -3454.958264 -3356.278719 -3432.333733 -3505.365322 -3964.684682 -2968.247718 -2965.142146 -2670.017938 -2862.542390 -2985.855209 -3064.768880 -3141.071398 -485.465187 600.006490 -3550.846769 -3268.566303 -3262.067757 -3672.318096 -3166.185337 -3776.875085 -3783.154910 -3807.567104 -3788.551524 -3374.927216 -3403.969298 -3630.368921 -3643.077849 -4476.833794 -13271.919841 -27216.817044 -5752.398442 -3769.560511 -3572.408133 -8384.625539 -28314.287099 -3786.789426 -6274.729519 -5250.730861 -22243.096120 -21706.764229 -6847.752244 -4304.518407 -4014.202735 -3844.785101 -3934.299819 -4062.612696
-3361.000940 -3166.786876 -3263.800975 -3563.014542 -3870.075922 -3668.011268 -3686.628768 -3638.209701 -3512.371423 -3533.214235 -3537.132450 -6030.529941 -3641.772217 -2906.817142 -2746.176433 -2725.621301 -2896.468525 -3002.379168 -3281.904198 -3278.827522 132.654716 701.710388 -3557.996007 -3257.792989 -3253.731562 -3646.842401 -3226.546472 -3178.765018 -3125.035262 -3103.687187 -3147.085326 -3125.291299 -3452.389329 -3394.218019 -3293.560155 -3774.636627 -4485.256910 -3718.312279 -6595.939251 -4398.477000 -3529.497436 -11262.530941 -7053.402555 -2207.437421 -3733.497759 -10249.526493 -19834.947762 -26122.966611 -6543.842121 -3819.168822 -3964.291957 -4009.483851 -4073.823889 -4161.413543
