geotop_simulations/templates/TEST_Venosta_3D_034_template/rec/SoilTemperature0000L0005.old.asc
ncols         252
nrows         194
xllcorner     598250.000000
yllcorner     5144500.000000
cellsize      250.000000
NODATA_value  -9999.0
[rows 56 to 83 of 194, columns 126 to 188 of 252]
2.184890 2.509834 0.944691 3.969295 3.309856 3.396375 2.910754 1.291600 0.805399 -1.103634 -1.547383 -0.823941 1.812161 2.584832 3.201266 3.913796 4.353670 4.368548 3.941119 0.493554 0.670550 1.648601 2.770591 3.514491 4.378617 5.322716 7.232720 7.349935 7.027446 5.354559 4.630935 5.811966 5.344024 6.052386 7.317718 9.433013 10.336562 6.191865 5.944530 5.576423 5.524073 5.753783 6.320669 11.741318 7.477033 7.442455 6.949258 6.255882 5.746512 5.425913 8.985682 8.519149 8.350244 7.552252 6.295953 6.774480 7.149113 6.500614 7.156597 7.379328 6.610079 5.842531 6.432861
2.616264 2.805454 1.084970 4.474100 3.823511 3.398873 2.519407 0.983364 0.214408 -1.708196 -1.555764 -0.633110 2.085434 2.179111 2.573689 2.974119 3.586207 3.686554 2.761489 2.450799 0.364330 4.334236 5.623882 3.263769 4.126749 5.158141 7.349476 7.701411 7.475462 5.891396 5.254373 4.559681 6.046233 6.577733 7.671030 9.589898 10.816863 6.654734 6.576202 6.401798 6.431676 6.610475 7.110632 7.624555 8.134025 8.102562 7.607787 7.060743 6.790828 6.440265 5.948351 5.313733 4.617914 7.218660 6.223246 6.989873 7.641932 7.651541 8.019438 8.130457 7.495103 6.581240 7.109982
3.013019 3.089727 1.276719 0.670863 4.062610 2.976746 2.013133 0.749023 -0.985402 -1.537801 -0.814098 -0.764593 -0.002849 0.669860 1.746983 2.496256 2.650111 2.323289 1.773757 2.042833 3.105642 4.171812 5.331717 7.195212 8.307176 4.876240 5.694459 7.843151 7.837018 6.406045 5.922244 5.291398 6.846581 4.681962 8.181330 9.679118 11.177562 7.018019 7.200567 7.226380 7.328376 7.538543 7.983579 8.456678 8.822875 8.794502 8.401806 8.046908 7.764223 7.381184 6.771774 5.891565 4.911718 4.020462 6.668245 7.144452 7.710782 8.420943 8.803478 8.544598 8.194129 7.907843 8.116070
3.473294 3.238028 2.012150 0.846463 4.144976 3.261242 1.763338 0.176130 -0.892672 -1.455294 -0.538151 -0.479992 -0.812042 -0.953789 0.525672 1.872100 1.964937 2.065994 2.483648 3.534356 4.362590 4.889352 5.801252 7.344178 7.850348 4.682078 5.353660 6.214900 8.265028 6.888778 6.620251 6.120732 5.615382 5.445016 5.713447 6.257523 6.875740 7.531883 7.908423 8.034862 8.186601 8.456061 8.887123 9.348445 11.899336 9.643623 9.348371 9.018804 8.660670 8.099439 6.952719 6.304683 5.403334 4.584385 3.867717 7.607016 7.849322 8.040296 8.569398 8.922899 9.086028 9.164019 9.234127
3.361768 2.722126 1.223874 0.849825 4.832861 4.349258 2.758821 1.526623 -0.797957 -1.401039 -0.577378 -0.458195 -0.708530 -0.860760 1.212389 2.919051 3.415063 3.889707 4.137206 4.539840 4.929153 5.435840 6.150018 6.884573 7.133374 4.421929 5.038083 5.908935 6.679147 8.795951 8.699790 6.948855 6.537134 6.312295 6.487442 6.932872 7.537308 8.143268 8.579833 8.785917 8.976256 9.277272 9.708568 12.214970 12.607132 14.581154 12.196612 9.838500 9.320300 8.281771 7.476011 6.533507 5.984591 5.032050 4.188340 7.597548 7.274301 6.305002 6.876275 8.448087 9.525945 10.161022 4.445289
2.746801 1.554830 0.822255 0.531043 5.143453 4.584222 2.933963 1.661385 -1.192350 -1.436968 -0.533120 -0.479047 -0.648322 -1.604553 2.138987 3.976433 4.570716 4.736802 4.671361 4.968980 5.426306 5.875862 6.400093 6.943326 7.415518 4.506112 5.076502 5.628407 6.347198 7.004929 9.223955 7.583765 7.373185 7.207161 7.350429 7.683634 8.190913 8.705552 9.083366 13.547757 13.677888 13.995789 14.419918 14.784928 15.232800 15.154918 14.900440 12.332153 9.496992 8.790539 7.951994 6.978351 6.373315 5.331249 4.348373 3.739242 6.936466 6.760499 6.720048 7.271220 8.493852 9.802256 10.857135
1.518423 0.687290 4.743526 4.482152 3.713053 2.924152 2.011863 0.743712 -2.421408 -1.474213 -0.469342 -0.561987 -0.168646 0.169983 2.362834 3.649884 4.821553 5.440967 5.331425 5.474267 6.214041 6.633239 6.924513 7.430678 8.002950 8.507376 5.179498 5.451720 5.859238 6.428123 8.429427 7.700604 7.944694 7.962506 9.938753 8.370063 8.732997 9.044797 12.514527 12.348628 12.483049 13.486750 14.004041 14.573391 14.933532 15.215990 15.347056 12.798353 12.217216 9.188309 8.331443 7.369520 6.306679 5.647512 4.751347 4.387981 4.270890 8.517279 8.686564 8.474149 8.105450 7.836224 8.241349
0.625867 3.547320 3.974241 3.608597 2.613352 1.769904 1.162990 0.198479 -2.181799 -1.508992 -0.566625 -0.280155 -0.179418 0.199117 1.768297 2.987946 4.188344 5.460211 5.807765 6.056227 6.799541 7.295390 7.517115 3.951077 4.372139 4.752027 4.978619 5.191979 5.431771 5.848238 6.442680 7.096559 9.492365 10.105912 10.483656 10.819122 8.815967 8.839147 8.852919 8.778687 8.763513 8.941700 9.274634 9.668846 10.104972 14.776865 13.215067 13.268822 12.592214 9.607386 8.771549 7.803943 6.710208 5.635211 5.460203 5.109283 4.834677 4.644830 4.554562 9.452292 9.224190 8.649260 8.115985
3.672115 2.689879 2.685869 2.362343 1.694262 1.151332 -2.511295 -0.919651 -0.680734 -1.316148 -0.517728 -0.239325 -0.409567 0.772380 1.768315 2.874219 4.379843 5.441446 5.849546 6.155563 7.218745 7.628094 3.491806 3.779406 4.065779 4.313748 4.555354 4.796038 5.031149 5.366816 5.923688 6.506398 7.102885 9.263320 8.145070 8.356444 8.463219 8.424355 8.237930 8.029665 7.888586 7.936251 8.183711 8.519092 8.990473 9.504518 10.200636 10.738829 13.013807 10.045438 9.253142 8.612857 7.167073 6.161138 6.174061 5.864502 5.534980 5.340057 5.133921 4.972785 9.878046 9.978211 4.661144
3.686262 2.514987 1.805720 1.015850 0.569396 -0.019365 -0.928125 -0.719964 -0.498318 -0.516319 -0.466778 -0.217541 -0.503752 0.169318 1.912633 2.924599 4.121981 4.824452 5.084540 5.530827 1.896371 2.507184 5.877710 2.562191 2.833354 3.233582 3.682485 3.985516 4.281165 4.665836 5.237660 5.910205 6.403151 6.994069 7.516091 7.840415 7.919850 7.789325 7.508851 7.219483 7.002116 6.931968 7.091189 7.429450 7.966413 8.456785 8.945371 10.269518 13.238013 12.943508 12.397160 9.130190 8.133835 7.288480 6.874040 6.613629 6.314847 6.064472 5.819280 5.585537 5.394157 5.231247 4.933763
4.255939 3.826231 2.864811 1.688687 0.194207 -0.856663 -0.818023 -0.573460 -0.458461 -0.465558 -0.040408 -0.003113 0.218961 0.234572 2.079077 2.862177 3.341490 3.320822 3.120115 3.379972 3.754232 4.232676 4.267739 4.273933 4.515339 4.876407 2.699700 5.596031 6.741016 7.807615 4.866062 5.362002 5.772398 6.263235 6.720271 7.039580 7.105762 6.975635 6.675961 6.294022 6.016067 5.768960 6.150892 9.411697 7.241689 8.074361 8.084251 9.280904 10.539391 13.121881 12.599530 9.636606 8.708961 7.897941 7.547313 7.318866 7.098673 6.846281 6.538182 6.249691 5.979444 5.679581 5.255298
0.630689 5.130177 4.749054 3.593494 1.849739 -0.001761 -0.681532 -0.501507 -0.576996 -0.036366 1.125600 1.577825 1.151900 1.131014 2.133351 2.135269 1.843233 1.741273 1.894154 2.207018 2.756664 3.207797 3.238779 3.428598 3.725454 4.093358 4.530733 5.596309 7.201823 8.140805 4.691750 5.080944 5.350787 5.678726 5.969724 6.248534 6.313065 6.186754 5.857413 5.505492 5.234979 5.421209 9.193091 10.768821 7.287878 7.723914 8.106588 7.719887 10.135790 13.136428 12.842271 12.122131 9.244232 8.538624 8.225555 7.983322 7.817487 7.625171 7.272753 6.922781 6.582058 6.171176 5.676749
1.328691 5.912782 5.294656 3.970682 2.908720 1.696136 -0.487505 -0.583537 -0.350694 0.281130 2.218106 2.898836 2.794008 1.587459 1.708317 1.174226 0.131618 0.129336 0.600186 1.776747 2.556528 3.294546 3.837954 4.016894 4.065642 4.181473 4.560012 5.645191 6.628648 6.989610 3.956164 4.506214 4.801364 5.081702 5.236578 5.537170 5.668477 5.548552 5.346558 5.111130 5.003629 5.388221 9.838999 10.777617 11.432704 7.424239 7.910788 8.227673 9.590347 10.486549 7.446270 12.693028 11.888020 9.204897 8.907060 8.654853 8.499103 8.344052 8.000341 7.611736 7.218977 6.749175 6.194064
-0.004753 3.895667 3.568551 3.073161 2.908476 1.937858 -0.001158 -1.295979 1.194269 2.223572 2.850992 3.522680 3.827803 2.489570 1.408528 1.021343 -2.929203 -0.015521 1.681941 2.921675 3.763382 4.639445 5.447163 5.468155 5.623353 5.483081 5.270103 5.449728 5.543721 6.074582 7.513542 8.310203 4.364255 4.696550 4.862976 5.020806 5.014768 4.794092 4.611071 4.513721 4.556139 8.296199 9.466736 10.405384 11.500945 7.369736 7.913604 8.544916 9.185786 10.045735 5.422264 5.237662 12.614033 9.804508 9.527522 9.295421 9.156332 9.006476 8.705849 8.310982 11.113062 10.581916 6.792043
2.148695 2.105676 2.000302 1.674530 1.825960 0.357746 0.232080 1.070795 2.773642 2.749908 3.290303 4.199765 4.330782 3.544748 2.492701 1.532381 2.194719 3.151751 4.039822 4.848240 5.404231 5.881647 6.326269 6.177255 5.919230 5.587280 4.760644 4.113481 4.448422 6.537712 8.202476 8.155374 3.904346 4.149533 4.206623 4.084443 4.074162 6.005998 3.597981 3.745708 7.026032 8.093130 9.302507 11.057838 12.746375 14.133300 8.311043 8.758126 8.919021 9.153305 3.477320 5.110795 5.230560 12.192176 9.936244 9.738812 12.872796 12.602973 12.341970 11.996188 11.663646 11.192213 10.521635
3.745326 2.706550 1.664145 0.800927 0.238875 -0.100144 -1.688706 2.630930 3.443516 3.645922 4.295972 5.035584 4.987744 4.436110 3.601177 2.891965 3.270686 4.113963 4.707147 5.403169 5.970038 6.586909 7.048985 6.858126 5.763284 4.397801 3.424997 3.832521 5.599394 7.537571 7.818351 7.156132 2.540343 3.076973 2.866194 5.281496 5.248590 5.665558 6.702292 7.906167 8.805469 9.588473 10.642142 12.282713 13.609650 7.779561 8.236799 8.164160 8.233735 8.204746 8.438621 8.766821 9.052278 9.084342 11.380867 9.063554 8.916564 11.248915 11.595807 12.326736 12.222427 8.649717 8.158259
0.336859 -0.006084 2.622629 1.703008 0.263491 -0.727600 1.024772 3.199833 3.959237 4.532273 5.103587 5.758853 5.427259 4.941570 5.261532 4.779306 4.661285 5.071670 5.530302 5.954796 6.518796 7.293148 7.547295 6.849701 4.731009 3.086626 2.895216 4.865415 6.408843 6.951758 6.486479 5.756259 5.121134 4.435360 4.051957 3.923712 4.800089 7.049894 8.559119 9.069298 9.541934 10.242760 11.422477 6.402265 6.918185 7.592617 7.475264 7.392803 7.340542 7.343225 7.497761 7.631455 8.018961 8.096672 7.998491 8.085766 8.063998 7.853775 7.717970 7.935450 8.297708 11.911631 11.779397
0.386497 0.028957 3.148068 2.009137 0.162438 -1.342879 2.462748 3.343134 3.815794 4.373451 4.958086 5.537592 5.558891 5.470957 6.111462 6.415694 5.824098 6.050924 6.364065 6.537534 7.213501 7.879802 7.744195 2.055401 4.349064 3.161242 3.416571 4.528095 4.658106 4.003236 3.809458 3.445122 3.127403 2.983162 3.486154 4.726093 6.514396 7.846515 8.632905 9.354434 10.084590 5.518082 6.091691 6.610947 7.052104 7.010008 6.697078 6.412240 6.248034 6.280643 6.457733 6.733561 7.121957 7.120863 6.890553 7.049986 7.163564 7.017530 6.857429 7.138738 8.495704 9.283979 10.689704
0.386735 0.023987 -0.024309 1.469968 -0.640416 -0.511766 0.259504 2.344373 2.845597 3.104469 3.722122 4.310100 4.773199 6.271157 7.015582 7.251058 6.890201 6.749242 7.059949 7.249558 7.694803 8.259897 2.745644 2.168230 0.803531 4.042776 4.610267 5.087531 4.124562 2.629163 1.877304 1.626535 1.287508 1.305571 2.794682 4.972083 6.343880 6.971136 7.628956 8.414271 9.396565 11.324776 5.683875 6.368578 6.383686 5.929737 5.590410 5.440864 7.829621 5.228517 5.219927 5.732861 6.211267 6.208263 5.966355 6.012646 6.161324 6.231288 6.401538 6.877119 6.834705 6.452269 6.892057
0.085757 -0.012771 2.065361 0.864447 0.299008 1.241250 1.638732 1.992411 2.266038 2.573170 3.415379 4.063271 4.774546 6.396640 7.786705 1.913013 7.878441 7.401883 7.620336 7.965756 8.228337 2.949509 2.955634 2.378472 5.378681 5.191370 5.348875 5.764371 5.373347 4.280341 2.997583 1.588177 0.645964 2.228500 3.704282 3.768892 3.585854 4.404321 6.080008 8.253312 10.460128 12.609166 5.557766 5.706026 5.191296 4.962841 4.893104 4.649151 8.511218 9.743852 4.870213 5.037168 5.344444 5.301641 4.807051 4.929201 5.442612 5.855279 6.132287 6.355253 6.219949 5.618542 5.974637
0.058928 -0.008962 2.364989 2.214938 2.830718 2.882192 2.616554 2.100333 0.931771 1.796138 2.979907 3.057836 3.782772 5.628077 6.847439 0.983069 2.083731 2.814489 2.908650 3.049703 3.191272 3.222081 3.093498 2.564291 6.301099 6.244781 6.079701 6.154824 5.545362 4.642673 4.445083 3.990248 4.448323 5.366503 5.499393 4.599198 3.590871 4.594564 7.198651 9.937330 11.774920 4.858687 5.320444 4.746215 4.221730 6.813060 7.101640 7.888684 9.281543 10.506983 4.982545 4.838669 4.654453 4.324310 4.098382 4.657538 5.016289 5.797322 6.110236 5.745469 5.579906 4.865432 5.253858
0.055070 -0.006186 3.533330 3.934851 3.802119 3.154157 1.655506 -0.457296 -0.751575 0.195390 2.527302 2.399726 3.685304 5.760924 6.522683 0.361711 0.648615 1.705259 3.224584 3.396592 3.555920 3.587272 3.321258 2.722632 6.795949 1.279582 0.632631 5.267651 4.442837 3.178015 2.599839 2.852431 5.002561 5.774941 5.710195 5.410790 6.241572 7.340454 9.200162 11.332164 12.539638 4.658198 4.192886 3.673839 5.883147 5.424550 5.674269 6.864292 8.620758 3.659723 8.822359 3.797430 3.815933 7.116908 8.369654 4.860387 5.358991 5.618730 5.594412 5.024814 4.767622 4.124192 4.335643
-0.003906 0.021035 4.748495 4.589650 3.591063 2.221886 -1.322799 -0.635897 -0.568541 2.414119 3.272392 3.678569 5.377335 6.024678 5.850433 0.030123 0.046357 0.471276 1.279142 2.819548 3.745432 3.784550 3.357169 2.664454 0.889825 0.588350 0.334006 4.632163 3.657182 2.299001 0.909905 0.920908 3.117422 5.045996 6.036454 5.987299 6.866780 8.068030 9.885591 11.964455 3.714731 3.456188 3.109816 5.580395 5.311706 5.296697 5.147914 5.917290 7.542750 7.832539 7.130518 6.165869 6.416843 8.271149 10.082348 4.891879 5.116740 5.356801 4.679255 4.316000 3.896692 3.357872 3.556510
3.432998 -0.002935 -0.021330 4.075866 3.104964 1.310149 -0.782251 -0.566813 -0.239175 3.145756 4.082165 4.801754 6.263024 5.411518 4.795892 -0.004322 -0.004641 0.003974 0.034722 0.890350 2.246507 3.652982 3.365672 1.792075 0.877340 0.599392 0.441873 5.878283 4.463450 2.700461 2.138920 2.282037 3.394328 4.225904 5.075288 6.228214 7.108926 8.185828 9.923769 11.471715 1.585872 2.347126 2.260264 6.442411 6.555880 5.853243 5.334558 5.607010 6.222544 5.970190 5.181963 4.866632 6.251371 8.489113 10.494714 4.254189 4.700987 4.237344 3.913815 3.552251 3.238622 2.706654 2.968509
3.382387 -0.045180 -0.051915 2.707040 2.116667 0.939648 -0.497890 -0.538633 0.256916 3.432084 4.166493 4.984948 4.543274 4.055988 3.153324 -0.037527 2.142439 2.628594 -0.006334 0.394554 0.998035 3.021851 3.321717 1.763602 0.869867 0.702010 0.518026 5.165959 2.521312 1.029218 0.838155 0.199554 2.219927 3.054525 3.332074 5.045771 7.018432 8.115473 8.140954 7.211297 0.045209 0.559224 5.415642 5.673336 4.927024 3.831540 3.448162 3.595873 3.668888 3.325248 3.416323 5.156221 7.874113 9.485624 11.183086 3.831482 3.805785 3.474440 2.863324 2.368592 2.262090 2.030654 2.282579
2.826360 2.783349 2.715251 2.378698 2.153899 1.286552 0.254591 -0.252241 1.295001 3.689323 3.926888 4.014225 3.268592 2.401477 1.591465 0.764676 1.569260 3.264299 5.208379 0.873695 0.984126 2.549736 3.135230 1.380731 0.759527 0.122370 0.086793 2.867583 1.350333 0.111846 -0.828946 0.325621 2.791525 3.057380 3.293211 4.368740 5.708228 6.829800 6.213976 5.111041 -0.005371 4.654755 4.775109 4.426618 4.063692 3.355410 3.103126 2.901881 2.551861 2.718826 4.528752 7.395680 9.216483 10.425972 3.732297 3.870613 3.292779 2.790739 2.112436 1.775575 5.210861 6.434606 7.649215
2.111941 2.059867 1.836214 1.801676 1.812216 1.193256 0.297908 -0.327727 0.328169 3.364687 3.240060 2.870675 1.023632 -0.002430 -1.790491 0.214622 2.902216 5.103958 7.343074 1.666258 1.687981 2.768505 2.926460 1.322142 0.644834 0.404433 -0.006043 -0.019895 1.899789 1.723266 3.010096 3.284414 3.483202 3.357632 3.546426 4.186101 4.986224 5.343398 4.876917 4.219540 3.501803 3.083261 3.716935 4.521945 4.130204 4.229742 5.463804 5.815898 5.790667 6.514312 7.750996 8.846482 10.083164 3.541406 3.687343 2.907896 2.648914 2.005150 2.087967 5.796729 6.573517 7.392062 7.577784
0.996928 0.241806 -1.027052 -0.740710 -0.055692 -0.020253 -3.585298 -0.490640 1.420185 3.237169 2.501270 0.979796 0.258206 -2.639642 -0.041875 2.690060 4.583022 6.130267 7.958511 1.599810 1.899851 2.771068 2.978661 1.278831 0.744147 0.458657 0.238526 4.267149 3.559956 3.317921 3.897782 3.764921 2.426989 1.199856 2.176817 3.074224 3.681351 3.500934 2.648562 2.249532 1.800074 1.570798 1.835442 1.883840 1.810633 3.818688 6.013983 6.355609 6.822600 7.572635 8.468678 9.599254 3.033877 3.420649 3.231052 2.304821 1.444813 1.077827 1.038852 5.504297 6.860065 7.051192 7.036002
