geotop_simulations/templates/TEST_Venosta_3D_034_template/rec/SoilPressure0000L0007.asc
ncols         252
nrows         194
xllcorner     598250.000000
yllcorner     5144500.000000
cellsize      250.000000
NODATA_value  -9999.0
[rows 72 to 95 of 194, columns 110 to 164 of 252]
-701.526801 -647.586115 -673.429773 -565.621585 -507.026671 -490.767175 -490.392977 -490.855817 -477.512745 -511.317937 -528.183214 -514.846259 -511.049820 -615.538764 -543.644560 -447.248148 -544.739200 -3312.402989 -177.668141 51.351657 324.822432 -335.730820 -69.460127 -150.381583 -287.596629 -342.543335 -361.715195 -373.301115 -329.929385 -320.692943 -397.404048 -403.365722 -431.957233 -438.665741 -452.182066 -465.774139 -476.596639 -488.332373 -492.442946 -453.787321 -426.399338 -402.230563 -395.529668 -451.824061 -455.873721 -429.532076 -387.713964 -356.058653 -366.723088 -392.406121 -417.303898 -442.000570 -452.553138 -479.646552 -523.107287
-711.333514 -578.907014 -586.085169 -518.302545 -543.986863 -482.562512 -389.471661 -519.014934 -1399.923672 -401.376174 -502.172118 -464.448844 -478.563806 -456.798021 -548.011627 -474.211464 -521.783645 -600.407172 -240.492174 66.154024 -5499.568882 -977.559933 -29.269021 -125.570367 -230.483496 -286.975705 -311.854565 -336.443029 -345.062797 -324.601159 -350.158299 -456.303473 -465.318279 -474.458299 -473.063470 -478.338563 -488.849564 -497.633719 -486.350778 -515.701286 -437.356148 -412.964764 -401.908840 -445.335209 -431.346136 -387.142750 -360.905102 -319.023273 -320.228326 -349.576326 -394.570205 -424.243890 -442.293831 -456.793711 -484.522434
-519.999003 -605.240055 -536.700589 -546.679513 -471.379675 -529.612806 -334.457510 -303.366314 -618.299985 -398.543958 -406.041796 -405.040672 -376.788941 -351.223878 -553.555575 -428.276399 -241.478027 -1886.426474 -3623.310945 -38.445520 -449.238135 -430.180381 -222.840553 -23.348091 -73.987523 -135.053092 -184.829353 -214.437097 -257.636079 -334.458073 -356.581876 -409.230805 -495.519875 -498.414519 -497.396416 -496.958529 -501.637587 -504.895519 -596.895890 -526.495805 -411.852721 -449.749617 -436.870288 -458.342725 -424.624851 -367.928630 -303.849829 -259.721831 -196.918745 -298.124540 -379.211740 -405.059183 -429.968402 -439.439864 -448.478474
-411.353828 -496.301893 -545.690579 -492.122077 -488.209620 -444.267443 -422.696784 -384.949530 -964.160720 -508.691194 -406.052032 -307.347426 -329.282500 -400.948856 -284.286334 -416.321766 -1656.933217 -3306.041320 -151.976526 -62.500366 -178.422063 -137.496939 -128.752176 -128.382668 -98.740171 -82.415911 -135.572716 -219.046655 -272.985813 -326.640217 -397.756035 -493.299283 -514.173951 -518.311463 -515.794785 -511.889655 -512.103527 -633.666950 -606.309161 -547.304003 -473.916938 -466.081089 -465.117303 -459.545496 -433.518938 -391.019566 -312.445784 -206.820825 -246.683234 -305.965427 -384.164338 -404.731098 -405.636442 -414.836386 -432.090706
-413.685340 -417.377146 -510.952815 -440.900749 -415.431078 -570.718129 -638.354053 -278.959992 -219.163254 -241.575727 -1490.541976 -723.450096 -239.631902 -586.963619 -511.742746 -346.969320 -2249.798279 -2764.202645 -263.129467 -143.651837 -105.794473 -184.989349 -194.847704 -75.209969 -22.173830 -12.488446 -63.373746 -170.068103 -269.172771 -341.481560 -364.951310 -402.532934 -457.070415 -636.371646 -639.987225 -648.336095 -655.678179 -639.846848 -615.823721 -570.605027 -492.387476 -482.386995 -474.623927 -468.421863 -447.045809 -420.101643 -379.617439 -379.802900 -423.244884 -453.900933 -469.194238 -430.239044 -409.019750 -416.299618 -440.066537
-370.183980 -508.615502 -589.314556 -437.782802 -391.601149 -466.980811 -339.905370 -252.729684 -171.437735 -82.068329 -3850.318228 -156.617439 -156.283525 -160.201079 -170.071240 -161.873124 -446.219505 -2624.668951 -358.488899 -290.386054 -230.668046 -219.733941 -73.041830 -398.535964 -356.633447 -629.654848 -33.405203 -130.940793 -286.906252 -351.470213 -336.135085 -279.020113 -300.999701 -352.502979 -668.932863 -670.326789 -674.247759 -656.250932 -621.443389 -575.513538 -471.780072 -445.740431 -708.317403 -378.456484 -366.543710 -318.895971 -262.985418 -257.503386 -437.679040 -452.956208 -460.744232 -447.130653 -446.742759 -487.672541 -496.522560
-322.724847 -494.127588 -1109.517715 -1587.429757 -455.023979 -428.195458 -622.025213 -214.576091 -67.222160 59.613920 -44.971012 -10.062599 -47.441777 -74.999813 -100.117031 -3709.767294 -264.536007 -2454.366947 -366.539040 -291.812081 -140.427003 351.320371 -325.088522 -468.340626 -303.200174 -119.131586 -220.675764 -258.677686 -358.163887 -312.285802 -273.583918 -464.375331 -381.209909 -282.513077 -339.394163 -487.899142 -686.382189 -648.358049 -595.109927 -536.513000 -699.220854 -638.907176 -834.226071 -349.713896 -288.808759 -234.395176 -222.229077 -183.693425 -217.518386 -359.556392 -404.703848 -418.704412 -470.306432 -497.399820 -509.761092
-476.022152 -669.014989 -1143.555714 -4170.033705 -412.371784 -473.576386 -2485.876988 -170.296249 3.435333 -66.845267 334.288687 339.525870 339.653834 27.992280 -25.782578 -87.137672 -73.133755 -230.550793 -3848.600149 -249.820753 -172.541034 145.136325 12.654628 -458.514569 -409.049225 -56.097722 -296.613877 -331.826519 -400.232707 -177.960725 -162.450336 -1062.559669 -1012.985703 -598.451795 -358.212055 -353.368193 -439.812492 -619.856890 -582.612587 -465.952697 -752.565352 -654.096436 -1336.045830 -365.278251 -335.804569 -215.626885 -168.949025 -80.037874 -274.817484 -283.246348 -313.002593 -359.099464 -396.066776 -418.000576 -449.951018
-780.590503 -1708.043668 -269.737504 -4966.136840 -910.989258 -377.491637 -2571.528396 -5189.923167 338.662128 -398.684008 -377.428537 -381.215898 326.116042 330.035133 46.633497 6.983231 17.013767 -6196.355365 -5872.111183 -8.556315 15.600273 98.918381 -382.842461 -433.236747 -5315.903205 27.937864 -218.607791 -336.874107 -197.092229 -22.534702 22.119944 -4183.870758 -195.096890 -279.800836 -533.079300 -335.166657 -412.072451 -555.298051 -574.127483 -452.203444 -878.061973 -593.091594 -1609.112139 -318.358723 -141.725820 -44.348373 3.740917 -5507.633262 -45.409505 -243.119776 -275.625444 -316.548497 -363.184114 -384.408298 -314.141821
-972.558213 -357.639326 -307.239778 -328.718069 -576.100478 -3384.385488 -2610.878509 -5984.626021 -21946.687578 -121708.060911 -2071.519702 -178109.974781 64.810785 328.759895 337.265655 353.038241 363.589294 154.847774 94.367594 112.784219 143.802545 100.486765 -4952.319287 -390.927083 35.401839 -64.348637 -138.765998 -210.545173 -68.283650 358.616358 331.126479 -5.853872 -143.149291 -297.614051 -348.727439 -432.858809 -471.084639 -557.655734 -559.988778 -443.798406 -1254.462859 -3100.577201 -2937.314671 -218.029978 -49.228032 -4737.224299 -507.135704 -2261.297883 -191.612731 -274.638231 -276.227541 -273.749194 -300.114559 -302.305926 -176.371062
-485.486620 -385.489373 -290.757590 -344.048406 -525.059021 -4524.644593 -3165.774389 -3637.182693 -186.634865 -30.049729 -123.730040 -125.055675 198.441180 330.607552 349.311499 354.056563 355.284954 354.629031 351.384170 356.472584 361.988954 351.494193 193.339789 -352.842584 -687.697821 -1.092797 -51.499723 -149.889514 50.898904 -2393.083718 -140962.281432 -169.804437 -117.735823 -328.039712 -417.193653 -553.567402 -575.435961 -641.401451 -529.044958 -462.558590 -1493.923007 -350.723037 -2764.061419 -3004.582041 -270.565774 -253.533560 -267.015141 -231.465785 -323.057185 -226.796386 -182.323288 -190.108646 -213.977798 -229.568909 -81.035378
-437.665029 -357.756700 -297.525246 -372.740854 -879.232034 -6234.490608 -5072.297071 -3224.424577 -294.670382 -184.009216 -14.394476 -408.573183 -591.757256 -406.628982 -1013.556410 294.081582 347.056836 328.440630 -442.516588 -66.720993 -11396.652527 380.899485 -193833.724187 -152.089965 0.104104 -56.052996 -122.270213 -106.856333 273.039331 -160255.067191 -9866.382571 -16.905760 -337.528266 -388.981754 -458.265135 -558.077818 -582.047219 -583.949148 -574.393363 -416.687496 -596.203268 -410.731564 -516.465012 -397.606418 -346.337069 -308.561999 -328.121307 -297.518155 -224.857677 -181.324667 -75.023047 -110.506723 -146.687696 -165.436269 36.724114
-401.813929 -482.392293 -608.389096 -503.392711 -2251.092677 -7173.009652 -8230.492611 355.830055 354.483599 355.200241 357.308179 -9002.961933 -165308.219835 -7.566333 -1120.961791 -1373.570925 -5662.007286 347.274888 -103.441393 -260.402876 -58.744017 360.946296 -1431.834009 306.075324 -73.407289 -166.352928 -233.243426 -281.904097 -308.238325 -292.315508 -330.863366 -352.708245 -376.259119 -423.610085 -448.076466 -521.905816 -552.050169 -592.400374 -571.451713 -530.470926 -521.928186 -409.790592 -607.067518 -417.192090 -386.766107 -341.403620 -286.712396 -205.319512 83.141961 -6438.473551 57.367541 -40.597460 -90.352743 -125.965642 315.382924
-380.971989 -498.256005 -1325.781762 -1849.488602 -4687.053709 342.026290 339.309763 345.127460 313.694543 276.180279 -175767.810988 -265.207276 366.880921 -40.850962 38.690464 -174.058234 -323.752108 -132.728029 -242.986032 -294.639289 -204.095966 34.095877 214.990614 -9.904280 -143.067053 -240.973933 -287.779865 -312.834124 -344.785019 -320.224210 -352.491311 -374.699363 -413.628736 -426.356676 -449.629075 -507.478621 -534.248025 -597.096818 -583.493304 -557.570092 -659.358385 -408.248953 -647.831810 -755.335936 -389.352198 -316.622465 -264.985338 -196.066860 -94.538915 -102.706581 -303.131419 -288.716927 -229.351586 -71.584543 -85890.041774
-398.243383 -569.497220 -3103.967268 -3513.280146 -72.048201 91.046169 255.225232 -1538.712354 224.349567 399.206742 -190.667809 370.617023 -129.173488 -197.639785 -291.090396 -345.638968 -349.871682 -330.243375 -307.581449 -293.989491 -246.906439 -157.024489 -54.832477 -176.299034 -228.443836 -246.528725 -273.721265 -296.300662 -326.018508 -351.579202 -384.510675 -411.695030 -418.780195 -434.952744 -457.008476 -519.255573 -536.125864 -593.851741 -631.756542 -571.350260 -591.278727 -447.534274 -696.847329 -1984.067974 -372.003246 -285.336568 -259.653440 -229.617363 -142.347905 -125.343829 -323.231182 -324.415303 -261.676733 -49.317327 -892.486529
-376.825332 -432.447949 -2943.450805 -3457.533153 -96.495730 13.240984 -3.548237 -511.495228 -578.252502 -788.208075 -154.717645 -137.359246 -188.566824 -236.013546 -331.251538 -346.351509 -350.897149 -358.703086 -316.818567 -3388.517815 -247.031263 -238.490487 -229.309551 -238.761142 -258.544046 -272.503582 -283.038333 -295.473576 -316.914193 -346.966651 -378.337922 -405.075342 -422.659359 -483.306084 -521.995902 -527.368874 -323.026895 -303.330211 -395.732058 -565.680788 -485.998905 -450.575881 -597.707549 -2043.875978 -2490.736472 -3034.335146 -259.852494 -239.800019 -221.487514 -223.154956 -338.152172 -308.084144 -278.281632 -268.349350 -260.790548
-1360.318893 -402.019525 -301.926729 -259.407243 -214.820658 -201.243998 -217.447155 -231.466587 -223.273075 -134.768139 -191.569696 -195.128576 -229.880665 -314.894159 -342.942790 -346.545895 -351.568088 -301.614839 -3498.635309 -3663.224276 -3645.388780 -2562.785028 -159.125419 -139.028288 -271.617703 -283.962854 -289.478240 -297.790237 -312.115411 -332.288852 -357.529813 -381.453371 -424.104260 -478.072489 -314.737364 -350.838938 -275.582639 -267.016230 -351.093278 -485.698136 -454.598136 -2114.673297 -3099.862530 -481.221790 -2474.372257 -2968.719273 -277.097201 -266.619477 -272.088788 -291.617094 -256.976321 -209.288027 -139.118094 -92.393620 -85.076374
-1189.166494 -519.382687 -390.015224 -379.328074 -342.798290 -261.751164 -269.223147 -276.900207 -269.978199 -263.595996 -255.310583 -269.335336 -317.542957 -359.894262 -365.197502 -357.783448 -371.776338 -393.162268 -2482.967759 -1111.294805 -1290.205525 -1418.279869 -216.421030 -207.138737 -312.025727 -297.539830 -294.075099 -299.046843 -309.708323 -327.993810 -467.373614 -344.564366 -385.321865 -342.213528 -382.807066 -393.423617 -687.921491 -270.423116 -295.619524 -384.842567 -618.897073 -2780.626316 -3272.269108 -593.409851 -2081.247116 -3044.195357 -273.959547 -230.858357 -138.050325 47.479123 371.017419 368.550631 349.292273 -3232.410587 -411.513912
-370.227952 -510.634091 -390.229619 -383.686842 -389.932243 -369.080489 -347.847906 -305.819229 -319.825202 -328.671330 -332.724741 -337.880390 -363.761552 -377.646987 -378.068143 -388.873214 -575.732693 -603.693898 -495.766863 -991.776686 -854.308673 -1351.499181 -282.579837 -276.904313 -349.359999 -337.584082 -331.300917 -326.492940 -325.744294 -344.894535 -388.731980 -391.516599 -437.192938 -612.441355 -3623.187732 -1665.365133 -582.817572 -298.965247 -312.058859 -237.866058 -3681.875519 -4438.455006 -1744.766050 -4190.170615 -4510.342916 -4826.824479 -5206.861417 -8.200604 53.148553 164.344499 365.896939 -102.880330 311.855431 -193.876469 58.343377
-407.033347 -541.591334 -397.962349 -395.104238 -401.756712 -410.977440 -410.232469 -394.030505 -402.436100 -400.758568 -386.941713 -386.419777 -376.862754 -384.619660 -383.327398 -420.110276 -557.631794 -842.492252 -606.746238 -533.214920 -334.789908 -306.618628 -301.698008 -347.506450 -405.755446 -398.573538 -383.528541 -362.479639 -339.505749 -439.832490 -573.518922 -678.290965 -2439.363794 -615.115966 -457.859273 -370.733066 -522.147005 -449.260819 -338.153670 -236.934912 -3621.670834 -4192.457437 -4506.366222 -4439.398360 -2878.789069 -514.559237 -8567.775607 -17039.463773 43.564111 338.370014 432.745251 -382.056012 -454.613139 -157950.292754 357.549826
-425.201916 -420.685690 -413.325933 -414.627958 -471.747793 -452.250098 -407.771448 -379.598848 -382.504935 -428.970245 -425.189115 -405.975835 -391.718998 -405.825963 -417.005496 -469.928670 -535.267783 -432.669107 -377.216194 -369.882101 -390.460997 -419.715587 -447.039642 -407.137610 -416.705373 -537.220512 -403.401205 -384.212948 -353.511161 -503.125838 -506.354799 -550.027755 -512.839281 -463.209284 -446.453977 -366.126731 -525.059107 -423.591350 -348.820310 -250.114943 -2904.989143 -3833.485013 -3901.331925 -2029.966231 -642.125091 -501.162495 -753.851248 -137.210960 356.220766 -1068.637706 -390.728493 -431.120875 -465.888007 357.671006 -19.375104
-445.951958 -431.882647 -433.742077 -437.438726 -505.594431 -490.508103 -466.016679 -441.454827 -451.672217 -459.524671 -481.694649 -510.486407 -450.184301 -437.287650 -478.302530 -401.978843 -400.521898 -459.240313 -409.589801 -444.742381 -411.697411 -422.578589 -394.501230 -460.384874 -389.279391 -568.323946 -585.466290 -536.117515 -338.592792 -318.106952 -300.271387 -282.075137 -287.952774 -310.495153 -339.976705 -380.491782 -545.709371 -423.478430 -382.213609 -259.128455 -1799.263862 -3594.357672 -3672.634317 -3666.948270 -490.495070 -446.930237 -465.975309 -205.206782 349.089070 331.362808 -23127.747293 -94880.903325 346.716969 -61.081121 -110.420050
-502.238686 -451.096294 -537.660649 -455.383634 -529.077894 -522.388861 -506.046948 -452.128938 -520.709838 -520.134769 -543.928878 -582.293550 -531.218053 -482.621345 -521.069292 -457.440175 -527.755261 -486.079234 -469.264257 -451.410303 -408.421773 -386.030037 -348.856049 -463.457767 -430.139376 -505.985138 -594.760483 -589.360809 -433.825110 -351.639374 -322.981109 -295.763631 -302.881025 -322.160092 -352.097751 -362.064246 -574.926947 -412.992084 -384.680741 -255.469019 -883.738955 -3350.962898 -3391.647121 -3421.735086 -4083.248066 -725.474798 -1098.756078 -3663.634043 -132.263576 304.581109 307.755858 337.456949 -100.996855 -132.987344 -152.332457
-468.919145 -563.917617 -568.820992 -589.854995 -582.753229 -549.647647 -541.586009 -463.633069 -531.711246 -571.784834 -587.076704 -578.301452 -566.255510 -558.966075 -571.118523 -555.881698 -561.100312 -545.203003 -515.017775 -486.241742 -457.012286 -391.436669 -362.052792 -442.258480 -412.231169 -472.537004 -649.318211 -538.873441 -381.510152 -377.031530 -359.175133 -333.302811 -331.775290 -335.769417 -367.739087 -330.761005 -559.073112 -389.438755 -359.660233 -253.526015 -603.723987 -2492.477613 -3160.524495 -3254.684911 -728.904963 -1547.971948 -2765.984445 -4202.482455 -15872.727197 -28182.153881 -34720.995544 -29.545538 -159.854545 -5294.116102 -5068.979808
