geotop_simulations/templates/TEST_Venosta_3D_034_template/rec/SoilTemperature0000L0001.asc
ncols         252
nrows         194
xllcorner     598250.000000
yllcorner     5144500.000000
cellsize      250.000000
NODATA_value  -9999.0
[rows 84 to 111 of 194, columns 62 to 123 of 252]
6.687441 7.604067 7.209291 7.889905 8.247016 8.511145 10.045585 10.342381 10.499077 8.969069 11.403019 11.114766 6.236988 6.224219 11.221485 11.375321 12.458682 12.395096 12.267470 11.161143 10.860979 10.546715 10.212648 9.786337 9.331879 8.829388 8.325246 7.864518 7.298473 6.689151 6.109073 5.583835 5.191976 4.968700 4.869343 4.897920 5.171986 6.301099 6.414309 6.256324 5.791186 6.135633 4.887563 4.396776 4.181613 3.352337 2.465071 1.454271 0.402524 -0.018645 -0.007658 -0.005592 -0.006819 -0.009154 -0.010381 -0.003512 -0.003634 -0.004309 -0.009564 -0.457915 -4.870557 -0.411850
6.442544 7.309016 6.790426 8.453146 8.748363 9.039969 8.010817 9.534428 9.751487 10.016880 10.377902 10.145065 6.065832 6.162048 6.139656 11.198716 12.394102 12.299169 12.222262 12.056009 10.878878 10.657817 10.417617 10.126256 9.743125 9.203270 8.787229 8.114231 7.640572 7.182076 6.530969 6.021538 5.633334 5.420637 5.315620 5.312857 5.529204 6.330845 6.767957 6.339240 6.528650 6.032315 5.010977 4.441855 3.663643 2.856045 1.974147 1.060231 0.270058 -0.018314 -0.008852 -0.007189 -0.010285 -0.004232 -0.005509 -0.030735 -0.595864 -0.603233 -4.556326 -1.392399 -0.006287 -0.005803
6.568050 7.003393 7.454546 7.691670 7.922483 8.243587 8.546814 8.731104 8.949229 9.347008 9.678865 10.555652 10.520176 6.042388 6.063489 6.032092 6.015375 5.950002 10.917333 12.106497 10.972574 10.735887 10.525303 10.265395 9.929701 9.440950 9.190426 8.437104 7.937811 7.503074 7.023956 6.453309 6.082558 5.888797 5.770038 5.684003 6.130255 6.788583 6.891428 6.352245 5.940948 5.541020 5.341274 4.654527 3.370654 2.685092 1.958065 1.052159 0.368996 -0.020129 -0.013160 -0.037232 -0.005918 -0.007174 -0.019548 -0.381748 -1.932309 -0.996258 -0.712901 -0.009427 -0.006901 -0.010508
6.045339 6.248082 6.546633 6.841077 7.179680 7.576813 7.937228 8.211763 8.442514 8.803899 9.348214 9.804854 11.035424 7.602830 6.002788 6.015337 5.986346 5.941405 5.856551 11.180031 10.962816 10.633057 10.410401 10.305247 10.133326 9.801698 8.911354 8.360796 8.292658 7.863779 7.404124 6.534396 6.245590 6.039260 6.273287 6.216012 6.769180 7.145651 6.468427 6.939408 6.479737 5.843746 5.158771 4.382550 3.583205 2.887905 2.466343 1.045745 0.150902 -0.022925 -0.031302 -0.150456 -0.007775 -0.011842 -0.016692 -0.049808 -2.325803 -2.677558 -0.017380 -0.007969 -0.008293 -0.012799
5.208971 5.497854 5.874500 6.325290 6.842382 7.294333 7.620759 7.948047 8.252555 8.572070 9.156206 9.424222 10.498183 10.526749 5.949096 5.980791 5.941122 5.925666 5.872502 10.787738 10.945205 10.417035 10.035063 9.903704 10.265146 10.027111 9.573093 8.740536 8.218071 7.737385 7.360113 7.022719 6.728068 6.488469 7.318940 6.990571 7.164304 7.382625 7.335761 6.990151 6.425926 5.802546 5.112603 4.318648 3.521763 2.817263 2.165393 1.289096 0.216018 -0.056207 -0.023309 -0.020306 -0.018820 -0.019568 -0.026037 -0.032971 -0.030730 -0.009935 -0.013693 -0.009811 -0.012167 -0.039982
4.906724 5.269223 5.775295 6.327451 6.862371 7.458596 7.779105 8.104426 8.430299 8.736156 9.227929 9.472883 10.458315 12.262950 6.767259 6.724093 5.912297 5.904235 5.872230 7.432769 11.033533 10.951662 10.287897 10.040128 10.410437 10.249505 9.891108 9.478167 8.637187 8.174502 8.394450 8.186478 7.755252 7.901589 7.812828 7.626116 7.553197 7.521887 7.350691 6.905613 6.313852 5.692535 5.029366 4.252886 3.473546 2.795655 1.948727 0.883565 -0.009422 -0.063146 -0.351461 -0.681675 -0.711187 -0.029575 -0.031343 -0.034216 -0.029301 -0.031153 -0.027423 -0.017725 -0.030570 -0.024745
5.083189 5.430049 5.687569 6.140240 6.823595 7.365529 7.750215 8.024030 8.758344 9.082408 9.502329 8.845217 9.811725 12.376488 7.547801 5.894798 5.875360 5.863689 5.854563 7.407600 11.912013 11.047699 10.979543 10.762845 10.543632 10.403131 10.139123 9.771505 9.398432 9.063260 8.806215 8.571314 8.390077 8.286412 8.201415 8.118364 7.927406 7.648424 7.185981 6.606101 6.028084 5.465199 4.910530 4.236926 3.459184 2.724443 1.802814 0.671973 -0.047401 -0.082414 -0.594027 -0.722819 -0.665306 -0.341544 -0.171146 -0.033587 -0.057360 -0.183221 -0.393856 -0.045807 0.066970 0.801645
5.333092 5.654517 5.590997 5.854859 6.716030 7.320466 7.824162 8.102341 8.246556 8.419491 8.893105 9.619789 12.580729 10.564780 10.716860 7.464775 5.806070 5.793268 5.778268 7.342723 11.743278 10.722296 10.692504 10.652349 10.529329 10.400624 10.271862 10.026431 9.692156 9.370782 9.135393 8.956601 8.894568 8.863442 8.653841 8.361556 7.971172 7.518901 6.922910 6.282216 5.673938 5.072708 4.620533 4.107322 3.390289 2.639541 1.647777 0.541479 -0.040201 -0.120608 -0.650930 -0.588030 -0.045096 -0.032844 -0.029862 0.018229 -0.029317 -0.043941 -0.114016 -0.029478 0.902706 1.489546
5.272531 5.824405 5.923349 6.001303 7.949171 8.521344 8.969672 9.325106 8.458677 8.833929 9.432770 10.480489 8.774934 8.341076 8.911023 10.490092 7.286517 7.276107 7.262520 10.545527 11.635162 11.582432 11.499530 11.438290 10.376477 10.363004 10.047945 11.166517 9.945175 9.630384 9.432554 9.382645 8.878412 9.124167 8.754288 7.288688 7.688326 6.349503 5.804230 5.221187 5.349058 4.689989 4.110839 3.670329 3.105276 2.425913 1.448940 0.391513 -0.044681 -0.436224 -0.487660 -0.036828 -0.281158 -0.258650 -0.156954 -0.116761 -0.180651 -0.248746 -0.032466 0.293864 1.460458 -0.018286
5.814417 5.980419 6.345200 6.547184 8.600224 9.084710 9.401313 8.492196 8.872526 8.715465 9.959869 5.565323 7.815414 9.979486 9.912181 10.031282 10.303618 10.312459 10.302631 10.296802 10.347017 10.390180 10.366167 10.261094 10.232389 10.136302 9.864105 9.916094 10.958114 9.866812 10.666724 9.157005 9.430230 9.062162 7.707944 7.067804 6.400282 6.693638 6.096999 5.487421 4.927067 4.344278 3.692283 3.067237 2.584879 2.061016 1.230494 0.241222 -0.045393 -0.080168 -0.031750 0.329106 -0.084196 -0.087570 -0.062289 -0.064095 -0.064464 -0.075901 -0.092636 -0.052475 -0.025828 -0.035277
6.252741 6.955161 6.457322 6.950356 9.044221 9.486054 9.770522 8.592897 9.254003 4.963840 8.631528 8.546332 8.301922 10.275548 10.202842 8.368653 9.362991 9.833014 9.969619 9.993173 10.068466 10.208176 10.274317 10.076523 9.067392 8.874349 8.441682 8.226138 8.164670 10.840027 10.582859 9.887599 8.700548 8.970877 7.611628 6.920545 6.934300 6.268075 5.631691 5.001095 4.397307 3.873743 3.266699 2.558560 1.901988 1.487854 0.939836 0.102214 -0.029411 0.390179 -0.029486 1.128398 -0.032879 -0.032414 -0.027075 -0.025932 0.136018 0.041465 -0.026254 0.011865 -0.035108 -0.026479
6.881729 7.396331 8.139026 8.781020 9.209528 9.581711 9.777915 8.323605 8.134244 9.855347 9.681677 9.491047 9.412475 9.327648 9.241848 9.263132 9.622123 8.962642 9.569005 9.726910 9.800785 9.972666 10.119658 8.308068 5.313198 8.537894 8.480814 8.271481 8.127962 10.729449 10.523200 10.157425 8.881420 8.277358 7.602705 7.460460 6.739660 6.019357 5.290938 4.627744 3.955723 3.334448 2.768248 2.153392 1.522756 1.023250 0.599557 0.543887 1.011423 0.354717 0.275445 0.326991 0.360146 0.133966 0.258989 0.421636 0.725184 0.677841 0.492219 0.355439 -0.026412 0.563705
7.410146 7.935252 8.531565 8.909973 9.204492 9.489443 9.534421 9.377046 9.169797 9.043121 8.844606 8.542897 8.400583 8.371038 8.381905 8.421491 8.667360 8.209241 8.950878 9.266738 9.508530 9.772968 9.967477 8.574292 5.275784 7.850699 8.705186 8.509835 8.327128 10.770886 9.539235 9.326124 8.857095 8.272471 8.230700 7.436574 6.654176 5.899135 5.108047 4.354450 3.635613 2.943819 2.318718 1.784883 1.261793 0.890911 0.926737 1.052574 0.922435 0.841888 0.750137 0.837156 0.979206 0.930666 0.621709 0.821461 1.225958 1.334844 0.948106 0.667850 0.251182 1.104092
7.834789 8.231098 6.612564 4.834773 5.898901 7.399781 8.824080 8.606425 8.317343 8.067308 7.843135 7.591029 7.407083 7.406428 7.568442 7.745541 7.917295 9.077457 9.646199 9.751867 10.048298 9.348993 9.749901 9.915547 5.215682 5.187011 8.687686 8.725810 8.586777 9.579631 9.520632 9.405871 8.951646 8.336494 7.660613 7.498976 6.666075 5.877057 5.070020 4.259605 3.470808 2.750516 2.091900 1.548327 1.200798 1.200648 1.281166 1.209340 1.238515 1.314584 1.295212 1.409823 1.628463 1.635533 1.295444 1.385016 2.147383 1.750689 1.288186 0.947435 0.669860 1.238196
6.696282 5.963167 4.705460 7.296167 6.785182 8.086016 7.776490 7.486702 7.223792 7.018344 6.714216 6.530399 6.433243 6.488729 6.809686 7.063577 7.522901 8.738553 9.137505 9.205080 9.494036 9.885489 10.356923 9.811787 5.189798 5.180890 9.755527 8.838506 8.775854 9.576967 9.461402 9.384752 8.983615 8.420617 7.729686 7.611008 6.762006 5.942007 5.120565 4.317935 3.524883 2.817183 2.191257 1.748150 1.508462 1.511848 1.278788 1.375880 1.458242 1.797859 1.930439 1.961382 2.206759 2.270402 2.010241 2.201019 2.528867 2.071040 1.541713 1.204218 0.793432 1.215340
5.008943 3.982144 7.112454 6.557651 7.623187 7.029225 6.599804 6.294284 6.045743 5.924685 5.622639 5.429557 5.512053 5.704061 6.169169 6.508929 7.425213 8.303794 8.555114 8.637899 9.051221 9.418976 9.912479 10.491369 9.836539 5.380664 5.337061 8.517937 8.984121 9.585680 9.414321 10.112078 9.756418 8.451045 7.792036 7.080622 6.905544 6.077670 5.254344 4.478221 3.723773 3.050258 2.454093 1.981659 1.869929 1.593862 1.665823 2.002703 2.224021 2.725585 3.074395 3.090075 2.703050 3.564417 3.436750 3.185710 2.827253 2.295374 1.708451 1.285242 0.935350 0.941840
4.885611 6.251665 5.739241 7.255846 6.672680 6.032153 5.437079 5.058775 4.913724 4.874229 4.734965 4.645621 4.770692 5.015378 5.579692 6.344835 7.103243 7.693343 7.939406 8.102088 8.620403 9.067809 9.536650 10.221211 9.703079 5.104261 5.328764 5.284487 8.147761 9.333507 10.257359 10.115810 9.797443 8.515484 7.839560 7.200320 6.497625 6.292389 5.498333 4.751966 4.052980 3.435466 2.892388 2.468766 2.202725 2.096165 1.894171 2.442086 2.766202 3.249901 3.687497 3.736925 3.963975 3.926110 3.096655 3.518759 3.057887 2.479710 1.873553 1.402453 1.110597 1.051457
6.365633 5.567765 6.793337 6.242823 5.666136 5.198201 4.643671 4.065811 3.830957 3.836782 3.388242 3.564272 3.538764 4.476281 5.107926 5.851592 6.553231 7.071879 7.415740 7.747035 8.232331 8.776347 9.274456 9.959174 9.549635 6.470609 5.065502 5.016081 5.204548 9.121358 10.240740 10.112683 9.093047 8.611065 8.027315 7.364120 6.735695 6.064307 5.857109 5.149605 4.502375 3.941275 3.441139 3.051150 2.806790 2.685398 2.646356 2.783539 3.116155 3.623889 4.142766 4.292072 4.352295 3.634828 3.895477 3.144065 3.227331 2.689129 2.137243 1.679378 1.441212 1.303267
5.647139 6.622760 5.953502 5.338018 4.733875 4.324771 3.952940 3.461749 2.445072 2.438482 2.538018 2.759529 2.950702 3.998696 4.686632 5.320127 6.044844 6.691021 7.109434 7.524163 7.982842 8.516526 9.056352 9.738728 9.403593 8.697067 5.036136 4.994442 4.970581 5.175653 7.630577 10.100889 9.183618 8.763847 8.224589 7.608161 6.974259 6.381741 5.777497 5.637961 5.027328 4.506198 4.052604 3.701386 3.460480 3.299924 3.265260 3.318691 3.434677 3.872290 4.452629 4.724091 4.800627 4.019478 3.767671 3.947688 3.429474 2.949895 2.507780 2.111036 1.899690 1.809519
6.318850 5.938344 5.277270 4.657333 4.015375 3.402334 2.584539 2.599622 2.430671 2.252454 2.137899 2.278038 2.752049 3.744808 4.445543 4.970678 5.634707 6.632959 7.160690 7.507224 7.912654 8.366673 8.890756 9.570944 10.224361 9.366915 5.008359 4.977944 4.955696 5.158660 5.132888 9.331816 9.210351 8.923488 8.416790 7.888978 7.302470 6.713754 6.170718 5.645344 5.545188 5.095194 4.690316 4.368022 4.137132 3.947908 3.883070 3.939266 4.015633 4.267701 4.753310 5.020825 4.961490 4.400819 4.297563 4.030522 3.343335 3.011520 2.990610 2.519695 2.394945 2.302229
5.305938 5.090672 4.589459 3.955814 3.419289 2.860242 1.940782 2.199134 2.338534 2.310111 2.327817 2.433938 2.772043 3.615699 4.264709 4.538050 5.273994 6.645084 6.747000 7.654331 8.036031 8.407100 7.647521 9.396400 10.084962 9.545314 5.141320 5.137531 4.937202 4.908175 4.881362 5.078480 9.988188 9.121626 8.806323 8.181488 7.703541 7.139066 6.608770 6.106893 5.621939 5.679964 5.383139 5.034061 4.819399 4.813761 4.761433 4.576989 4.869664 4.896464 5.165825 5.406983 5.326004 4.758928 4.378485 4.503553 4.251436 3.492972 3.239502 3.055671 3.156883 2.830535
4.590007 4.349240 4.005364 3.373706 2.799761 1.995385 1.802952 1.942078 2.207244 2.351847 2.493193 2.601876 2.634404 2.990495 4.054951 4.515978 5.456293 6.600058 7.311234 7.725461 8.110230 8.477367 8.775088 9.267917 9.896087 9.415376 7.148460 5.103484 5.086767 4.889895 5.100076 5.069831 9.018468 9.850079 9.007285 8.486124 8.064469 7.577327 7.068079 6.588140 6.135551 6.198664 5.906068 5.698857 5.452152 5.343749 5.281512 5.286742 5.392631 5.496570 4.773384 5.839096 6.233984 5.182782 4.756630 4.941718 4.720033 4.050168 3.826949 4.061957 3.885585 3.407760
3.851020 3.573224 2.697967 2.956948 1.977560 1.829975 1.907620 1.872331 2.018383 2.216366 2.386498 2.529163 2.477373 2.674790 3.973500 4.584619 5.472093 6.505463 7.139966 7.582362 8.003673 8.401290 8.007236 8.170223 8.678909 10.167119 9.497222 5.076447 5.127283 4.866649 4.846521 4.824601 4.779572 9.053849 8.966380 8.910806 8.590221 7.990412 7.529087 7.095251 6.665491 6.272593 5.978008 5.756836 5.541403 5.376049 5.823313 5.821429 5.329658 5.973054 5.978662 6.742677 6.720972 6.293975 5.198496 5.395077 5.235459 5.108938 4.447337 4.837004 4.130723 4.019982
2.890393 2.531755 2.523905 1.983872 1.903904 1.816424 1.654765 1.436439 1.707640 2.103083 2.425918 2.655542 2.754665 3.395491 4.012667 4.593588 5.477122 6.419890 6.976173 6.833916 7.337033 7.701248 8.127876 9.090272 9.576095 10.181551 10.301895 10.274448 5.522128 4.840405 5.059044 4.816769 4.782563 4.739031 8.985522 8.835302 8.674387 8.584767 8.690120 8.297837 7.225642 6.860467 6.567937 6.354610 6.153899 5.961727 5.903295 5.943302 6.869450 6.958112 6.885945 7.296329 6.410151 6.782212 5.720518 5.539990 5.354485 5.676086 5.548772 5.403139 5.244844 5.125720
2.287335 2.023618 1.931944 1.955629 1.623968 1.482983 1.220625 1.212172 1.708363 2.193889 2.510228 2.864339 3.227167 3.467100 4.179681 4.725945 5.584663 6.395865 6.899134 7.033332 7.518356 7.899072 8.155601 9.015221 9.568675 9.871048 10.065267 9.354492 10.151178 5.066034 4.819871 4.803236 4.777540 4.734437 4.680957 9.835257 9.538832 9.794036 9.638888 8.810099 8.506087 8.195422 7.166170 6.954515 6.764005 6.556686 6.524525 7.521161 7.579328 7.612593 7.558834 7.778482 6.808899 7.303766 7.066613 6.886261 5.960089 5.840835 6.439446 6.273501 6.094084 5.898555
2.261244 1.810525 1.459536 1.402362 1.250686 1.224692 1.386220 1.718916 1.940614 2.185291 2.407652 2.978759 3.561443 3.906458 4.156375 5.028736 5.760880 6.519759 7.051457 7.342371 7.754295 8.023200 8.542710 8.923858 9.408902 9.681274 9.809599 10.061692 10.196292 5.059901 4.792616 4.783071 5.438313 5.416873 5.393292 4.916348 7.191966 9.733042 9.706454 9.739341 8.171444 8.221090 8.500941 7.503821 7.329511 7.139922 7.100304 8.118417 8.134742 8.119138 7.027955 8.830820 7.147441 7.827322 7.704366 7.547330 7.402893 7.316189 7.197907 7.055441 6.900614 6.702173
2.263648 1.811400 1.395804 1.276397 1.206083 1.247830 1.646319 1.906135 1.966864 2.038300 2.362110 3.142042 4.177235 4.575022 4.994468 5.451481 6.010558 6.941512 7.243833 7.356778 7.267659 8.148463 8.394385 8.625616 8.983416 8.373091 8.499130 8.967138 9.334308 6.128011 4.772008 4.742125 7.058140 6.784406 4.915638 5.434236 5.414277 5.402535 5.301696 4.493231 4.527493 4.339021 4.535180 4.472208 4.154434 4.439041 4.390666 4.332563 5.231932 5.203138 5.207252 6.449276 5.190532 7.321724 7.336249 8.143220 8.061257 8.003103 7.921378 7.817698 7.707961 7.536469
2.265239 1.850415 1.622565 1.443247 1.277936 1.454663 1.702346 1.789145 1.902066 2.055014 3.116450 3.721132 4.104159 4.467408 5.068341 5.682161 5.966338 6.505347 6.685442 7.341681 7.566100 7.708712 7.886686 8.112090 8.441263 8.900827 9.263328 9.707374 10.065524 9.351935 8.415085 8.629706 9.791290 9.672377 9.239144 5.945844 5.265155 5.298411 4.609666 4.557321 4.507402 4.454115 4.380508 4.324797 4.290489 4.250429 4.227274 4.210475 4.183897 5.282007 5.285664 4.124214 4.502283 4.481270 4.086957 4.074234 4.050516 4.029614 4.028812 7.467786 7.443780 7.334097
