geotop_simulations/templates/TEST_Venosta_3D_034_template/rec/SoilTemperature0000L0003.asc
ncols         252
nrows         194
xllcorner     598250.000000
yllcorner     5144500.000000
cellsize      250.000000
NODATA_value  -9999.0
[rows 56 to 83 of 194, columns 189 to 251 of 252]
1.778895 1.757895 1.944283 2.036603 2.555118 3.351841 4.414221 5.580141 0.963722 0.888548 -0.019145 0.126939 -0.001672 -0.006478 -0.006067 -0.006337 -0.009629 -0.011902 1.063355 -0.020111 -0.027487 -0.019631 -0.027842 -0.032351 -0.039536 -0.079486 -0.308836 -0.588649 -0.620975 0.572155 -1.490653 -0.006233 -1.953664 -0.000308 -0.000398 -0.000696 -1.153253 -0.074928 -0.006365 -0.006705 -0.033788 -9999.0 -9999.0 -9999.0 -9999.0 -9999.0 -9999.0 -9999.0 -9999.0 -9999.0 -9999.0 -9999.0 -9999.0 -9999.0 -9999.0 -9999.0 -9999.0 -9999.0 -9999.0 -9999.0 -9999.0 -9999.0 -9999.0
2.468958 2.335313 2.537126 3.061094 3.627362 1.478677 1.739309 1.806032 1.423949 1.105258 1.806233 0.267034 0.000823 -0.005416 1.207985 0.948920 -0.021430 -0.024009 0.828272 0.861566 -0.041553 -0.075218 -0.029022 -0.040968 -0.086881 0.562348 -0.747099 0.563131 0.564651 0.503606 0.106058 -3.922790 -0.079657 -0.119285 -0.002089 0.660303 0.659593 0.618643 0.088588 -0.052026 -0.055775 -9999.0 -9999.0 -9999.0 -9999.0 -9999.0 -9999.0 -9999.0 -9999.0 -9999.0 -9999.0 -9999.0 -9999.0 -9999.0 -9999.0 -9999.0 -9999.0 -9999.0 -9999.0 -9999.0 -9999.0 -9999.0 -9999.0
3.484351 3.424568 3.442679 3.857989 1.676750 1.882656 2.100826 2.183688 2.225733 2.345006 1.506634 0.166554 0.006828 0.001990 1.100786 0.806140 -0.034583 -0.026415 0.860689 0.861576 0.819468 0.628556 -0.040158 -0.291726 0.493169 0.458424 0.252394 0.076498 -1.449542 -0.347525 -0.121651 -0.030110 -0.073153 0.105711 1.000515 1.017986 0.785771 0.606719 -0.000470 -0.006495 -0.006354 -9999.0 -9999.0 -9999.0 -9999.0 -9999.0 -9999.0 -9999.0 -9999.0 -9999.0 -9999.0 -9999.0 -9999.0 -9999.0 -9999.0 -9999.0 -9999.0 -9999.0 -9999.0 -9999.0 -9999.0 -9999.0 -9999.0
4.638810 2.200464 2.238555 2.285120 2.395426 2.463061 2.605560 2.730491 2.609631 2.013603 0.547274 0.019618 -0.005763 -0.004128 -0.025082 0.651165 -0.040339 0.748974 0.820631 0.768316 0.720657 0.544488 -0.076796 -0.675180 0.241375 -3.132834 -0.463877 -0.386520 -0.423801 -0.375853 -0.166200 -0.047690 0.394923 0.946311 1.218033 1.048188 0.410027 0.022685 -0.055881 -0.007797 -0.007018 -9999.0 -9999.0 -9999.0 -9999.0 -9999.0 -9999.0 -9999.0 -9999.0 -9999.0 -9999.0 -9999.0 -9999.0 -9999.0 -9999.0 -9999.0 -9999.0 -9999.0 -9999.0 -9999.0 -9999.0 -9999.0 -9999.0
2.922937 3.015804 3.065867 3.097421 3.166756 3.075022 3.087308 3.380125 2.952923 1.890402 0.151302 0.003264 -0.006237 -0.026963 -0.032900 0.566977 -0.044849 0.513215 0.515400 0.610873 0.638401 0.345840 -0.323297 0.275066 -0.552326 -0.187892 -0.195889 -0.312581 -0.043433 -0.518980 0.386806 0.788989 0.945003 1.122680 1.400542 -2.842206 0.355432 0.023322 -0.090616 -0.007780 -0.059269 -9999.0 -9999.0 -9999.0 -9999.0 -9999.0 -9999.0 -9999.0 -9999.0 -9999.0 -9999.0 -9999.0 -9999.0 -9999.0 -9999.0 -9999.0 -9999.0 -9999.0 -9999.0 -9999.0 -9999.0 -9999.0 -9999.0
6.589094 3.405554 3.572393 3.617555 3.625167 3.511151 3.397016 3.717697 3.369411 2.312074 0.689030 0.000175 -0.019470 -0.034126 -0.038193 0.472483 0.360970 0.075616 0.271389 0.617151 0.598770 0.212040 0.515670 -0.905759 -0.599404 -0.308332 -0.318202 -0.255226 -0.028258 0.106899 0.758006 0.939641 1.094465 1.267402 -0.034140 -2.913983 -2.095882 -0.596856 0.109118 -0.007392 -0.007275 -0.006781 -9999.0 -9999.0 -9999.0 -9999.0 -9999.0 -9999.0 -9999.0 -9999.0 -9999.0 -9999.0 -9999.0 -9999.0 -9999.0 -9999.0 -9999.0 -9999.0 -9999.0 -9999.0 -9999.0 -9999.0 -9999.0
1.640507 2.301215 2.817421 2.752616 2.551613 2.402603 2.432992 3.651587 3.567177 2.691273 1.358076 0.081378 -0.006750 -0.034780 -0.043928 0.075475 -0.000300 -3.062785 -3.261501 0.240211 0.025100 0.053760 0.098934 -0.374545 -0.643947 -0.148120 -0.008116 -0.050566 0.107442 0.663344 0.868511 1.011860 1.163523 -0.036104 -0.035189 -2.932624 -0.700335 -0.435667 -0.864337 -0.078507 -0.006886 -0.006651 -0.006727 -9999.0 -9999.0 -9999.0 -9999.0 -9999.0 -9999.0 -9999.0 -9999.0 -9999.0 -9999.0 -9999.0 -9999.0 -9999.0 -9999.0 -9999.0 -9999.0 -9999.0 -9999.0 -9999.0 -9999.0
3.422133 1.242525 1.480800 1.350462 0.874711 0.308855 0.270467 2.928105 3.694804 2.876989 1.625816 0.153197 -0.005641 -0.033577 -0.040710 0.054546 -0.585208 -0.412550 -0.103486 -0.391481 -3.177722 -0.000577 -0.832844 -0.370208 -0.308880 -0.007075 -0.072065 -4.456816 0.134210 0.702639 0.851322 0.890815 -0.046495 -0.045056 -0.038507 -2.810251 -0.065770 -0.588073 -3.617979 -0.078345 -0.006914 -0.006671 -0.006524 -9999.0 -9999.0 -9999.0 -9999.0 -9999.0 -9999.0 -9999.0 -9999.0 -9999.0 -9999.0 -9999.0 -9999.0 -9999.0 -9999.0 -9999.0 -9999.0 -9999.0 -9999.0 -9999.0 -9999.0
2.636389 2.944527 1.689177 1.509940 1.258246 0.681651 -0.019648 1.977245 3.675230 3.023899 1.786124 0.165935 -0.002389 -0.027903 -0.035875 0.566881 -4.746223 -0.096687 -0.179840 -0.042839 -0.123565 -0.095147 -0.161469 -0.456935 -0.097014 -0.007325 -0.007073 -0.037784 -0.953117 -0.000430 0.139061 0.596927 0.786836 -0.038009 -0.033459 -2.516069 -0.051529 -0.193211 -2.109285 -3.285120 -0.417174 -0.006238 -0.006738 -0.006561 -9999.0 -9999.0 -9999.0 -9999.0 -9999.0 -9999.0 -9999.0 -9999.0 -9999.0 -9999.0 -9999.0 -9999.0 -9999.0 -9999.0 -9999.0 -9999.0 -9999.0 -9999.0 -9999.0
3.067156 2.549419 2.151866 2.132866 2.138637 1.337050 -0.010025 2.172916 3.755606 3.111429 1.905233 0.264299 0.010335 -0.004161 -0.030407 -0.054549 -0.419986 -1.327499 -0.061786 -0.048429 -0.166149 -0.164994 -0.144007 -0.504987 -0.483810 -0.325481 -0.290662 -0.061442 -1.168537 0.132238 0.427457 0.826920 1.157511 1.820997 -0.030312 -2.032249 -1.207902 -0.059359 -0.108497 -0.932576 0.054816 -0.097519 -0.006323 -0.006650 -0.006506 -9999.0 -9999.0 -9999.0 -9999.0 -9999.0 -9999.0 -9999.0 -9999.0 -9999.0 -9999.0 -9999.0 -9999.0 -9999.0 -9999.0 -9999.0 -9999.0 -9999.0 -9999.0
3.380258 2.891218 2.579922 2.523763 2.555033 1.494912 -0.009816 2.744615 3.817825 3.325081 2.301688 0.972700 0.102135 -0.003013 -0.023157 -0.045655 -0.171370 -0.808490 -0.176294 -0.150852 -0.261316 -0.268223 -0.272307 -0.490438 -0.044596 -0.008950 -0.007615 -0.822865 0.286459 0.760586 0.883234 1.061135 1.524957 -0.020076 -0.020456 -0.020141 -2.766764 -0.046777 -0.050562 -0.384459 -2.200932 -3.534663 -0.690298 -0.009128 -0.007408 -0.006841 -0.006781 -9999.0 -9999.0 -9999.0 -9999.0 -9999.0 -9999.0 -9999.0 -9999.0 -9999.0 -9999.0 -9999.0 -9999.0 -9999.0 -9999.0 -9999.0 -9999.0
3.773885 3.252745 2.946258 2.779092 2.650422 1.304019 -0.009818 2.841943 2.692321 2.181418 1.129174 0.195549 -0.002726 -0.000391 -0.021767 -0.038250 -0.063662 -1.096577 -0.259882 -0.590986 -0.257299 -0.131905 -0.008955 -0.007555 -0.007399 -0.013945 -1.782506 0.376891 0.808980 0.928989 1.045213 1.149555 -0.036668 -2.914487 -2.678202 -1.734084 -0.020976 -0.041813 -0.040991 -0.044928 -0.360693 -3.371374 0.017991 -0.128092 -0.006697 -0.006236 -0.006483 -0.006286 -0.048123 -9999.0 -9999.0 -9999.0 -9999.0 -9999.0 -9999.0 -9999.0 -9999.0 -9999.0 -9999.0 -9999.0 -9999.0 -9999.0 -9999.0
4.248588 3.737557 3.402370 3.215483 2.900698 1.219567 -0.011110 1.783663 2.118850 2.156851 0.454915 -0.004462 -0.015283 -0.027850 -0.039057 0.552247 0.435343 0.072556 -0.542313 -0.558968 -0.045778 -0.007457 -0.007349 -0.007245 -0.007796 -0.377169 -0.000504 0.427555 0.795550 0.993286 1.006857 -0.530633 -3.180492 -3.054813 -2.627992 -1.729418 -0.019982 -0.032747 -2.219097 -0.043828 -0.080975 -3.301125 -3.485831 -0.052207 -0.006227 -0.038720 -2.640510 0.125518 0.383003 -9999.0 -9999.0 -9999.0 -9999.0 -9999.0 -9999.0 -9999.0 -9999.0 -9999.0 -9999.0 -9999.0 -9999.0 -9999.0 -9999.0
4.857180 4.324241 3.926910 3.707968 3.516764 2.481786 -0.009793 1.990742 3.553829 3.802653 2.418629 0.286969 -0.005586 -0.032421 -0.211827 -0.897507 0.071059 -2.162161 -0.389527 -0.545947 -0.010800 -0.007468 -0.007622 -0.011080 -0.007451 -0.071746 -0.000679 0.356425 0.514643 -3.238750 -0.544400 -0.633852 -3.377333 -2.230819 -0.047016 -0.040691 -0.035788 -0.006431 -0.006054 -2.430644 -0.057429 -0.482822 -0.759761 0.108704 0.645972 0.808423 0.796750 0.790971 0.781729 0.939548 -9999.0 -9999.0 -9999.0 -9999.0 -9999.0 -9999.0 -9999.0 -9999.0 -9999.0 -9999.0 -9999.0 -9999.0 -9999.0
5.551692 4.994835 4.544853 4.274423 4.123362 3.526862 0.233807 2.153795 2.772840 3.743821 2.319870 0.366156 0.002261 -0.011081 -0.045068 0.481080 0.245502 -0.535297 -0.398073 -0.321725 -0.042260 -0.042568 -0.120157 -0.266218 -0.094828 -0.010072 -0.000505 0.371216 0.406754 -1.437452 -3.658586 -3.575810 -2.471720 -3.262222 -0.817582 -0.047022 -0.049858 -0.037586 -0.027787 -0.029443 -0.040475 -0.044167 -0.063065 0.726739 0.977924 1.159952 -0.049380 -0.047176 0.949708 1.290621 -9999.0 -9999.0 -9999.0 -9999.0 -9999.0 -9999.0 -9999.0 -9999.0 -9999.0 -9999.0 -9999.0 -9999.0 -9999.0
6.286471 5.726720 5.233339 4.938534 4.718095 4.247885 2.966119 3.569585 4.349844 3.522295 1.502275 0.252036 -0.016804 -0.010417 -0.016148 -0.030904 0.796110 0.569534 -0.482524 -0.060799 -0.026191 -0.169253 -0.477988 -0.207687 -0.052492 -0.008650 -2.238683 0.020302 -3.731939 -1.708780 -0.303319 -0.234551 -0.126088 -2.318899 0.731795 -0.045339 -0.537449 -0.086749 -0.008111 -0.031459 -0.034690 -0.037629 -0.041610 -0.034849 1.870303 -0.036636 -0.036824 1.711473 1.428284 1.670948 -9999.0 -9999.0 -9999.0 -9999.0 -9999.0 -9999.0 -9999.0 -9999.0 -9999.0 -9999.0 -9999.0 -9999.0 -9999.0
6.908523 6.429786 5.956987 5.666315 5.351638 4.749052 4.418327 4.414277 4.635635 3.369621 1.892665 0.260003 0.000909 -0.004491 -0.006744 1.019059 0.908318 0.700496 0.255389 -0.092377 -0.063313 -0.073139 -0.073570 -0.036055 -0.015105 -0.020419 -0.010365 -0.036292 -0.066234 -0.172394 -0.174465 -0.056602 -0.074832 0.566809 0.888293 -0.050819 -0.420700 -0.834128 -0.017056 -0.038434 -0.023952 -0.026926 -0.027615 1.771329 -0.006919 -0.023824 -0.025343 -0.026932 1.922295 1.928436 -9999.0 -9999.0 -9999.0 -9999.0 -9999.0 -9999.0 -9999.0 -9999.0 -9999.0 -9999.0 -9999.0 -9999.0 -9999.0
8.061140 8.025310 6.529826 6.325984 5.947969 5.270630 5.924238 5.376600 4.407659 3.125997 1.775984 0.241015 0.193979 0.057819 -0.001763 -0.006050 -0.037498 -0.144218 -1.386361 -0.204234 -0.063494 -0.007999 -0.012229 -0.095514 -0.041761 -0.045012 -0.047558 -0.069363 -0.228974 -0.291072 -0.052086 -0.015303 -0.000196 0.543410 -0.466765 -0.286492 -2.563401 -1.874636 -1.340106 -0.002785 -0.025012 -0.012427 -0.003142 -0.005241 -0.004063 -0.002109 -0.017966 -0.018155 -0.011756 -0.019557 2.550073 -9999.0 -9999.0 -9999.0 -9999.0 -9999.0 -9999.0 -9999.0 -9999.0 -9999.0 -9999.0 -9999.0 -9999.0
6.963037 7.124794 7.214104 7.808083 7.677876 7.233883 6.096803 5.239460 4.148581 3.003716 1.915837 0.553827 0.377311 0.166226 0.005763 -0.000195 -0.031309 -0.055286 -1.123023 -1.977434 -0.036087 -0.052010 -0.006645 -0.278815 -0.081480 -0.051017 -0.110908 -0.256752 -0.486127 -0.133493 -0.007855 -0.513717 -0.000740 -3.402787 -3.200764 -2.964092 -2.606335 -1.810120 -1.563894 -1.374750 -0.000034 -0.003513 -0.004060 0.035031 0.022869 -0.000354 -0.011606 -0.009985 0.029393 -0.011372 -0.009647 -9999.0 -9999.0 -9999.0 -9999.0 -9999.0 -9999.0 -9999.0 -9999.0 -9999.0 -9999.0 -9999.0 -9999.0
5.390528 5.778781 6.235455 6.980390 7.536283 6.904570 6.196641 5.250668 4.231262 3.268571 2.171498 1.426538 0.426744 0.205137 0.013751 -0.000175 -0.029731 -0.048898 -1.454946 -3.047980 -0.228949 -2.407273 -0.076845 -0.152002 -0.284942 -0.257846 -0.457013 -0.406729 -0.400935 -0.224776 -0.041768 -0.018161 -0.053255 -1.277599 0.040072 -3.174640 -2.844331 -2.817822 -2.563945 -1.657517 -0.164177 0.030489 0.108369 0.091794 0.082551 0.259247 0.083453 0.110129 0.089146 -0.001092 0.095499 -9999.0 -9999.0 -9999.0 -9999.0 -9999.0 -9999.0 -9999.0 -9999.0 -9999.0 -9999.0 -9999.0 -9999.0
5.379438 4.906320 5.684339 5.465703 6.446462 6.292769 5.890655 5.114063 4.251912 3.322928 2.523651 1.771549 0.444724 0.249596 0.019377 -0.003360 -0.030249 -0.058895 -0.913037 -3.203236 -3.923904 -0.000463 -0.761324 -0.150805 -0.467272 -0.424925 -0.343847 -0.399395 -0.387242 -0.493501 -0.267077 -0.153573 -0.148085 -0.021744 -0.074791 -0.623695 0.386157 -2.375091 -2.450902 -2.277128 -0.754334 0.001175 0.221262 0.487262 0.124302 0.155572 0.159507 0.167147 0.166072 0.162394 0.429888 -9999.0 -9999.0 -9999.0 -9999.0 -9999.0 -9999.0 -9999.0 -9999.0 -9999.0 -9999.0 -9999.0 -9999.0
4.284985 4.570153 4.456108 3.649026 4.752191 5.632894 5.982778 5.397653 4.666102 3.819158 2.766107 1.547017 0.786060 0.261926 -0.000138 -0.011229 -0.029641 -0.044178 -0.461466 -0.911204 -1.171872 0.048337 -0.198365 -0.190940 -0.508848 -0.468508 -0.420868 -0.440516 -0.371322 -0.417726 -0.438384 -0.486265 -0.485996 -0.301662 -0.316152 -0.159552 -1.827337 -2.492984 -2.519429 -2.469293 -1.058259 -0.023992 0.109847 0.573062 0.134782 0.245687 1.337499 1.328227 0.333812 0.396360 1.057563 -9999.0 -9999.0 -9999.0 -9999.0 -9999.0 -9999.0 -9999.0 -9999.0 -9999.0 -9999.0 -9999.0 -9999.0
3.399299 3.719351 3.480658 2.658070 3.460387 5.040893 5.027953 5.432225 4.904368 3.714358 2.427764 1.659724 0.929942 -0.001961 -0.000254 -0.017180 -0.029238 -0.344839 -0.050418 -0.350830 -0.986967 0.086558 -0.658131 -0.039592 -0.131025 -0.589996 -0.462088 -0.480657 -0.390884 -0.362956 -0.380992 -0.353822 -0.379034 -0.425032 -0.464606 -0.294509 -0.041074 0.088619 -2.171363 -2.146694 -1.219495 -0.739414 -0.041438 0.086075 0.043656 1.711046 1.843511 0.757910 0.784066 0.873665 -9999.0 -9999.0 -9999.0 -9999.0 -9999.0 -9999.0 -9999.0 -9999.0 -9999.0 -9999.0 -9999.0 -9999.0 -9999.0
2.611982 2.810980 2.761399 2.706460 3.338947 1.741635 2.669396 3.751357 4.455893 3.488282 3.436562 2.418402 0.839861 0.219389 -0.004273 -0.017301 -0.029546 -0.146006 -0.041221 -0.072785 -2.874897 -3.664605 -3.401472 -0.234865 -0.057102 -0.555223 -0.432890 -0.454468 -0.468043 -0.379584 -0.379150 -0.375041 -0.333447 -0.325239 -0.419677 -0.281616 -0.049167 -0.071319 -2.350668 -1.236554 -1.306960 -0.961568 -1.115640 -0.022932 -0.020808 0.189324 2.162171 2.346243 2.394993 2.359218 -9999.0 -9999.0 -9999.0 -9999.0 -9999.0 -9999.0 -9999.0 -9999.0 -9999.0 -9999.0 -9999.0 -9999.0 -9999.0
1.204577 1.837794 1.971748 2.270119 2.705637 2.963398 0.983059 2.123868 1.886233 3.464267 2.559714 1.790367 1.004784 0.908247 -0.004169 -0.015735 -0.025335 -0.028572 -0.038664 -2.958303 -3.267061 -3.577895 -1.793151 -0.072349 -0.367408 -0.433679 -0.427355 -0.441210 -0.393465 -0.384334 -0.453295 -0.450771 -0.443440 -0.418210 -0.406128 -0.518063 -0.135881 -0.007830 -2.706480 -0.956026 -1.057455 -1.058869 -0.986788 -0.045477 0.108289 1.009806 1.993277 2.572619 2.858625 1.854696 2.947561 -9999.0 -9999.0 -9999.0 -9999.0 -9999.0 -9999.0 -9999.0 -9999.0 -9999.0 -9999.0 -9999.0 -9999.0
0.721324 1.162064 1.394758 1.689326 2.048488 1.860971 0.257841 2.182598 1.798814 4.863785 2.657080 2.019102 1.259055 0.355624 0.001642 -0.010810 -0.002737 -0.025208 -0.036716 -0.080914 -0.762831 -2.677179 -0.097981 -0.584675 -0.454002 -0.440878 -0.428929 -0.411216 -0.396724 -0.453579 -0.477091 -0.476238 -0.468533 -0.451980 -0.408175 -0.516587 -0.126717 -0.064074 -0.000364 -0.366953 -0.264114 -0.318000 -0.021354 -0.002174 0.280835 1.054242 1.302961 1.927952 3.036747 3.337170 3.419637 -9999.0 -9999.0 -9999.0 -9999.0 -9999.0 -9999.0 -9999.0 -9999.0 -9999.0 -9999.0 -9999.0 -9999.0
0.381053 1.141179 0.970090 1.273736 1.573659 1.229825 0.026233 3.162961 1.722181 5.062144 3.010081 2.398827 2.372414 1.221943 0.019264 0.066410 -0.000679 -0.019647 -0.035364 -0.597240 -3.332197 -0.179705 -0.608664 -0.465410 -0.454513 -0.423769 -0.398394 -0.419580 -0.450753 -0.448126 -0.458854 -0.448024 -0.451698 -0.459326 -0.440705 -0.433295 -0.048005 -0.376138 -2.151387 -0.340923 -0.039259 -0.029203 -0.001401 0.082026 0.368442 1.051424 1.354248 1.222264 2.508642 2.186085 3.816955 -9999.0 -9999.0 -9999.0 -9999.0 -9999.0 -9999.0 -9999.0 -9999.0 -9999.0 -9999.0 -9999.0 -9999.0
0.279798 0.086522 0.711993 0.777424 0.949880 1.543153 0.750225 1.788388 3.748826 3.727944 4.495924 2.676164 1.754177 0.804711 0.246062 0.109355 -0.009046 -0.025080 -0.148907 -0.822264 -0.393014 -0.598473 -0.445553 -0.429480 -0.426157 -0.416037 -0.436059 -0.452601 -0.444336 -0.453744 -0.557608 -0.504068 -0.443880 -0.446827 -0.451496 -0.441283 -0.065292 -1.068370 -1.913911 -0.528247 -0.036975 -0.022830 -0.000407 0.097451 0.151297 0.200423 0.514196 0.548589 0.562224 2.070175 2.647317 7.340089 -9999.0 -9999.0 -9999.0 -9999.0 -9999.0 -9999.0 -9999.0 -9999.0 -9999.0 -9999.0 -9999.0
