geotop_simulations/templates/TEST_Venosta_3D_034_template/rec/SoilTemperature0000L0005.asc
ncols         252
nrows         194
xllcorner     598250.000000
yllcorner     5144500.000000
cellsize      250.000000
NODATA_value  -9999.0
[rows 28 to 55 of 194, columns 63 to 125 of 252]
7.081217 7.332992 7.608935 7.810951 7.982611 8.168210 8.843977 10.291963 10.239073 10.153576 15.618624 15.499633 14.677359 9.429524 9.519984 9.223674 9.198955 9.409479 9.539249 7.404407 7.706177 7.674909 10.132960 10.238225 10.464858 8.720880 13.414029 10.275779 8.429679 9.360885 11.147069 11.177517 7.762340 6.239190 5.954977 5.764865 7.547586 7.346566 7.236507 7.029368 6.119164 6.358992 5.230609 5.085375 4.970035 6.196937 8.285498 8.588893 7.161830 4.506194 4.122405 4.797989 6.019235 7.271594 7.423695 7.203779 4.021491 6.044532 5.877120 5.093787 5.177801 4.831504 4.372273
7.322882 6.646706 6.827985 7.144835 7.540792 7.948567 12.335328 9.015551 10.250518 10.170554 10.049959 15.621791 15.500246 8.183644 8.135140 8.011426 7.778426 7.658205 7.686256 6.255693 8.025387 7.088400 11.720612 11.921888 11.825209 11.403426 10.669540 5.207255 4.938535 5.002972 4.956097 5.271441 5.454108 6.621458 6.596820 6.373118 6.204284 8.466490 8.140509 7.657014 6.195231 5.754584 8.692755 8.097081 6.688936 6.122345 7.142297 7.289291 6.943759 6.061504 4.703671 3.867933 5.019121 5.758362 5.634377 5.647554 4.283750 4.398403 3.735071 5.196215 4.942784 3.311496 2.811095
6.282363 7.626108 7.671175 7.827142 8.483500 8.129493 9.104125 9.036063 10.192386 10.131048 10.002163 9.906580 15.604247 15.681407 13.898637 13.960376 10.252613 7.611016 7.596951 9.065679 12.926583 12.859820 12.479980 11.896619 7.221424 7.151307 6.144177 5.969866 5.789213 5.687885 5.754556 5.967178 6.258648 6.194200 7.853602 7.911290 7.854449 7.712001 7.493049 7.813926 8.330091 7.714254 6.174942 6.360962 8.185107 6.874290 6.633416 6.245126 5.652738 4.676028 4.244258 4.075322 4.324580 4.132790 4.184405 4.553279 4.678830 5.040263 5.251709 5.150104 4.221635 2.960046 2.398859
7.219110 8.945012 9.161845 8.251509 8.623313 9.033778 9.335817 9.493439 10.060590 10.045756 9.918281 9.759039 9.618111 15.234134 13.496174 13.579948 13.354047 13.256254 8.151398 8.455902 7.500135 9.848201 11.735073 11.536899 7.960511 9.507677 9.619623 7.884236 7.231499 7.321136 7.352049 7.723115 7.615275 7.656647 7.275618 7.239780 6.389597 7.088503 8.157569 6.546438 6.958009 5.985003 5.466449 4.911391 5.098922 6.852174 5.302521 4.814144 4.119473 3.544016 3.446462 3.724372 3.652888 3.420523 3.774353 4.230242 4.259822 4.641551 4.792281 3.945644 3.463041 2.716990 1.913658
7.817283 7.290633 6.885003 7.958957 7.431583 9.102127 8.374005 8.681664 8.906997 9.915768 9.790742 9.639598 9.515830 9.416334 13.074366 12.637966 9.260075 8.702986 7.536453 7.187568 6.944932 6.659645 7.046287 6.930202 7.107738 7.356426 6.462838 6.365791 6.086862 6.008242 6.018145 5.593160 5.543758 5.066177 4.581283 4.300685 6.657919 7.013721 7.594691 7.697271 6.586704 6.103611 5.694133 5.595851 7.481266 6.000944 3.969406 3.727721 3.331707 2.873403 3.217582 3.850753 3.164590 2.605071 3.044311 3.360416 3.364999 3.979767 4.093947 3.252059 2.600538 1.703863 -0.020134
7.971461 7.650292 7.866251 7.291474 7.587088 6.339342 8.337090 8.303442 6.757196 9.710857 9.608236 9.455454 9.327704 8.902847 10.983540 7.821057 7.453605 7.197695 5.814107 9.953129 8.680045 5.280055 5.307142 5.126534 6.066199 6.150887 5.369019 5.364005 5.538287 5.477812 3.953719 5.300455 4.677780 5.579503 4.890198 4.422967 5.372554 5.018810 5.107356 6.798112 6.196766 5.919470 5.653872 5.315672 7.158304 5.585994 4.597230 3.322126 2.670240 3.911953 5.762505 6.196130 5.940794 4.568801 3.212798 2.230458 2.531679 3.701245 3.721511 2.973936 2.046249 0.200465 -0.850350
4.526338 4.378706 3.752287 3.945985 4.311098 4.466230 4.604461 5.189447 5.953977 9.322377 9.331305 9.163006 9.023610 8.707084 10.250040 5.669899 5.160949 4.664879 4.099046 9.101327 2.676703 6.415318 5.463079 6.545649 8.133010 2.084292 2.485312 2.366087 2.190019 2.022966 2.202447 1.531080 3.434953 4.059169 2.865862 3.652336 2.627410 1.352302 6.954079 8.895855 2.651264 2.673588 2.378570 2.062946 1.281335 0.557304 5.747589 4.103143 4.088318 5.848193 6.620447 6.802886 6.479889 5.219208 3.940333 2.280516 2.303844 3.160828 2.561569 1.699072 0.235792 -0.984987 -0.535715
4.350195 4.162848 3.370929 3.694094 4.051799 4.278142 4.671615 5.191652 5.659267 4.012523 8.937226 8.831875 8.687053 8.696219 13.584626 5.506286 4.943026 4.374488 3.685651 8.135071 2.376652 5.920609 5.396483 6.069280 1.819897 1.847061 2.076909 2.210559 2.056857 2.141238 1.909515 1.284632 2.257327 3.874291 2.773355 2.383263 2.946785 1.789614 6.005236 6.249140 8.537010 2.113000 1.993134 1.531625 0.694101 0.360824 5.622685 5.500601 5.969567 6.705368 7.451443 7.822217 7.120199 4.409891 3.118165 2.751269 2.200609 0.788088 -1.075828 -0.986347 -0.807707 -0.621582 -0.466856
4.036528 3.862130 3.694470 3.310433 3.779685 4.093596 4.637680 5.104810 5.467450 5.649327 6.833860 8.410853 8.267202 8.223757 13.058480 9.256813 4.760139 4.145547 3.407800 2.931307 2.376456 1.997547 6.438469 1.939265 1.793646 1.629747 1.908977 2.409876 2.385338 2.474002 2.063619 1.512947 1.385522 3.041167 3.478371 3.209946 2.747150 2.053713 1.131684 5.041252 6.292659 1.017981 1.485900 0.901616 6.311289 5.699611 5.017224 5.415626 6.442923 7.373386 8.309946 8.205976 7.232212 4.251761 3.181285 3.189918 2.329472 -0.834934 -0.675561 -0.597950 -0.518484 -0.631093 -1.061551
3.554794 3.319692 3.190331 2.945524 3.468569 3.943348 4.419761 4.848386 5.271123 9.396898 6.335076 7.985789 7.894512 7.773490 12.262620 5.169300 4.724903 3.810368 3.099980 2.953882 2.439890 6.641203 6.879382 2.053442 1.844850 1.577089 1.772221 2.374200 2.509671 2.607461 7.266876 7.367614 0.966191 1.928410 3.125428 2.906435 2.596475 2.092855 1.601641 5.680612 6.042023 7.313040 7.832085 0.419757 0.500623 6.876411 5.101176 5.469024 6.262023 7.651230 8.657589 6.486993 4.748935 3.212269 2.903139 2.716860 0.311613 -0.688885 -0.182737 -0.123899 -0.480260 1.224462 2.060668
2.748952 2.854923 2.881601 2.642397 3.201166 3.704240 4.136926 4.545984 5.006334 5.464653 5.900773 7.541860 7.498253 7.376578 11.605487 4.862972 4.395896 3.506438 2.834611 2.143715 2.430995 7.333423 8.295768 2.541298 6.680136 1.717262 1.601721 1.844851 2.146256 2.492909 2.199414 8.092160 1.049317 1.126385 2.692138 2.595689 2.341471 1.867323 1.595571 6.508108 6.482498 7.251735 7.198592 0.336162 0.393067 6.185051 5.013802 6.178119 6.494616 7.800543 8.819383 5.846904 3.068679 1.984893 1.018421 -0.003725 -3.434408 -0.445924 -3.055379 1.284432 2.439840 2.909983 2.967635
6.910088 2.426490 2.558445 2.857161 2.802412 3.328404 3.789597 4.256251 4.722241 5.172063 5.393418 7.109398 7.101723 7.001668 11.188138 4.701852 4.243632 3.339609 2.704258 3.038788 3.018312 9.604228 9.917730 9.401381 2.714040 1.978340 1.390437 1.506213 1.806490 7.898838 8.529987 2.021406 1.315024 0.873393 1.938475 2.198560 1.873350 1.596841 6.619866 7.013236 6.043564 5.791926 0.354347 0.250690 0.055383 3.990516 4.008211 6.174702 7.161863 8.266906 8.541363 5.262496 2.921957 1.983504 -0.006176 -0.869857 -0.711901 -0.266805 0.211581 2.573265 3.218149 3.547057 3.699541
7.486296 7.721738 2.324581 2.526795 2.829642 2.823938 3.355208 3.898362 4.397520 4.890284 4.940641 6.693734 6.720529 6.677363 11.027460 4.602240 4.181979 3.261384 2.792814 2.463777 3.280743 3.133886 3.144228 3.067139 2.923523 2.651140 1.718862 1.263824 1.292178 6.560899 6.913517 7.024644 1.110515 0.836745 1.497619 1.839639 1.630885 7.351768 6.932197 6.573391 4.749544 3.956435 3.987861 4.155938 3.905250 3.797735 4.985920 6.471403 7.640807 8.434795 7.591087 4.342193 2.589375 0.868218 -0.869465 -0.632936 -0.613049 -0.283890 1.502341 3.325221 3.828752 4.271570 4.495025
7.410709 6.823987 7.348746 2.150750 2.519357 2.396820 2.954991 3.513472 4.055541 4.622698 4.560751 6.323822 6.385353 6.355491 10.697025 10.271812 4.194354 3.964240 2.879265 2.515023 2.218236 2.017254 3.014545 2.816949 2.727592 2.714874 2.280600 1.427979 5.127582 5.056273 4.895441 5.206080 6.468332 7.826327 1.536214 2.149827 1.966259 8.443353 7.728981 6.951951 5.496149 3.395404 2.723826 2.921059 4.365151 6.831416 7.120918 7.620891 8.422256 8.837723 7.345942 3.328554 1.797542 -2.940885 -0.774692 -0.027670 -0.243308 0.427625 3.007344 3.804320 4.376192 5.146772 5.149364
7.061373 5.908067 5.737160 1.391746 1.992194 2.414028 2.630740 3.214249 3.772256 4.382149 4.119268 5.986207 6.054532 6.005366 10.329506 4.504186 4.189166 3.905961 3.512656 2.374720 1.922524 1.702989 1.642870 2.604489 2.537933 2.503712 2.408012 2.383769 2.258979 2.001978 1.662088 1.417406 7.091232 8.142413 1.378009 2.202398 2.009927 1.882506 1.674523 1.110213 0.408140 4.506816 3.046569 3.180403 5.069521 6.897798 7.723301 8.446836 9.171362 9.247687 0.156960 3.077214 2.109438 0.992422 0.304302 1.752066 1.736600 2.708586 3.501860 4.265589 4.974570 6.000735 5.725302
6.704479 6.260688 5.832840 6.190614 1.712322 2.148262 2.654745 2.998862 3.578964 4.199990 4.058521 5.693547 5.769815 5.680089 4.917050 4.591645 4.152063 3.602587 3.082047 7.355949 6.340036 1.762729 1.597158 1.893772 2.209941 2.056855 2.132203 2.230891 2.263716 2.228460 8.012156 2.190376 8.240299 1.224396 1.173782 1.399625 1.247694 1.321882 1.094318 0.375493 0.264602 4.600959 4.262011 4.504577 5.476477 6.654411 7.927888 8.841424 9.293126 0.507766 -0.008257 -0.041077 2.579531 2.268593 1.496122 2.922548 3.032994 3.230859 3.895498 4.744236 5.913770 6.696017 6.142870
5.986828 6.969964 7.215101 7.251025 1.714912 2.097750 2.338389 2.896113 3.499966 4.101356 4.587532 4.165555 5.602192 7.531397 4.787579 4.552354 4.090644 3.608658 3.294970 3.182514 8.984077 9.023054 8.513227 2.125787 7.739113 1.409577 1.156440 1.030539 5.578490 5.678805 7.488865 8.468755 1.962064 1.285733 1.034275 1.063181 0.782333 0.554336 0.224243 0.030864 0.008485 3.932360 5.652854 6.214978 6.315510 6.507124 7.649796 8.816806 1.112612 0.396406 -0.017120 2.276485 1.039233 -3.685445 -0.616085 1.215951 3.333189 3.687660 4.465480 5.497333 6.667696 7.271618 0.259072
5.861175 7.095116 7.629696 7.711548 1.653855 1.995779 2.223919 2.792732 3.413892 4.002762 4.466753 7.150221 5.553809 6.931392 6.924129 4.525103 7.020644 3.875553 3.598730 10.579880 10.890542 10.707158 9.778483 2.343291 7.530121 1.535413 0.960966 0.261521 3.836075 5.187726 6.847234 7.955974 1.803232 1.412894 1.195457 0.915903 0.467860 0.216777 0.115898 0.036530 4.649088 5.664778 6.704253 7.112200 7.495365 7.741631 8.165720 8.843803 9.130571 0.564030 4.001673 2.509382 1.153837 -0.590113 -0.298080 1.181272 3.580717 3.976988 4.549510 5.894114 6.968301 7.308894 0.314242
6.971940 7.391899 7.775320 1.466074 1.683767 1.991005 2.164986 2.811366 3.430074 3.970272 4.406904 5.134231 5.529516 6.887287 4.692983 4.525537 7.123343 3.833265 7.408035 10.859438 10.576319 9.525527 2.640513 2.368484 7.493504 7.723329 1.453186 1.100724 0.979802 5.827131 6.369417 7.227766 1.574698 1.314075 1.127297 0.903034 0.574013 0.330284 0.454645 5.943245 6.927443 7.228090 7.630516 8.029507 8.406390 8.878609 9.236651 9.301541 7.812500 0.025494 -0.016378 2.895701 2.209793 1.143408 1.979527 3.208345 3.835211 3.926367 4.135327 4.760735 5.557623 5.699103 0.191872
7.604874 7.740490 1.326659 1.447004 1.634583 1.771909 2.275669 2.909397 3.491339 5.818941 6.131282 3.885209 3.975633 6.991372 4.720789 4.567405 7.019546 4.020710 3.693588 3.306233 2.847529 2.372706 1.874670 2.636626 2.249555 1.918035 1.685040 1.619456 7.150367 1.570827 6.083967 6.930417 1.485293 1.083678 0.923588 0.662246 0.512870 0.588861 5.207420 6.120263 7.309352 7.941612 8.620598 9.037562 9.226650 9.532519 9.788583 9.825469 8.105402 0.026642 3.370790 2.547715 1.051744 -0.645090 -0.009504 2.446424 2.917508 2.707142 2.683417 3.299598 4.583487 5.419785 6.011845
6.496849 7.057391 1.266287 1.474211 1.652666 1.866322 2.412034 2.994314 3.466187 3.945160 4.315220 5.418906 4.104837 7.062209 7.181745 4.594685 7.324025 7.457515 3.895298 3.544099 3.089797 2.568026 2.189439 2.833605 2.376571 7.039985 1.757232 1.898917 2.148136 2.159503 1.699793 1.269013 6.806085 7.040262 0.686707 0.308085 0.514761 5.073941 4.821406 5.937682 7.252073 8.716719 9.541777 9.908571 2.019345 2.076535 2.117894 2.057220 0.849349 -0.004038 2.637281 1.680252 0.233843 -0.690816 -1.542136 0.189698 0.183626 1.380421 2.380092 3.328166 4.632156 6.184502 6.999077
6.691971 6.882377 1.322750 1.645886 1.881392 1.942486 2.556935 3.003108 3.495481 3.982589 4.367617 6.781318 4.266026 7.190958 7.254898 4.644628 7.349166 7.484454 7.392636 3.614176 3.215321 2.748759 2.272462 2.708535 2.344221 2.084475 2.086809 2.180099 2.229486 2.154988 1.941425 1.440131 5.430270 5.088908 0.144191 4.169894 4.511917 4.494312 5.739818 7.264219 8.189151 9.281510 10.186720 2.180626 2.355105 2.488631 2.346812 1.128578 0.067412 -0.006343 2.208151 0.913766 0.228031 -0.126881 1.396196 1.131145 1.113486 2.748645 3.655627 4.924953 5.967366 6.939040 7.504020
8.048693 8.031942 8.348688 1.976191 2.189254 2.187202 2.622755 3.103650 3.622815 4.093019 4.476724 7.046780 4.493198 7.581784 4.986246 4.829825 7.121244 4.262347 3.869075 3.520634 3.155325 2.721723 2.182683 1.576970 2.153264 2.038088 1.900780 2.057106 2.141260 2.171943 2.068504 7.314792 0.790770 3.603813 3.023998 3.365059 4.485329 5.695955 7.036523 7.937134 8.912796 1.727434 2.062289 2.438543 2.702186 2.653720 1.067931 0.058880 4.816003 3.776266 2.770273 2.847442 2.958199 2.518004 2.647809 2.540029 3.177240 3.688213 4.453518 5.473695 6.191286 6.783768 0.292986
8.357479 1.754082 1.973159 2.197098 1.832911 2.273304 2.723946 3.218310 3.722151 4.187055 4.603614 7.406549 5.991997 10.633614 5.229321 5.054976 4.817201 4.323230 3.756782 3.235657 2.797139 2.383564 1.908945 1.474342 2.376034 2.886910 2.844588 2.748371 2.748900 2.603268 2.331231 7.847172 6.181306 4.933522 5.404595 6.657560 7.459235 7.889509 8.281689 8.764654 1.862981 1.835022 2.063186 2.607692 1.694964 0.778315 5.073305 4.479599 4.443030 3.839034 3.456919 3.684551 3.726207 3.184024 2.419664 2.439980 3.244003 3.643176 4.341897 4.911710 5.245798 0.140602 0.215563
7.839152 1.479301 1.678982 1.985980 1.872936 2.326463 2.822902 3.340829 3.840343 7.278248 7.600065 7.887489 4.935230 6.718261 5.529672 8.766633 5.075280 4.566039 3.996882 3.498508 3.116115 3.718135 3.548998 3.422364 3.590106 3.611641 3.451606 3.165254 2.642042 2.710774 2.269050 7.881801 6.773039 7.105588 7.538226 8.227598 8.732699 2.245088 2.316165 9.608361 2.086162 2.020150 2.124868 1.895888 0.863958 0.056158 3.644256 3.739203 3.864876 3.644460 3.532533 3.934997 3.693894 2.816614 1.698249 2.347494 2.886623 3.121271 3.791939 4.293292 4.840092 5.783600 7.314750
6.675089 1.233482 1.431101 1.876609 2.071925 2.426269 3.001329 3.565314 4.097153 4.604019 8.141851 8.361139 6.764103 6.908533 6.941070 9.071616 8.830797 4.807147 4.311395 3.992916 3.737307 3.398704 3.049258 2.776116 3.998547 3.642645 3.605790 3.155248 2.882157 2.667901 2.172407 1.880228 1.619153 7.336297 7.871038 2.207306 2.239173 2.354373 2.456204 2.465175 2.361307 2.255207 2.534433 1.773441 5.569118 4.197586 3.908819 3.667705 3.358144 3.362502 3.299672 3.132960 2.719546 2.521119 2.861591 3.373448 3.768688 4.090081 4.212502 4.411917 5.246554 6.538114 0.997719
5.674572 1.338989 1.537773 2.035058 2.152819 2.625232 3.201206 3.788383 4.336684 4.915950 5.487815 5.288181 6.987239 7.016321 5.439162 9.342288 9.218442 5.169020 4.794394 4.484201 4.108443 3.883588 3.503977 3.323003 3.021894 4.027669 3.861228 3.491169 3.231928 2.730652 2.327146 1.838227 6.381175 7.097034 7.841200 2.200824 2.350572 2.571622 2.694988 2.726289 2.718309 2.564110 2.274241 2.054528 6.347677 6.386021 6.238787 4.577471 3.362329 2.823642 2.267168 0.960710 -0.004241 2.593741 3.807872 4.011163 4.551448 4.994347 5.163893 5.394487 5.953868 6.986878 1.349246
7.482286 7.318931 7.465450 7.914988 3.258382 2.965914 3.471860 4.030493 4.552474 5.173104 5.830245 5.524711 7.134901 7.170749 5.574412 6.249661 5.994464 5.619294 5.312134 4.960761 4.601473 4.048830 3.703542 3.705681 4.362172 4.290755 8.876357 3.660969 3.248120 2.662936 1.952608 6.462884 6.245982 7.552231 2.188152 2.198838 2.442290 2.749028 2.966698 3.044401 3.012176 2.999442 2.270292 1.837318 0.618826 6.625166 5.456741 3.733353 2.518816 0.739232 -0.952634 -0.855788 0.447312 3.090183 4.214749 4.801112 5.571544 5.852588 5.903131 6.219430 0.515157 7.402986 1.530766
