geotop_simulations/templates/TEST_Venosta_3D_034_template/rec/SoilTemperature0000L0004.asc
ncols         252
nrows         194
xllcorner     598250.000000
yllcorner     5144500.000000
cellsize      250.000000
NODATA_value  -9999.0
[rows 56 to 83 of 194, columns 63 to 125 of 252]
6.277035 6.169216 6.114275 2.429580 2.694182 2.779286 3.263879 3.818905 4.335893 4.935388 5.634423 5.975848 5.852234 5.814408 5.039588 6.060742 5.834852 5.520385 5.153649 4.714391 4.154090 3.728956 3.657606 3.519087 3.544313 6.707843 3.121288 2.599492 1.938710 1.542323 1.132660 3.868704 4.229478 1.612306 1.404815 1.209759 1.408462 1.826390 2.161576 2.217743 2.109035 1.598394 1.026019 0.260087 0.034468 -0.007628 1.342879 1.011125 0.694302 0.524237 1.068593 1.700324 2.036247 2.136336 2.560837 3.027742 3.465072 3.725611 0.194365 0.247227 0.508556 0.802905 0.873933
6.663549 2.601106 2.797066 3.058997 3.330426 3.205805 3.639615 4.129359 4.418767 5.118730 5.800602 10.243980 6.090205 6.080316 8.342620 6.328351 6.109277 7.847625 6.848635 4.741957 4.281778 4.132192 3.918367 3.794463 3.801648 6.570678 3.137534 2.619185 1.647597 3.910395 3.898816 4.753137 1.866556 2.010984 1.862183 1.657883 1.744687 2.007356 2.270694 2.403645 2.502164 1.956807 1.229650 0.200964 0.013801 -0.011075 1.198358 0.974762 1.228511 1.862085 2.169559 2.216505 2.477420 2.693747 3.145506 3.473455 3.993603 4.195215 0.460415 0.674448 0.933230 1.274979 1.309323
2.722062 2.801354 2.963867 3.384762 3.160514 3.610964 3.987019 4.455402 4.713830 5.200646 5.906908 10.501931 6.278524 6.283231 6.847098 8.977857 6.383931 6.023864 5.503521 4.974980 4.676048 4.533681 4.125710 4.357844 7.208778 3.825722 3.326531 2.774381 2.303078 4.250696 4.254846 2.099860 2.264393 2.360901 2.275332 2.127809 2.189155 2.193654 2.188375 2.570691 2.312988 1.679250 0.813354 0.195024 0.019004 -0.007936 1.481772 1.288499 1.659857 2.205828 2.327792 2.596204 3.071139 3.261101 3.600476 3.984406 0.469668 0.713825 0.898119 1.220052 1.566397 1.903066 1.901979
1.961173 2.265778 3.178717 3.781315 3.712937 3.961179 4.121669 4.315318 4.733067 5.328572 6.079404 6.682808 6.469382 5.432543 6.952872 9.115750 9.004950 8.690454 5.885518 5.526284 5.237047 4.873035 4.783806 7.481715 5.850905 3.597488 3.194986 2.852632 2.461783 4.540264 5.025143 2.322593 2.544645 2.620458 2.531208 2.494561 2.477781 2.421958 2.503630 2.446010 3.609949 1.283123 0.469957 0.198497 0.031998 0.004100 1.574703 1.649298 2.141153 2.494871 2.925131 3.265673 3.312503 3.496844 3.862243 4.291947 0.706009 0.914062 1.385701 1.792453 2.188466 2.498859 2.485943
2.869258 3.599688 3.631821 3.861801 3.938311 3.823731 3.949529 4.252470 4.725515 5.463059 6.237990 6.803663 5.465977 5.539648 9.135896 9.220929 9.208977 9.147785 6.318027 6.018047 9.770714 5.510768 8.673721 7.121330 4.065444 3.272393 2.362407 2.291233 4.151491 4.924935 2.806350 2.778510 2.822066 2.846847 2.803845 2.816807 2.744934 2.673946 2.567696 4.294994 1.682689 0.948787 0.558926 0.271772 0.191002 2.679244 1.935535 2.183591 2.694373 3.186692 3.579791 3.662856 3.852359 4.068279 4.348961 0.860247 5.089509 1.319664 1.699303 1.976018 2.477019 2.833293 2.897906
3.800172 1.520439 3.539285 3.371142 3.565866 3.663909 3.961758 4.334538 4.881966 5.619154 6.407966 6.956794 11.388205 5.757049 9.628439 9.534038 9.335855 9.310169 9.623063 9.703032 9.370424 8.937463 8.095257 4.957835 4.246530 3.527664 2.965312 4.425351 5.268420 3.219746 3.269631 3.196640 3.145690 3.176456 3.151123 3.111833 3.134434 3.099987 5.103551 3.787622 1.595452 0.670607 0.429972 0.213244 0.148079 1.950510 1.839437 2.643261 3.339132 3.759163 4.289686 4.397897 4.335001 4.550823 4.761120 1.180558 1.522382 1.766955 2.107829 2.341654 2.717149 0.079581 2.678986
3.091840 3.012487 3.432848 3.380120 3.406316 3.638490 4.294543 4.467295 5.113852 5.814444 6.632925 7.156013 7.563022 5.920569 10.003384 9.945489 9.817747 9.783515 9.802023 9.606771 9.347209 9.080685 8.554562 5.274276 4.560180 4.347618 3.815024 6.615511 3.641472 3.680242 3.581524 3.485185 3.432848 3.533396 3.540416 3.407819 3.543030 5.862517 4.656173 3.702242 1.470316 0.642110 0.184644 0.018321 -0.001775 1.496417 2.558339 3.524644 4.103685 4.569004 4.910133 5.010990 0.880380 5.001758 5.226021 5.421052 1.816949 2.125345 2.503363 2.670520 2.953407 2.217775 2.446615
3.093173 3.385710 3.407864 3.393728 3.805629 4.149055 7.866856 4.736401 5.354660 6.014952 6.863997 7.124925 7.841843 6.126563 10.409426 10.336059 10.244658 10.106531 9.925793 9.364546 8.534820 8.242223 8.339173 5.437836 4.782749 4.527075 4.210091 4.205399 4.059540 3.952609 3.895380 3.819556 3.690684 3.851186 3.885148 3.743931 6.335576 5.158857 2.849785 1.998262 1.114706 0.511641 0.155773 0.015707 1.753624 2.957973 3.736047 4.363894 4.908215 5.253062 1.019945 1.207228 1.512150 5.696966 1.920145 2.049577 2.041098 2.287632 2.756065 2.947505 3.256728 2.249529 1.522333
3.382532 3.340858 3.794181 4.005112 4.224223 4.393567 8.198528 4.999560 5.618674 6.262411 7.099883 7.425666 8.196587 6.394807 10.783619 10.705144 10.591518 10.491711 10.280402 9.436010 6.585647 5.982890 5.583041 5.153937 4.737410 4.348503 4.757660 4.655640 4.458598 4.243234 4.266311 4.255197 4.050263 4.190099 4.132626 6.632288 5.469440 3.218166 2.467439 1.156333 0.349205 0.186760 0.114498 2.138846 3.353745 3.988447 4.640421 5.299472 1.080935 1.270789 1.515431 1.743107 2.049765 2.325391 2.446072 2.596841 2.645421 2.544490 3.022552 3.402266 3.351240 2.595166 1.066790
3.341337 3.301066 3.528565 4.061800 4.552583 7.948934 4.944837 5.425285 5.924339 6.595306 7.098459 7.981173 8.582521 6.598870 11.197791 11.109163 10.996262 10.923824 10.701774 7.443125 6.870316 6.184785 5.566462 5.132530 4.911491 4.831099 5.338660 5.127899 4.922719 4.571453 4.616689 4.650812 4.468989 7.625839 6.878048 5.658685 3.425351 2.811472 2.025724 0.927151 0.474788 0.182617 2.459774 3.305400 3.893211 4.607853 5.433727 1.205555 1.642896 1.924081 2.068176 2.296314 2.573316 2.838766 2.979103 3.157973 3.307640 3.167914 3.406809 3.722815 3.323425 2.396681 0.815100
3.396881 3.550558 3.935174 7.170061 8.232826 8.989275 5.348193 5.845023 6.230550 6.920344 7.403600 8.358335 9.037310 6.889598 11.592240 11.470358 11.366607 11.275813 11.057161 10.513468 7.208464 6.535616 5.931461 5.583400 5.384357 5.303283 5.215382 5.068667 5.397988 5.021797 5.005293 8.346014 7.899399 6.971182 5.814483 3.712260 3.116566 2.327239 1.545869 1.106173 0.760990 0.799948 3.772719 4.211884 4.630339 5.358009 1.359603 1.596984 2.056707 2.447547 2.726739 2.930603 3.105466 3.334813 3.474671 3.655334 3.798108 3.708260 3.905750 5.125450 3.177099 2.200640 0.965786
4.071986 7.257288 7.787430 8.353323 9.031854 5.352535 5.730634 6.292279 6.591439 7.202904 7.498174 8.909695 12.098569 7.075842 11.902704 11.839127 11.792859 11.638050 11.501686 11.182262 7.662271 6.974550 6.439694 6.092556 5.859629 5.691264 5.790697 5.695646 5.509915 9.022448 8.616492 7.863964 6.890620 5.645816 3.876051 3.351604 2.673212 1.932844 1.514328 1.210993 1.179864 1.432722 4.707626 5.018621 5.492370 1.595917 1.746528 1.940016 2.375114 2.871987 3.289202 3.564145 3.758282 3.808506 3.905828 4.049034 4.157962 4.210158 5.338964 4.319185 2.648881 1.475003 1.046509
4.695403 8.152814 8.394910 5.478334 5.692106 5.717134 6.136612 6.635024 7.059431 7.644696 8.362169 9.432368 12.371218 9.408700 12.299104 12.262682 12.206649 12.031540 11.822558 11.636215 8.173351 7.540163 7.021753 6.652784 6.435435 6.117864 6.229132 6.205780 9.370605 8.737267 7.365388 6.293258 4.586085 4.016332 3.354933 2.709980 2.057070 1.468522 1.516508 1.526055 1.841421 1.939949 1.929468 1.942292 2.019649 2.082351 2.205445 2.418053 2.747967 3.270543 3.737171 4.072880 6.564370 4.348278 4.367544 5.976271 2.162781 1.796954 4.640199 3.563070 1.946137 1.161416 0.373240
7.930338 5.338886 5.607191 5.831203 6.030273 6.199976 6.630746 7.270888 7.554600 8.109243 8.836278 9.866924 12.820517 12.318681 12.720768 12.591002 12.439782 12.219687 11.975993 11.834682 11.459924 8.136006 7.643742 7.254543 10.811893 10.521604 10.085911 9.433565 8.484945 7.069669 5.176156 4.541265 4.029016 3.542978 2.876339 2.195973 1.675417 1.084303 1.639331 2.099983 2.300545 2.303187 2.260255 2.309212 2.452975 2.605586 2.750065 2.943699 3.253053 3.726230 4.147650 6.780680 4.578461 2.576509 2.456720 2.254529 3.973138 4.332012 3.274699 2.883503 1.266025 0.616202 0.032565
8.332080 5.630361 6.012610 6.261016 6.404885 6.579439 6.877876 7.611714 8.064170 8.647914 9.065771 10.351314 7.768198 7.674270 13.017779 12.872207 12.667078 12.447163 12.270323 12.036582 11.773979 11.372018 11.429807 11.403545 11.143863 10.605797 9.341177 6.478620 5.922196 5.326193 4.720056 4.008573 3.434081 2.909770 2.389428 2.088979 1.852322 1.940867 2.268928 2.488178 2.552664 2.570529 2.627284 2.718097 2.939935 3.168985 3.299819 3.455601 3.758010 4.164342 4.716668 2.529124 1.997972 4.277486 4.146414 3.863846 3.602076 3.237369 2.878144 2.766780 1.401505 0.436563 -0.007641
9.106688 9.811458 6.295553 6.629139 6.770876 6.257517 7.369399 8.232342 8.824067 9.598048 10.004890 10.806917 7.961082 7.914091 13.377747 13.195795 13.013462 12.838848 12.629449 12.316506 12.104881 11.955533 8.663513 11.276447 7.564612 7.060067 6.556017 6.146858 5.621246 4.894279 4.138117 3.493565 2.891895 2.296258 1.956992 1.839838 2.166127 2.545397 2.734561 2.743549 2.699755 2.855977 3.097746 3.246473 3.438466 3.705636 3.829791 3.964525 4.304882 4.522996 4.398227 4.327033 3.865488 3.309866 3.109838 3.057658 2.758116 2.423776 2.118751 2.507086 2.104245 1.157530 0.183990
9.724775 10.170028 6.549562 6.893625 6.817897 6.907246 8.002487 8.957005 9.644957 10.168093 10.214387 10.957531 8.151168 8.048892 13.634542 13.472455 13.257469 13.019665 12.727142 12.369725 11.973838 11.415324 8.622684 7.894553 7.210016 6.513150 5.943914 5.659396 5.281377 4.618603 3.864032 3.135046 2.507394 2.202396 2.025060 2.321511 2.778444 2.982783 2.996913 2.932622 2.962902 3.171606 3.580370 3.817661 3.917706 4.187994 4.306719 4.389711 7.062489 4.729965 4.240508 3.633409 3.082930 2.473603 2.137342 2.035942 1.840240 1.558160 0.713281 1.603940 2.067984 1.539916 0.644252
5.989702 6.304458 6.730172 7.221920 7.437402 7.767560 8.408738 9.393492 10.071026 10.762908 11.109392 11.382938 8.198000 8.122709 13.879433 13.668561 13.415974 13.133234 12.662183 11.739356 9.421942 8.862597 8.191036 7.478309 6.730950 5.987124 5.358234 5.086388 4.914476 4.483099 3.855854 3.520170 2.820930 2.332395 2.446437 2.900729 3.112908 3.134680 3.162887 3.218117 3.404831 3.542696 4.039908 4.333927 4.415492 4.589420 7.426344 4.726421 5.942423 4.335079 3.660105 3.062702 2.174116 0.861993 0.578986 0.396460 0.621650 0.649328 0.468424 0.447629 1.342839 1.583682 0.843651
6.463448 6.635560 6.765248 7.229963 8.092873 8.472928 9.082129 9.742484 10.112230 11.049220 11.855554 11.981096 8.451743 8.304127 14.139285 13.881790 13.615547 13.193980 12.379244 9.900197 9.205206 8.531620 7.807510 6.962059 6.135706 5.379999 4.772925 4.483098 4.351456 4.113704 3.618953 2.956315 2.865317 2.746508 3.022251 3.196233 3.206689 3.260533 3.427482 3.637312 3.899977 3.987962 4.393588 7.542483 4.913718 7.568320 4.844386 6.291102 4.591593 3.789941 2.982594 1.942769 0.952720 0.245091 0.203916 0.033940 0.207443 0.292680 0.242545 0.253126 0.397903 1.371405 0.620286
7.036981 7.352934 7.452195 7.413244 8.028258 8.809502 9.729791 10.238146 10.342418 11.025038 14.560613 16.777693 9.283507 9.088775 14.274225 14.037760 13.653169 12.805287 10.368340 9.716530 9.005599 8.216448 7.361773 6.471561 5.631069 4.898836 4.335740 4.035082 3.812491 3.583566 3.221189 3.093558 2.907467 3.199102 3.360349 3.337786 3.269534 3.414819 3.770310 4.079442 4.387449 4.568708 4.737035 5.067770 7.752669 7.550861 6.193515 5.115178 4.048052 3.273814 2.035223 0.721036 0.202493 0.124109 0.012262 0.011928 0.025744 0.128403 2.388197 0.031042 0.005128 0.285808 0.362627
7.208968 7.572878 7.340567 7.986154 8.536713 9.033364 9.794768 10.513204 10.457898 11.183676 14.409992 9.362445 9.217257 6.833325 14.459949 14.087533 13.214493 10.847247 10.140286 9.448205 8.719021 7.921345 7.094025 6.271194 5.455829 4.756347 4.511443 4.040535 3.655744 3.380625 3.173869 3.015317 3.144750 3.481555 3.515442 3.443887 3.425398 3.590287 4.077506 4.464929 4.774483 5.032856 5.200284 5.304769 7.583116 4.832083 4.366007 3.950571 3.392149 2.712207 1.403218 0.191512 0.006722 -0.003881 1.454840 1.518444 1.823501 -0.004669 -0.005469 1.813594 -0.004846 -0.000912 0.341166
7.466158 7.428385 7.405018 8.070827 8.794738 9.345435 9.936226 10.610694 11.088825 11.508555 14.648148 8.668996 7.016404 6.934620 12.315294 13.979025 11.425915 10.656844 9.885309 9.232276 8.559512 7.812793 7.075054 6.394519 5.717148 5.128123 5.565241 4.223835 4.426892 3.842602 3.394139 3.266111 3.515825 3.645800 3.646245 3.661627 3.747295 4.032978 4.394166 4.817966 5.127158 5.311589 8.161598 7.852174 5.081427 4.519431 3.865926 3.220087 3.138796 1.373564 1.205091 0.325254 0.029030 1.748033 1.278413 1.117084 1.158866 -0.030600 1.562759 1.781477 1.955377 2.286093 -0.004064
7.343678 8.083392 7.771154 8.244890 8.942937 12.128128 12.593267 13.122778 11.256900 13.607721 14.644663 7.125749 7.073147 6.968291 12.409002 13.891658 11.459551 10.650682 9.868537 11.063461 8.583490 7.933473 7.294767 9.837887 9.401086 5.562723 5.094079 4.630529 4.169412 3.674896 4.071950 3.907759 3.926748 3.850894 3.812417 3.865738 3.837946 4.384356 4.768698 8.070340 8.251196 8.287025 8.008459 6.723519 4.922682 4.096034 3.187507 2.436139 2.000643 0.590983 0.553870 0.748292 0.212698 0.012720 1.557527 0.991509 0.593697 0.984483 1.419336 1.623664 1.653177 1.877395 -0.014617
7.853822 8.029867 8.307565 8.706018 12.522301 12.741054 12.985643 10.906746 14.128596 14.246570 14.801923 7.076159 7.072827 6.992257 12.524992 14.137154 11.599506 10.854768 12.742498 12.097518 8.809323 11.063711 10.775448 10.324004 6.559897 6.073265 5.599519 5.105887 4.602857 4.859780 4.520235 4.319900 4.175981 4.026855 4.054480 4.057613 4.175415 4.740227 5.080512 8.282028 8.393181 8.195032 7.197743 6.029862 4.705962 3.667628 2.537345 1.890966 0.429570 0.071226 -0.003470 0.573405 0.173786 -0.005991 1.385541 0.884902 0.124049 0.429312 0.826102 1.010941 1.342817 1.862024 1.881718
8.415795 8.554327 8.790122 9.159218 13.152346 13.504074 13.784900 11.192723 14.625041 11.934431 12.675725 7.125434 7.138857 7.024386 14.756335 14.281494 11.774948 11.102429 13.150291 12.513727 11.999655 11.620133 11.179256 10.721937 7.119519 6.680265 6.229156 5.734040 5.192922 4.621710 4.134148 4.587880 4.475928 4.343287 4.438991 4.487677 4.590724 5.016974 5.302426 8.420335 8.372141 7.750621 5.973489 5.292880 4.459476 3.366206 2.525679 0.626780 0.053268 0.027067 -0.004851 0.038153 0.037653 -0.007066 -0.044814 0.510221 -0.916113 -0.901246 -0.932612 0.399463 1.193501 1.686624 1.725041
9.006469 9.145345 9.365515 9.651646 13.742644 14.105088 14.433639 11.502624 11.745892 15.314834 15.208216 7.179329 7.112789 7.016808 12.650364 14.350222 11.971794 11.386352 13.343896 10.203609 9.660787 9.129457 8.613035 8.135324 7.692196 7.278065 6.855185 6.363751 5.800776 5.196538 4.657544 4.981171 4.849242 4.668193 4.330656 4.698857 5.075197 5.423323 5.593552 8.514524 8.289400 6.352814 5.777939 5.027373 4.183896 3.344632 2.326275 0.499101 0.032917 0.013894 -0.003329 -0.002671 -0.004929 -0.009547 -0.058760 -0.077285 -3.452200 -3.393103 -4.618373 0.136455 1.305360 1.470074 1.364981
9.362334 12.953737 13.341454 13.603355 13.951979 10.887017 10.966694 11.558700 11.940263 12.579746 14.979563 7.130916 7.037520 9.152899 12.672815 14.556758 12.207093 11.716439 13.716350 10.699985 10.206584 9.711293 9.212636 8.726299 8.257860 10.693018 10.208092 9.534480 6.305967 5.696012 5.183146 4.814033 5.213248 5.005299 4.662117 5.044562 5.466237 5.858423 8.552753 8.570797 7.972662 6.266442 5.590317 4.808872 3.998400 3.148205 2.280234 1.246254 0.620083 0.270768 0.014513 -0.002636 -0.002855 -0.010945 -0.034207 1.212455 1.318528 1.616463 0.908517 0.564202 1.226721 1.135308 1.086150
8.606343 9.721056 10.120798 10.389027 10.566685 10.763044 10.616097 11.467001 11.055761 11.869984 12.427049 7.072131 7.007024 12.610682 12.663194 16.265094 16.189072 12.017360 14.091928 13.794526 13.395289 10.287089 9.806411 9.318312 8.841811 8.374587 7.905167 9.581653 6.745882 6.155807 5.639980 5.255800 5.048853 5.469727 5.093962 5.428855 5.919931 8.749970 8.716296 8.424457 6.602799 6.111127 5.423875 4.614666 3.802018 2.955447 2.124550 1.434539 0.309581 0.047133 0.013786 -0.014047 -0.021808 -0.032849 -0.009854 1.923831 1.729155 1.425741 0.192140 -2.269837 -1.416427 -2.057698 0.019600
