geotop_simulations/templates/TEST_Venosta_3D_034_template/rec/SoilTemperature0000L0007.old.asc
ncols         252
nrows         194
xllcorner     598250.000000
yllcorner     5144500.000000
cellsize      250.000000
NODATA_value  -9999.0
[rows 84 to 111 of 194, columns 62 to 123 of 252]
8.228378 9.154587 10.322224 11.046692 11.420644 11.594727 11.393049 11.698965 11.950142 12.141430 13.002733 14.479232 7.966927 7.943287 14.475973 14.668619 22.174023 22.116052 21.974443 18.749252 18.450565 18.050338 17.622316 11.233793 10.739565 10.247373 9.731059 14.717715 13.930916 7.941985 7.369799 6.882568 6.496873 6.349289 6.444630 6.591376 6.898077 13.910717 13.865868 13.286659 11.503932 6.953631 10.023674 9.586444 5.047385 4.185563 3.278026 1.835739 2.156603 -0.003905 -0.004887 -0.004037 -0.018061 -0.064465 -0.074540 3.043472 3.474601 3.561121 -0.000844 -0.093592 -0.946725 -0.010478
8.307100 9.051240 9.769108 9.724512 9.972276 10.211948 10.382438 10.669595 11.038883 11.434269 11.963856 13.512359 7.779223 7.875508 7.836632 14.412387 22.014714 21.879826 21.709151 21.454616 18.232721 18.019690 17.734941 17.415847 16.927784 16.069052 10.043436 14.797803 14.285199 13.886205 7.774130 7.288472 6.929332 6.822471 6.918933 7.042734 7.300757 7.910394 13.963689 12.649456 7.370824 6.899693 10.491860 9.746774 5.741800 4.818800 3.834640 2.823715 1.963766 -0.004027 -0.010668 -0.014857 -0.040361 2.555044 1.680222 0.358034 0.407520 -0.004754 -1.382144 -0.006325 3.178540 4.272810
8.411052 8.499080 8.599370 8.766932 9.009110 9.288294 9.556444 9.858734 10.271240 10.857144 11.349986 12.207319 13.843260 7.739688 7.751007 7.708858 7.700860 7.630893 14.067143 21.421632 18.247916 18.021454 17.750275 17.426290 16.964617 16.059801 10.406039 15.104855 14.566698 14.207356 13.621373 7.688526 7.376220 7.314307 7.392717 7.447819 7.815658 8.242568 8.054061 12.096869 11.357584 11.217616 6.169832 5.381049 5.152356 4.559079 3.796287 2.784575 1.974045 -0.004604 -0.029095 -0.032465 3.109751 1.228179 -0.007072 -0.023272 -0.008116 -0.004577 -0.004157 0.992628 5.137597 5.373542
7.274591 7.218074 7.454316 7.875158 8.319271 8.743279 9.169517 9.600928 9.985791 10.453397 11.018111 11.561006 12.713763 9.289450 7.674495 7.687525 7.657944 7.610715 7.516468 18.446858 18.036228 17.616028 17.420367 17.328367 17.182131 16.533925 11.600321 11.076131 14.940287 14.596641 13.972006 9.266129 9.144600 9.161388 7.889945 7.905445 8.264707 8.445218 12.511266 7.789351 7.308129 6.651492 5.815336 4.959764 4.204812 3.548180 3.179469 2.735881 1.587476 -0.005895 -0.028619 -0.032192 2.543033 -0.003693 -0.008214 -0.013054 -0.008019 -0.009766 2.580591 4.902796 5.755389 5.972702
6.046526 6.416924 6.994657 7.696579 8.322941 8.773873 9.140803 9.542651 9.933280 10.346875 10.967203 11.380258 12.331080 13.806396 7.600625 7.629387 7.586914 7.576113 7.519026 13.855795 17.801787 13.181991 12.914778 12.868078 17.368305 16.813105 16.037517 11.411978 10.941436 10.551618 10.115046 9.836366 9.726867 9.643089 14.790485 14.261510 8.576006 8.698473 8.428247 7.875885 7.299504 6.619282 5.828265 5.040082 4.264748 3.538917 2.849351 1.386771 -0.011288 -0.008903 4.117218 3.115485 2.795323 2.899082 3.375326 3.876344 3.664618 3.542775 4.618473 5.499896 5.892238 6.905819
6.098382 6.729111 7.466308 8.153795 10.511553 9.192229 9.516653 9.871833 10.267384 10.671884 11.206792 11.580861 12.417218 22.026399 11.869017 11.814149 7.547323 7.537927 7.504150 9.049883 17.953681 17.882265 13.353283 13.121620 17.556631 17.075917 16.428081 15.982432 11.369470 11.013098 15.225696 15.167836 9.183276 15.186808 15.042930 9.073752 9.003567 8.732793 8.318944 7.809477 7.222914 6.556151 5.868120 5.141931 4.309739 3.615871 2.666904 0.365816 -0.009580 -0.007531 5.138215 4.413733 5.072368 5.466876 5.472404 5.471591 5.238761 4.961324 5.357482 5.948780 7.090726 8.298106
6.737265 7.177965 9.381395 9.883334 10.496510 10.931502 11.280615 11.631370 10.611583 11.043820 11.545939 12.825628 13.534241 22.029462 9.183143 7.521582 7.498819 7.482853 7.475371 9.002480 20.851177 18.154064 18.189516 17.971505 17.631995 17.258230 16.714866 16.250440 15.957002 15.766977 15.671920 9.958004 9.819666 9.708517 9.625390 9.496435 9.140568 8.593925 7.962669 7.378757 6.839198 6.366971 5.849826 5.180828 4.326815 3.563815 2.492151 -0.003743 -0.002921 -0.005532 4.831496 5.196611 7.001834 7.132045 6.836666 6.452515 6.409989 5.777156 5.894391 7.236743 8.635760 9.224565
6.980968 9.138124 9.307108 9.652797 10.395126 10.916834 11.345176 11.696442 11.955129 12.218219 12.706942 13.306079 22.370068 13.692425 13.764951 9.068376 7.407551 7.389503 7.367529 8.902779 20.499352 17.537390 17.499324 17.526901 17.393190 17.143484 16.840974 16.515995 16.170999 15.963712 15.914571 16.093492 10.349905 10.211449 9.907373 9.396735 8.850708 8.296459 7.671410 7.051667 6.451060 5.940263 5.519794 4.949814 4.173495 3.412260 2.228149 -0.004077 0.836547 -0.004389 5.009297 6.690464 8.087860 8.334194 8.349035 8.313773 8.213330 7.352964 6.801935 8.216575 9.486799 9.968649
8.732506 9.176275 9.519295 9.765532 9.726091 10.262436 10.708131 11.106205 12.140144 12.530630 12.943857 17.883603 13.584550 9.775126 10.464479 13.337339 8.844770 8.822310 8.804953 13.405369 20.275386 20.171935 20.007817 19.916539 16.952498 16.971709 12.801555 19.592589 16.373242 16.077975 16.217725 10.797048 15.649741 10.168010 9.598034 9.097526 8.503765 8.204378 7.723956 7.166668 6.163923 5.501398 4.871925 4.398246 3.851164 3.163137 1.970248 -0.003894 0.956534 5.405098 6.337968 8.195254 1.511527 1.298270 0.699264 0.082197 -0.003067 -0.003442 7.423788 8.723561 10.075350 1.463325
7.600986 9.424347 9.841151 10.166089 10.286240 10.774289 11.140475 12.055150 12.365981 11.948014 17.043156 9.336102 12.375700 12.659297 12.556338 12.775203 16.917019 13.064635 13.042435 13.072081 13.156916 13.185013 13.127528 13.002354 12.844533 16.452669 12.415033 12.621201 19.173350 16.292072 19.290778 15.597585 10.407486 9.866198 9.485976 8.948983 8.302645 7.494591 6.880620 6.282386 5.749019 5.159526 4.440846 3.789529 3.375818 2.813098 1.758484 -0.003621 1.117520 6.386937 8.287477 9.210092 2.014341 1.935141 1.808767 1.604463 1.660675 1.465171 1.456782 2.047025 1.740372 1.827861
8.031033 8.738218 10.010223 10.513951 10.698050 11.114907 11.382958 11.786036 16.109696 8.498515 14.506511 13.983909 13.177702 11.107558 11.110406 13.934360 11.938077 12.446591 12.625536 12.711354 12.824407 12.977093 13.038800 12.601966 10.786490 10.251786 9.716382 9.421781 9.306426 19.077724 18.749114 10.946010 14.318945 9.883552 9.635138 8.948852 7.783374 7.057927 6.381176 5.771392 5.219390 4.678429 4.002380 3.307388 2.669152 2.226080 1.587802 0.073140 1.847312 8.812692 2.539418 9.923797 2.404053 2.422853 2.512007 2.217861 2.554026 2.277597 2.222638 2.756453 2.439109 2.409070
8.571527 9.148358 9.851943 10.418072 10.781240 11.033587 11.064662 14.409212 13.850496 10.779229 10.477911 10.221855 10.114220 10.054160 10.059602 10.241102 10.754539 15.124713 15.880374 16.197281 12.555625 12.729285 12.873736 9.722198 6.772684 9.911812 9.721977 9.455310 9.298404 18.821755 18.386796 17.844416 14.739668 10.472819 9.714080 8.390227 7.629445 6.854318 6.127771 5.479747 4.798029 4.105040 3.509726 2.951103 2.344684 1.787009 2.421660 2.694071 9.459081 3.072517 3.019760 3.050759 3.053272 2.901717 3.015271 2.757802 3.020253 2.870571 2.677439 1.526354 2.896724 3.133904
9.029145 9.586605 10.133811 10.418885 10.564637 10.732528 10.618726 10.357132 10.050691 9.826016 9.578756 9.294174 9.180137 9.212245 9.365767 9.587789 9.998177 14.489521 15.103653 15.750503 12.317814 12.579037 12.740256 10.497040 6.723012 9.383451 10.031145 9.792561 9.603451 18.915735 12.061581 15.201588 14.618054 10.450400 9.138737 8.368310 7.576243 6.783403 6.001436 5.226926 4.440549 3.726176 3.128203 2.626455 2.121972 2.968202 3.389493 3.834910 3.672283 3.632353 3.510163 3.515237 3.534471 3.640303 3.414936 3.161500 3.384356 2.178519 1.839536 3.391532 3.234659 3.735549
9.373493 9.756526 7.325696 8.619749 10.461364 9.592924 9.679760 9.418777 9.116007 8.854347 8.632006 8.409186 8.254813 8.355233 8.726136 9.149737 9.510662 10.364955 10.708246 10.897407 11.243138 12.083907 12.519249 12.548846 6.645777 6.614890 10.128761 10.106939 9.992982 12.199618 12.051909 15.338687 14.710358 13.839237 9.765250 8.401378 7.591650 6.774479 5.965485 5.129496 4.290292 3.609082 2.981495 2.422609 3.343533 3.746856 4.144326 4.132487 4.074310 4.027521 4.079280 4.165906 4.195704 4.280039 4.042068 3.691269 3.064787 2.615522 2.211797 3.647566 2.054345 3.889972
9.675751 10.566408 8.467562 13.136336 8.684780 8.801837 8.472160 8.201683 7.998997 7.764390 7.438963 7.269676 7.256731 7.541919 8.117132 8.661164 9.174689 9.896937 10.095259 10.279825 10.605588 11.072555 11.588130 12.481964 6.629713 6.618833 10.187586 10.295142 10.293006 12.164421 12.001653 15.302758 14.659881 13.946734 13.017751 8.508338 7.692386 6.854494 6.040983 5.214408 4.432804 3.808802 4.506711 4.060823 3.982011 4.326585 2.655970 4.291886 4.360962 4.517310 4.638401 4.728195 4.815689 4.850504 4.666557 4.720363 3.454472 2.986948 2.444269 2.304837 2.047366 2.435876
6.735887 5.566618 12.990798 8.407167 8.281622 7.692598 7.294928 7.050640 6.821223 6.584610 6.265796 6.152089 6.479573 7.070228 7.748820 8.197087 8.823461 9.232997 9.492425 9.808164 10.258242 10.681749 11.203316 11.725949 12.468191 6.007496 5.958629 10.097256 10.625087 12.142976 11.962088 11.178132 10.740692 10.631475 13.065560 9.155880 7.805374 6.980932 6.187637 5.398809 4.686094 4.081087 3.501211 3.046646 4.474304 2.934594 3.042232 3.358585 3.600850 4.004772 4.242114 4.337648 5.342843 9.658547 9.614577 4.257615 3.716731 3.155541 2.543842 2.226196 2.079264 2.139756
6.375399 8.602828 10.236095 7.914461 7.340708 6.712452 6.156181 5.840288 5.683365 5.578382 5.505963 5.682949 6.126107 6.571252 7.129713 7.698452 8.126750 8.551543 8.975436 9.347827 9.898322 10.429459 10.921820 11.492325 12.345168 6.523563 5.952062 5.902385 9.536500 11.530348 11.395439 11.178482 10.764175 10.639657 13.092574 9.272348 8.562135 7.204484 6.428558 5.704830 5.045432 4.450087 3.943250 3.560410 3.367374 3.394876 4.781882 3.786302 4.117794 4.533335 4.830726 4.934718 10.158810 9.935407 5.523403 4.471347 3.898920 3.311620 2.720562 2.310143 3.609967 2.322649
11.654575 7.388446 7.457530 6.906811 6.409472 5.985764 5.448196 4.883118 4.611808 4.613789 5.553154 6.290661 6.458702 5.811279 6.278983 6.855978 7.501592 8.096994 8.621208 9.064377 9.575955 10.152095 10.675701 11.275668 12.210678 7.469164 6.472568 6.405572 5.810450 9.516669 11.381482 11.198998 14.719012 10.757545 10.151161 9.527003 8.928237 8.246072 6.823106 6.147821 5.532145 4.990165 4.517547 4.157950 3.942916 3.901737 3.947533 4.100670 4.443857 4.904960 5.303194 5.446593 10.406989 6.061966 9.398232 5.119630 4.087046 3.575708 3.047178 2.637887 2.587014 4.073994
7.468649 7.312848 6.644484 6.070633 5.557831 5.192038 4.815064 4.349427 4.388672 4.350081 4.793009 5.329286 5.550761 5.151300 5.740225 6.435218 7.303022 7.991432 8.441486 8.880664 9.368579 9.928720 10.505264 11.111707 12.093185 10.831813 6.436021 6.378390 6.356752 5.786254 12.371337 11.214725 14.893078 14.210233 10.432049 9.859340 9.241542 8.623459 8.024765 6.634494 6.073875 5.577969 5.137013 4.806357 4.564912 4.450536 4.471565 4.581314 4.751408 5.164314 5.652128 5.875140 5.880804 6.251442 5.775609 4.786273 4.353007 3.896207 3.479458 3.132214 4.379589 4.502825
7.069996 6.664868 6.067693 5.505494 4.851895 4.240441 4.574116 4.765186 4.632433 4.428028 4.553269 4.870729 5.443257 5.043483 5.780573 6.511741 7.300095 8.154275 8.609346 8.957010 9.357029 9.819385 10.351330 10.958174 11.461417 11.866886 6.401162 6.358718 6.336729 5.763556 5.737920 15.352055 14.989505 14.477883 10.689837 10.179089 9.561418 9.003125 8.470240 7.858780 11.354384 6.160100 5.772417 5.466094 5.218244 5.065747 5.025221 5.132439 5.300060 5.569756 5.994132 11.047688 10.486313 6.465193 9.418269 9.302444 5.594116 5.306433 4.015344 4.906631 4.824294 4.831727
6.089354 5.868101 5.410586 4.823375 4.255339 3.708464 4.017920 4.552448 4.696764 4.841176 5.163610 5.381125 5.851316 5.173434 5.924244 6.413356 7.169783 8.253621 9.892728 9.180263 9.506128 9.819332 10.606120 10.776809 11.318941 12.083025 8.509752 8.500892 6.311521 6.278929 6.250420 5.680164 11.063855 14.898820 14.574725 10.505752 9.968313 9.441596 8.897494 8.351599 7.932386 11.584574 11.357598 6.129132 5.891788 10.753195 10.766451 5.718935 11.022659 6.137487 6.417318 11.362581 10.589282 6.721286 6.485107 9.968644 9.831996 5.811498 5.626563 5.480816 4.231744 5.276710
5.461848 5.248045 4.855966 4.229975 3.631930 3.873774 4.116447 4.590184 4.704220 5.117969 5.567493 5.720647 5.867991 6.323592 5.715135 6.264425 7.117613 8.042505 8.641200 9.079262 9.441755 9.827926 10.157055 10.582927 11.109976 11.960751 10.953449 8.452261 8.417495 6.250619 5.696667 5.666218 11.345726 10.919453 14.837776 10.833437 10.362942 9.876195 9.374803 8.893571 8.501622 12.106135 11.823566 6.769287 11.269058 11.214174 11.203829 11.236275 6.527100 11.477659 7.418321 11.617831 7.075130 7.213225 6.911531 10.464262 10.268102 6.362681 6.227430 5.150723 4.956949 5.829567
4.776612 4.539897 4.707783 3.798168 3.896061 3.918040 4.569808 4.685260 4.588908 4.993459 5.376266 5.556597 5.604174 5.737048 5.360393 6.001268 6.836358 7.680011 8.244606 8.735480 9.207182 9.656766 14.498003 14.555061 15.013669 11.318359 15.499636 8.423212 5.725522 6.216834 6.193543 6.174765 6.128001 11.430351 11.368512 14.748964 14.300919 10.273153 9.837258 9.398437 9.019378 8.679723 8.370655 8.105620 7.917848 7.805466 11.650908 11.632918 7.764097 11.787148 11.957102 7.753804 7.496107 7.180523 7.360244 10.892646 10.790317 10.775905 6.828406 10.689387 6.529507 6.424829
3.771313 3.445831 3.424930 3.938181 4.026553 4.168515 4.246637 4.005087 4.256250 4.929955 5.458267 5.780799 5.903480 4.824214 5.421734 6.075378 6.873154 7.623874 8.197244 13.368681 13.857071 14.223379 14.812578 10.493424 10.894777 18.105084 18.060114 17.972104 9.851510 6.181077 5.649029 6.162540 6.122824 6.078666 11.376008 11.224720 11.028964 14.329955 9.739361 9.326423 9.545786 9.222496 8.933126 8.683015 8.507284 8.376552 8.294991 8.294774 7.913944 8.037325 8.043627 8.235406 8.186439 7.697539 7.867517 7.694187 7.570656 11.323953 11.230626 11.144316 10.989192 10.899719
3.180306 2.986594 2.929783 2.912658 3.818514 3.675177 3.459676 3.741226 4.542209 5.256525 5.723404 6.104333 6.416109 6.664897 5.745167 6.322511 7.076197 7.763921 8.290460 13.929478 14.330922 14.695590 15.046492 10.423223 10.784475 17.488404 11.148893 11.792868 11.204879 5.658779 6.161035 6.141624 6.111260 6.059241 5.991489 17.271369 10.612080 17.324285 17.131259 9.865197 9.544965 9.234403 9.500263 9.258886 9.083745 8.950395 8.878597 8.533759 8.577897 8.637738 8.622327 8.678682 8.679418 8.235851 8.002197 7.846584 8.179993 8.079913 7.461035 7.310083 7.131533 6.954829
3.254342 2.817139 2.481704 2.398074 3.374970 3.341235 3.917507 4.751977 5.097651 5.439607 5.755156 6.261376 6.705974 7.149474 7.497139 6.672656 7.350853 7.999058 14.263487 14.587216 14.909902 14.886331 9.863741 10.077804 10.393740 10.661112 10.911435 11.175769 11.284703 5.657041 6.126672 6.115905 9.727248 9.677413 9.626329 5.504081 7.948633 17.125333 17.106699 17.258847 10.512158 13.864156 9.537719 9.789418 9.628324 9.491689 9.416693 9.114993 9.109128 9.088111 9.146087 15.336153 9.148409 8.771931 8.619068 8.508133 8.409597 8.322999 8.221871 8.090347 7.925080 7.738945
3.261205 2.838165 3.821539 3.689613 3.415645 3.604855 4.597810 5.081304 5.238012 5.401262 5.767373 6.397547 5.627332 6.101819 6.579293 7.086532 7.624029 14.286869 14.530740 14.636287 13.855934 9.204149 9.340954 9.542071 9.937496 10.760317 11.150058 11.576176 11.790593 6.763551 6.101807 6.057005 7.351618 7.092619 5.507064 9.695826 9.629504 9.578955 9.463203 5.784470 5.905821 5.621260 7.640144 7.558072 5.433865 7.513792 7.405959 7.277963 9.028654 8.974573 8.994935 10.249946 6.362470 9.435580 9.429978 9.111471 9.060691 9.014182 8.955085 8.861345 8.731811 8.561251
3.240752 2.891827 4.176293 3.965508 3.658110 4.204075 4.797705 4.994457 5.168930 5.342367 4.563640 4.870358 5.186080 5.714978 6.398179 7.026691 12.886333 13.543934 13.340068 8.371790 8.372575 8.447103 8.690934 9.060336 9.490923 9.984264 10.425303 10.848321 11.136890 11.754037 9.907694 10.116033 10.561701 10.426627 15.741565 9.616866 9.455242 9.487744 5.919276 5.848118 5.784758 5.724643 5.627084 5.559997 5.521930 5.464534 5.427850 5.401263 5.361673 9.027611 9.048194 5.314666 5.036102 5.019218 5.306735 5.314495 5.309312 5.308888 5.330742 9.753032 9.718004 9.650422
