geotop_simulations/templates/TEST_Venosta_3D_034_template/rec/SoilPressure0000L0004.old.asc
ncols         252
nrows         194
xllcorner     598250.000000
yllcorner     5144500.000000
cellsize      250.000000
NODATA_value  -9999.0
[rows 72 to 95 of 194, columns 108 to 161 of 252]
-3183.461181 -3182.639361 -3177.584015 -3428.609255 -2153.064366 -1499.048026 -1247.154469 -1184.345161 -1166.604413 -1105.787060 -1116.367732 -1241.424087 -1306.309308 -1589.455959 -1271.953806 -2585.018212 -1941.269923 -1333.109630 -1099.296497 -1013.090996 -587.575907 -270.278200 -2.158836 -122208.189672 -413.748463 -520.656827 -850.517564 -1016.743625 -1015.329913 -1033.924611 -963.942147 -954.353544 -1107.534951 -1103.657601 -1211.133064 -1238.102499 -1257.019975 -1312.384360 -1357.776960 -1407.376017 -1437.232906 -1289.929195 -1140.046830 -1073.045797 -1140.721615 -1297.011766 -1245.319349 -1179.410474 -1072.417632 -986.943003 -987.540653 -1020.121931 -1070.688663 -1134.061991
-3208.665064 -3498.088858 -3182.293037 -2721.386514 -1588.567805 -1287.181897 -1331.941449 -1104.227677 -970.605851 -899.784743 -854.986416 -1038.938753 -1519.390511 -1292.155891 -1027.428657 -1372.886018 -2061.355517 -1445.388334 -1142.283485 -1377.043191 -699.965094 -248.742549 -13.674331 -237651.320614 -363.410535 -473.098343 -692.455801 -866.407005 -930.385776 -979.366067 -1004.444534 -956.647197 -987.570619 -1246.718649 -1253.523616 -1309.538918 -1326.682017 -1355.194868 -1403.599273 -1444.982674 -1421.965418 -1861.714176 -1134.203083 -1108.193993 -1184.846369 -1290.411538 -1192.575761 -1045.563712 -976.451249 -876.671208 -871.941915 -936.049564 -1051.766594 -1155.042886
-3515.847788 -3195.655881 -2279.254107 -1689.994533 -1345.901864 -1347.293652 -1092.705927 -1039.441846 -881.567852 -777.237849 -1018.025337 -1132.064925 -1078.275951 -975.592181 -890.258837 -920.176320 -2130.379280 -1508.167136 -1029.504689 -1007.076534 -2400.842769 -331.104625 -117506.420691 -74315.938116 -283.874143 -334.211245 -405.574728 -508.415627 -612.348769 -692.845931 -809.770843 -958.022229 -976.751207 -1112.291314 -1372.418793 -1393.403250 -1431.959192 -1440.760537 -1462.042347 -1481.338765 -2632.668395 -1920.625267 -1614.394805 -1188.443055 -1263.805714 -1339.632346 -1232.073468 -1030.273549 -768.049881 -665.634074 -540.275078 -795.658134 -1082.515259 -1123.108874
-3483.043845 -1491.390611 -1252.782082 -1213.508383 -1350.968395 -1129.629893 -1024.595584 -1083.551482 -968.463948 -830.132180 -773.586975 -1076.875832 -1034.930347 -811.639640 -773.234720 -785.976903 -766.328897 -1485.157138 -876.847589 -1060.708109 -479.705564 -356.297283 -351.755417 -484.818886 -496.218508 -464.489659 -429.125970 -416.224978 -489.365042 -680.408899 -836.104459 -928.225890 -1085.686266 -1635.692207 -1484.096300 -1470.015621 -1487.282382 -1499.489815 -1511.969167 -2900.085253 -2708.795264 -2096.666984 -1242.981360 -1247.934986 -1276.213339 -1291.723947 -1229.884635 -1142.708551 -933.336871 -596.253102 -520.852543 -882.047741 -1135.878387 -1154.762861
-1213.232235 -1049.823756 -1005.956275 -992.841559 -1188.680434 -1116.150269 -1119.294142 -1370.860647 -1193.893632 -709.676575 -637.470608 -722.307575 -566.828603 -663.575862 -637.680227 -584.005556 -604.843381 -936.112247 -1212.412708 -1383.316894 -697.994186 -493.485101 -456.392355 -579.605437 -616.421958 -421.652045 -349.214772 -322.447546 -366.595897 -549.269096 -768.614662 -929.912692 -980.559190 -1105.175070 -1404.529905 -2803.784726 -2827.158795 -2911.034617 -2970.166520 -2931.967240 -2770.112915 -2289.349777 -1340.072526 -1325.032570 -1308.346050 -1310.243721 -1237.127865 -1182.103654 -1128.053768 -1146.743215 -1272.225787 -1351.603882 -1396.251050 -1276.914941
-1059.633604 -955.809611 -896.315422 -1164.766900 -905.257988 -1149.261813 -1285.331769 -1183.048607 -967.294616 -665.697733 -512.760700 -406.128705 9003.425799 -533.292978 -512.379065 -510.330616 -520.809331 -492.139328 -1202.171431 -999.607305 -986.827484 -857.012756 -687.263570 -663.673182 -399.388920 -64837.615619 -106218.133374 -203.557414 -329.687233 -473.026175 -764.809454 -921.543814 -916.712947 -761.575396 -813.167009 -1000.175086 -2974.816130 -2985.340137 -3018.137714 -2994.974921 -2793.830651 -2345.433617 -1304.541919 -1658.841741 -1636.152724 -1076.409073 -1043.578863 -954.231151 -797.011986 -806.237556 -1310.601739 -1315.105813 -1330.376574 -1269.607845
-1003.757585 -886.218413 -785.608714 -911.158623 -794.096949 -816.038926 -1278.764488 -1293.941920 -1059.825271 -661.092121 -379.664570 -235.808212 -361.348646 -329.372662 -367.500751 -394.824263 -415.405691 -1743.679375 -552.940952 -1225.169284 -1003.869238 -860.205129 -504.030396 36.191730 -235542.638085 -90794.616072 -80268.529006 -423.725641 -625.478494 -772.593121 -973.029327 -810.668476 -778.378968 -661.760866 -788.813709 -761.954573 -930.272343 -1632.128598 -3056.065356 -2959.127793 -2561.365775 -1974.214558 -1201.124756 -1381.847967 -1070.094513 -1007.095408 -867.680786 -691.061473 -567.381865 -532.065633 -636.433407 -1025.425204 -1146.952519 -1157.224443
-1002.710260 -841.259914 -877.135428 -694.493655 -549.082783 -779.193786 -1247.231098 -893.143764 -758.994102 -549.226143 -317.752355 1.681673 14.866156 38.440990 42.189417 -272.055354 -323.910061 -434.776512 -423.586319 -425.477961 -1773.241024 -773.276571 -588.349527 -124.033636 -108512.735829 -81369.282063 -38684.952567 -343.785795 -800.905355 -960.183093 -1088.371994 -551.417105 -561.159266 -524.283066 -680.201445 -696.399939 -775.467459 -892.235378 -1279.748386 -2798.527643 -2441.273341 -1322.505500 -1159.997696 -1295.650217 -1112.983552 -1045.550227 -961.626498 -653.765712 -548.751191 -435.796470 -747.326828 -750.586369 -933.577978 -1038.342226
-1109.029632 -1107.424030 -805.778303 -571.811268 -528.139611 -620.863872 -524.290755 -824.553374 -903.079370 37183.114942 22.303681 -107032.010561 -108997.376376 -112320.077160 16.671442 42.341595 -236.045699 -307.675183 -309.143732 35693.576869 35548.425571 -334.819816 -300.446941 -187.974081 -72714.929867 -72877.714266 -190.885108 -246.255064 -602.042293 -959.978479 -625.933081 -339.942684 -292.605346 18142.961818 -547.665572 -695.615411 -878.924695 -746.237482 -991.843653 -2280.250653 -2365.741870 -1317.544657 -1068.717492 -1226.357625 -1089.970415 -942.283195 -498.320955 -344.077682 -286.958233 -235.984885 -356.174829 -610.073669 -749.520127 -915.372998
-1728.777640 -1216.830016 -828.845503 -662.234054 -446.412983 -409.943996 -303.399295 -616.294176 -1103.801135 39437.532539 34245.555881 -370503.640857 -404157.121046 -568601.383662 6.162439 43.776132 45.928167 47.316399 47.844554 -132.206491 -227.616552 -193.983724 -129.730055 -203.450960 -15.182101 -29502.449232 -287.855568 -344.041391 -480.727873 -648.920652 -415.271683 47.104836 37.578247 -280.756469 -449.802455 -760.395830 -896.238041 -1104.386711 -1225.279162 -2251.193774 -2231.555716 -1320.599402 -933.463438 -1144.336862 -1253.355636 -654.935172 -326.118473 -245.923010 -129563.583836 -407.500606 -610.537878 -731.742005 -734.971392 -726.832888
-1998.169748 -1597.437992 -1154.599246 -1048.545179 -759.830099 -289.645054 39.677032 -160.500691 -1444.995865 32323.020973 -530.392488 -331.844977 -457.887906 -498.057100 0.097150 43.476346 48.959138 49.701308 48.562098 45.835379 41.717070 40.750675 38.666068 22.678607 -4.554287 -40139.041557 -284.407472 -276.579507 -366.802635 -527.157653 -258.144519 -16.861774 -273483.686055 -209.883780 -467.120799 -865.095663 -1089.552612 -2180.804287 -2369.358688 -2829.317077 -1882.419222 -1309.227490 -895.449307 -982.445812 -1008.488974 -1493.090709 -723.747268 -726.993203 -814.096815 -702.982770 -989.088761 -692.346448 -567.834368 -562.864082
-1907.661863 -1532.371110 -1250.068964 -952.503743 -692.079704 -287.586601 -1471.906313 2333.242105 7618.380692 -1188.681649 -857.725701 -580.706560 -334.996873 -1.662605 -272242.615715 -168606.044642 -241851.868237 -35.879006 32.725037 11.185127 -181001.470693 -118301.110030 -63.743573 -123.053821 -551513.709762 -90397.472137 -331.571238 -361.425006 -464.092715 -426.294726 2.250510 -410293.330449 -31.229950 -345.656606 -928.830943 -1017.879731 -1211.788637 -2211.906881 -2425.523482 -2487.598675 -2312.369783 -1267.961759 -1163.599555 -1310.173523 -1214.146262 -1119.273303 -1007.437969 -892.819485 -973.625108 -882.320331 -680.299634 -540.467278 -387.149349 -426.901561
-1607.740188 -1201.557888 -1120.811029 -866.588002 -547.176682 -297.981214 -1951.309518 17644.074569 17686.985329 49.152302 48.159849 43.031127 36.394297 -26.280810 -460594.079832 4.640776 -326799.419726 -287763.474004 -19.088676 12.726056 -454.849535 -779.640752 -404.046814 23.807072 -18.402017 7.900875 -406.544208 -538.601609 -712.571005 -848.107584 -923.290576 -853.660273 -992.973089 -992.256247 -1024.643996 -1116.230761 -1174.161231 -1776.816966 -2116.180984 -2530.961772 -2258.672884 -1253.216957 -1250.955448 -1495.240653 -1618.304003 -1138.734809 -1112.150118 -1009.189574 -865.925221 -654.390535 -213.763534 -23.730121 -250.373267 -329.302535
-1679.867414 -1191.928946 -1049.454933 -882.879975 -596.287059 -442.958398 1887.161682 42.156088 42.109602 -13.239869 -12.402649 -69.845525 -461911.547815 -117416.349782 41.899199 -346.412443 -274.283696 -551.258996 -938.677615 -497.137124 -692.559863 -820.132671 -619.574708 -282.796637 15.209095 -342.754035 -506.278315 -705.964622 -837.897292 -902.209264 -1008.738562 -917.352192 -1034.871034 -1055.883677 -1110.808179 -1128.208402 -1188.929348 -1630.381574 -1865.237481 -2548.205232 -2355.438361 -1323.800321 -1244.693368 -1585.701091 -1566.591717 -1328.718109 -1091.904263 -945.669063 -809.943400 -635.841003 -398.355180 -276.649588 -905.864210 -840.308677
-1453.160577 -1112.252557 -1087.575634 -915.352704 -710.968125 -947.946951 -398.723449 -199.798073 1.974745 -14.978399 -176287.548289 -93871.495142 -66956.570155 35.149831 -467.587150 -589.238578 -798.725405 -956.363520 -948.414457 -905.919706 -867.294732 -855.004416 -739.157689 -535.597413 -366.608282 -569.056896 -684.311772 -699.221136 -801.436025 -884.346093 -970.167671 -1018.978065 -1101.130561 -1124.267233 -1110.065881 -1146.085784 -1221.098865 -1729.365583 -1902.169208 -2523.728437 -1734.831993 -1357.416565 -1263.920716 -1373.562044 -1385.639252 -1273.922858 -1012.829562 -845.486207 -794.568870 -700.061135 -474.509233 -487.768622 -943.499978 -952.487289
-1468.516824 -1171.676496 -1002.836380 -886.594386 -907.085084 -2128.989021 -426.993698 -300.955118 -164.625534 11.791098 -208563.730258 -253479.454242 -539.701741 -493.506470 -569.396228 -695.901600 -966.845030 -969.655589 -967.913372 -1008.431919 -928.490888 -1146.947871 -753.267596 -726.668843 -689.162230 -693.943193 -770.311497 -759.376403 -812.187851 -859.464198 -911.672385 -970.065820 -1031.042800 -1084.668800 -1106.745087 -1475.772021 -1760.824945 -1835.027197 -798.250615 -757.303137 -975.261039 -1333.636251 -1257.841457 -1309.585423 -1222.771633 -1307.449078 -892.791334 -1348.471294 -787.359698 -706.135684 -631.125250 -687.341351 -983.285007 -917.509059
-1415.258502 -1144.429911 -871.104177 -1026.592087 -806.842846 -693.118629 -627.237245 -618.998848 -664.016960 -700.815152 -678.262935 -495.376551 -601.089890 -593.111774 -682.408175 -896.347792 -977.642370 -977.002230 -991.017856 -891.859741 -1090.443951 -1082.873124 -2257.049956 17962.318069 -530.776496 -507.271240 -801.927119 -783.156153 -825.984670 -846.663237 -887.205950 -946.406186 -991.635099 -1015.377714 -1100.568556 -1446.459632 -797.549799 -914.285698 -690.413376 -592.598825 -808.207663 -1497.205702 -1189.113211 -852.518726 -960.006290 -1192.810509 -911.783113 -1390.009734 -813.583766 -778.522355 -772.980281 -848.330800 -762.162985 -660.597534
-1415.763964 -1132.079860 -921.614288 -1055.515443 -1051.910873 -1071.311826 -1013.006300 -774.944835 -778.433274 -787.709694 -754.525823 -742.856413 -751.410906 -755.616335 -880.313955 -972.249765 -989.895821 -992.234559 -1050.506820 -966.358373 -1172.987758 -2204.709161 -2667.372370 -2388.522735 -673.299683 -632.663783 -907.564451 -850.708457 -833.697975 -830.698194 -866.366005 -917.397436 -961.020775 -885.055082 -966.525975 -849.989782 -769.016961 -784.994717 -655.655575 -575.257570 -656.394887 -1045.433962 -1048.067676 -913.610512 -816.357194 -1025.521593 -960.151192 -1362.563027 -802.668053 -689.489923 -494.563257 -263.731399 46.017197 41.624351
-1383.088779 -1189.617434 -1168.607604 -1107.701354 -1085.603469 -1113.285030 -1123.036711 -1028.094374 -966.752672 -849.443841 -885.773929 -918.157541 -952.223026 -923.769110 -933.281064 -979.796120 -1007.295983 -1028.489276 -1229.898619 -1018.420247 -1452.026714 -1101.184100 -723.549990 -658.387642 -763.928770 -732.710548 -969.445745 -987.699120 -937.177761 -892.455307 -881.211798 -816.420329 -868.862797 -758.534591 -603.500991 -991.811994 -1114.119700 -1058.108583 -603.883760 -615.395560 -658.564683 -643.581771 -636.834586 -766.749827 -608.878411 -627.390575 13132.222667 29825.648897 35427.162430 -341.709792 -274.343292 -104.199283 41.564439 7.101129
-1299.856880 -1190.224554 -1186.531316 -1198.007160 -1123.665105 -1139.090195 -1103.688329 -1124.036859 -1123.218671 -1078.921940 -1099.386419 -1090.390518 -1060.443602 -1049.933846 -943.376239 -1006.689649 -994.434469 -1140.915606 -1288.072365 -1143.054320 -1113.990139 -1016.196101 -883.619291 -801.889854 -809.488232 -936.401873 -1068.563149 -1082.862234 -1058.800130 -986.450717 -928.444805 -827.671385 -998.539460 -1528.028518 3692.620208 -1616.460527 -1041.912987 -882.787481 -775.963100 -892.887704 -680.259531 -633.569879 -609.213691 -737.458680 -1800.008956 18770.578688 -2052.887990 19644.079788 45525.876467 42518.095613 -279.441728 21.823176 -89760.909096 -106685.667244
-1245.559419 -1184.419507 -1196.289966 -1133.087129 -1162.072486 -1142.473541 -1469.466505 -1347.567436 -1206.163769 -1166.210422 -1226.552474 -1409.219805 -1140.604232 -1104.030259 -980.190152 -995.990348 -1161.489069 -1257.357001 -1130.174081 -1223.117324 -991.170326 -943.458938 -920.173681 -882.953479 -856.713372 -1134.015164 -1081.856938 -1294.064946 -1097.584889 -1065.375329 -982.781685 -1989.620842 -2294.952740 -2322.812489 -2467.024141 -1969.338013 -979.192370 -943.322985 -626.362550 -800.123353 -675.703297 -648.985354 -676.510139 -939.269458 -1383.370917 -887.359712 -1433.691154 -2924.816270 28964.275411 -496.482787 39.050336 -242409.850613 -103904.177640 -71361.419372
-1226.491731 -1140.912105 -1236.438771 -1171.059086 -1197.552077 -1179.094854 -1681.027231 -1554.500101 -1379.403775 -1239.189738 -1299.629629 -1358.394046 -1446.404143 -1703.120765 -1160.057671 -1176.675019 -1452.774656 -1242.561082 -1186.952279 -1333.383546 -1050.514444 -1199.004991 -1066.111151 -1109.296621 -993.492839 -1299.785373 -1166.270747 -1051.270160 -1254.278051 -1310.293041 -958.116941 -865.719582 -809.618107 -753.332447 -775.742218 -869.136633 -928.855948 -981.474206 -623.371873 -770.660604 -711.764351 -653.372450 -745.218933 -772.330204 -870.891949 246.080054 -1424.114485 -2407.350763 -206.216904 -615.259082 41.666784 13.461463 -8869.615118 -484402.287757
-1233.264900 -1067.140812 -1588.383978 -1240.038027 -2053.350213 -1225.931127 -1910.149972 -1817.553763 -1665.531141 -1290.000328 -1785.429598 -1741.231231 -1969.441133 -2436.308863 -1858.054962 -1484.264018 -1724.497416 -1278.086300 -1866.646068 -1487.582259 -1347.369841 -1254.562744 -1076.586761 -981.954030 -844.561308 -1319.013320 -1161.536429 -1020.724539 -1340.961982 -1079.389811 -1208.575132 -1025.161507 -930.727435 -832.858920 -852.521455 -868.680983 -919.344769 -807.318789 -715.383105 -759.612992 -719.683952 -631.616607 -763.676098 -723.518724 -886.959825 -2220.057718 82279.250756 -1380.065378 -2661.170531 65947.039059 -425.398930 36.083809 23.932469 36.463479
-1938.883783 -2285.918970 -1291.161877 -2336.818310 -2355.957504 -2495.835090 -2447.829404 -2153.137768 -2068.542356 -1368.668099 -1904.294411 -2263.661404 -2364.516015 -1436.729908 -2284.114512 -2261.372989 -2179.715410 -2120.686072 -2277.444366 -2071.869562 -1672.240521 -1480.946276 -1305.516020 -989.265005 -890.678981 -1218.485914 -1082.417749 -993.678747 -1213.335472 -1099.990224 -1083.884273 -1056.671341 -1016.015136 -934.103197 -939.610940 -887.332369 -951.823121 -737.292648 -1002.750509 -674.288127 -675.976265 -609.585242 -728.434404 -823.706145 -1212.570318 -1210.651213 -717.656388 -1002.455956 -2481.765605 56706.459059 60463.298481 43831.600284 -19888.277261 -330.446690
