geotop_simulations/templates/TEST_Venosta_3D_034_template/rec/SoilPressure0000L0000.old.asc
ncols         252
nrows         194
xllcorner     598250.000000
yllcorner     5144500.000000
cellsize      250.000000
NODATA_value  -9999.0
[rows 48 to 71 of 194, columns 108 to 161 of 252]
-4204.514413 -3932.360442 -3853.801292 -1722.098053 -1071.581961 -580.011418 1.438324 6.489224 10.073245 13.712632 6.143232 3.405071 0.167299 -405.726324 -675.000081 -1505.100219 -2979.009356 -3867.905541 -5817.192587 -17190.944549 -30923.505416 -39525.088380 -12766.101960 -36525.269952 0.014307 4.120844 4.567537 4.769113 4.541554 8.983356 0.094933 -20350.053570 -4611.236843 -28676.309388 -37294.738060 -15169.133762 -4334.602566 -4627.537128 -5258.282558 -5107.513285 -4780.767197 -4876.662752 -5106.485692 -5289.419227 -5852.415104 -6541.533545 -67838.054414 -92373.690511 -101364.821188 -101650.387590 -96635.123339 -85721.269931 -61855.627052 -46442.572368
-3683.245059 -3618.036387 -2146.047150 -3165.940240 -8113.012519 -716.393615 2.820723 7.735565 9.938900 0.000652 -11682.441065 -3339.809234 -994.441193 -1151.209798 -6463.650533 -3404.462902 -3795.648056 -3923.792892 -4573.944339 -6862.196634 -18237.746475 -28744.768225 -16014.940691 -15756.599630 -44618.490163 4.000152 4.643887 4.757686 4.677113 0.068408 -41782.921815 -11504.854043 -18143.823374 -36472.092318 -17977.361445 -4286.383185 -4425.595573 -4569.061304 -5353.209173 -5500.220139 -5047.549114 -4947.319833 -5212.404202 -5737.051018 -6079.667114 -5724.978853 -9873.183846 -55417.625587 -84579.681624 -88201.881288 -81087.313941 -56118.976781 -9246.709457 -5274.029300
-3786.552370 -1833.565696 -2012.802969 -1981.184822 -3287.392103 -6232.543907 -6471.928509 -4212.932519 0.000793 -4103.405470 -1918.893899 -1949.845456 -5087.488797 -23170.874608 -7916.381180 -3729.603553 -3794.383174 -29937.318500 -6444.568089 -3994.413797 -7296.329323 -5515.364365 -25540.416530 -7959.031833 -36700.226595 4.299192 4.598835 4.740427 4.704904 -47948.762965 -8436.957171 -38824.093794 -35446.517666 -21190.660574 -4679.598245 -4487.922348 -4130.301529 -4393.471605 -5133.630274 -5597.727196 -5221.041669 -4751.811553 -5247.389077 -5940.729044 -6302.371945 -6624.543995 -5835.916526 -5653.512289 -40693.912107 -50752.622337 -48549.489495 -10284.637980 -5121.441061 -5320.555800
-1716.029025 -1593.603284 -1193.567932 -1335.714523 -2052.463816 -17444.772890 -12346.077970 -7513.116507 -4499.141425 -6684.714257 -5954.013165 -3250.912414 -5678.834177 -23306.196256 -16449.517006 -4584.872508 -16858.584922 -13179.834796 -16056.095307 -3751.553261 -4032.712745 -3949.232429 -1650.507612 -36093.947036 0.058116 8.206175 4.609081 4.653763 7.857206 0.000644 -21714.835318 -38396.573124 -28565.492738 -8348.371596 -4591.917112 -5085.599206 -3584.694830 -3998.974106 -4551.007369 -5344.001905 -5392.068064 -5012.602990 -5144.874218 -5842.274528 -6377.248131 -6672.812406 -6020.987802 -5960.397085 -5792.546184 -5961.854943 -6467.243600 -5190.317394 -5265.280176 -5347.939580
-2953.652951 -1134.057732 -979.929880 -1026.481663 -1328.480712 -2195.648251 -4693.143233 -3400.787777 -3032.378473 -15832.805309 -5843.705667 -2567.617780 -3138.124292 -10000.478648 -21655.616743 -7795.334898 -3465.702842 -3717.606804 -3818.450416 -3715.552668 -3552.817775 -3437.936543 -2332.675045 -45612.065620 4.604804 0.065883 7.945851 4.611041 11.458926 2.271514 -1795.442609 -3656.697492 -13311.843779 -23680.418073 -19946.327621 -9812.219277 -4265.424967 -4081.979994 -4202.985301 -4702.176996 -5064.144714 -5037.766436 -5040.326134 -5604.758781 -6206.003576 -6598.024576 -6666.109828 -6136.925584 -5989.520186 -5824.013370 -5537.408802 -5282.859986 -5442.811159 -5478.955066
-2198.863899 -1280.803381 -998.984648 -897.266959 -1000.084359 -1021.428944 -680.047632 -394.443062 -2753.126199 -3415.185302 -8152.082518 -6931.150580 -20519.564981 -28090.950965 -27104.927777 -5971.056041 -3776.145329 -30735.052030 -13069.297224 -3737.749350 -3435.355942 -6698.257676 -11997.936759 -23142.961335 -19314.069716 -39835.121308 0.037484 4.648181 12.417622 9.138702 0.749720 -1844.184974 -3314.541604 -11818.745600 -26575.148874 -4431.483970 -4048.217945 -4137.120901 -4216.432165 -4288.467817 -4777.321446 -5020.120297 -5474.775443 -5605.367808 -6001.622121 -6450.077042 -6323.953223 -6340.969110 -6165.790839 -6008.432963 -5686.262799 -5019.332179 -5130.755629 -5380.246664
-3008.528902 -2407.592785 -1194.308726 -921.666832 -759.956846 -338.834014 1.107015 2.713533 -3179.092693 -3570.767037 -10343.666488 -25661.521718 -30491.290491 -31589.443770 -10972.369323 -4025.798194 -3867.738792 -13533.575949 -4253.418913 -3966.076129 -4195.807845 -11269.563100 -54007.941620 -65201.293638 -21923.114338 -23170.138262 0.000217 5.327149 6.128046 0.006324 0.015258 -34687.900494 -17970.483895 -18381.735265 -10984.339274 -4124.017199 -4190.149362 -4201.108083 -4416.141957 -4411.977138 -4431.345629 -4489.511530 -4907.569022 -6110.389295 -6053.198844 -6432.263304 -6770.220371 -7035.230270 -6337.626841 -6149.641036 -5892.386131 -5175.224480 -4671.288608 -5012.799361
-2679.612545 -2000.515010 -1179.452259 -991.822185 -1252.869069 4.219811 4.418726 -43053.121444 -1040.996306 -2296.950938 -21191.074500 -9768.938298 -5650.166943 -4968.200886 -4099.656211 -29830.230349 -3970.823334 -5490.261023 -3514.071519 -4016.215486 -4109.771251 -6108.359174 -50313.418232 -67809.793483 -17975.867461 -18222.619778 0.000224 5.101616 4.853531 4.559285 6.097535 0.005387 -40842.545802 -32569.769067 -6010.336978 -3963.252137 -4109.309660 -4358.895695 -4487.956658 -4458.052855 -4436.717599 -4380.071401 -4739.404130 -5310.353309 -5894.760550 -6273.907657 -6558.230761 -6979.080889 -6410.429797 -6259.521959 -6121.002037 -5675.889797 -4951.375409 -4863.086593
-3742.914566 -1449.837845 -1155.038211 -1696.937205 -4336.307644 -2414.070846 -63315.846141 -11767.941095 -24314.209312 -4340.873251 -4976.099887 -3661.942880 -3905.501577 -29535.139133 -25163.447116 -12934.973109 -4330.226744 -3847.825122 -3716.724665 -4091.926793 -4259.417212 -4070.102417 -31098.465263 -33162.549296 -10887.826830 -15091.222123 -23678.786576 4.638646 4.573931 4.771833 -18289.473816 -32814.447204 -30841.753830 -27606.011946 -7047.753869 -4059.908891 -3832.049481 -3637.603931 -4172.308938 -4189.641527 -4358.758371 -4298.704061 -4479.185949 -5064.855132 -5745.828340 -6204.280292 -6562.933798 -7006.565926 -7146.798679 -6410.979172 -6289.712748 -5902.617157 -5211.641679 -4950.827869
-14792.055008 -1913.005675 -2136.929913 -3801.190645 -74039.225109 -78089.617773 -50287.341179 -46889.505741 -34965.450633 -4977.795800 -3462.785943 -3851.063424 -4070.469479 -23028.482113 -5079.391270 -3742.089885 -3829.437066 -3710.188001 -3813.806119 -4126.586662 -4226.387839 -3545.194173 -11930.232630 -28165.866368 -5150.465016 -18533.562981 -24884.258169 4.432999 4.546300 4.841611 -1196.593287 -2099.909310 -6550.168279 -5472.762637 -13466.728377 -8900.140283 -21308.397643 -29611.308295 -4749.640594 -3903.296285 -4258.380343 -4216.087762 -4304.850732 -4825.715950 -5503.013519 -5992.173848 -6526.844782 -7013.175869 -7207.309957 -7188.048883 -6439.551294 -6085.758088 -5387.149045 -5059.477176
-4760.319309 -4903.351750 -4945.809025 -32006.556652 -60686.523767 -62319.607480 -44023.386013 -15873.787234 -5510.411624 -3921.588617 -3820.819295 -29484.397490 -5844.361431 -3715.166833 -3760.901991 -3921.097414 -3998.886509 -3863.889498 -3886.490049 -4152.664185 -4275.191966 -3452.348077 -4836.549982 -22469.129152 -5355.011209 -26855.833647 4.479790 4.169291 4.705520 4.783417 0.900116 0.316684 -1465.151531 -2392.450024 -6342.052385 -33161.147495 -46010.363121 -47637.556323 -40716.860177 -5834.114193 -4116.621420 -4237.230565 -4480.856214 -4646.439081 -4917.107266 -5680.280978 -6326.520933 -6806.785378 -7089.221617 -7242.102650 -6591.466799 -6508.757548 -5693.503161 -5267.810504
-27562.349263 -33504.809272 -51929.103211 -46966.013678 -45837.914315 -40234.557391 -6256.865245 -4527.600016 -3903.271292 -4033.697617 -3999.710532 -8902.369565 -3732.603606 -3783.989967 -3890.630546 -4019.421780 -4101.587745 -3985.418005 -4023.575387 -4152.800694 -4172.120868 -4017.060151 -3817.688663 -26400.773893 -2775.952590 -32351.635417 4.505839 4.303102 4.615297 4.469944 4.184204 4.498629 0.006665 -1710.018616 -4901.875763 -52738.756996 -56964.689480 -50692.471913 -26601.732157 -4539.311034 -4417.096108 -4320.445028 -4579.212242 -4623.272624 -4620.066918 -5527.773378 -6097.060870 -6566.117063 -6865.617716 -7191.777690 -7309.224145 -6798.848211 -6004.419850 -5430.986732
-24485.683735 -52017.472833 -49824.139447 -44727.736769 -9551.790843 -4079.941951 -4000.411981 -4000.249367 -3942.934973 -4116.907687 -4494.661902 -4076.036599 -3742.189912 -3790.838966 -3779.375998 -3931.944768 -4057.828478 -4068.400845 -4005.392438 -3922.661055 -4031.879531 -4100.227541 -4164.322954 -7707.284384 -45802.239947 0.000057 4.657314 4.392689 4.482552 4.659808 4.336620 6.266060 0.005468 -3151.991384 -43626.792934 -49837.026184 -46265.414272 -22817.233236 -5549.775294 -4872.925555 -4811.842546 -4546.234327 -4543.632096 -4575.823654 -4476.391490 -4973.430589 -5945.113472 -6304.786786 -6665.794749 -6959.492951 -7236.412503 -7002.906658 -6308.358143 -5756.660891
-33358.141954 -54555.448353 -47735.073197 -6241.850092 -3817.699266 -3861.842297 -4082.470472 -4157.516631 -4091.825103 -4112.984131 -3756.108959 -3843.377728 -3818.414985 -3837.404795 -3822.779503 -3913.722292 1303.085768 -3968.267208 -3857.815754 -3643.828106 -3616.640450 -3286.784386 -3751.558139 -4553.614957 -34520.156036 0.000256 4.713402 4.248723 4.625182 4.816394 4.706811 10.720281 0.032725 -31160.305164 -38900.242729 -12742.740836 -6414.032078 -4893.421850 -4790.275107 -4951.460340 -5044.087590 -4952.932461 -4853.858205 -4685.821149 -4597.204028 -4869.877043 -5233.733921 -5915.150747 -6303.678561 -6626.604928 -6987.823220 -7003.501019 -6406.481411 -5819.434537
-23543.931170 -41387.271884 -4565.270041 -3847.056445 -4010.719242 -4021.781889 -4082.569745 -4017.359023 -4250.538482 -4157.881219 -4246.963381 -3838.163154 -3845.187497 -3886.920205 -3856.997837 -3959.742932 -2812.377241 -3850.030700 -3613.730625 -3265.201795 -2954.063592 -2900.076538 -3670.751940 -6932.018481 -4871.437138 -18640.691933 3.880797 4.185595 4.862113 4.813616 4.683216 0.012153 -1409.579461 -2013.533878 -26420.674423 -4429.284542 -4794.024845 -4964.099446 -4944.605083 -5008.364472 -5172.974359 -5238.261935 -5228.126249 -5220.846809 -4886.024690 -4815.723107 -4984.207122 -5074.290805 -5415.520423 -5896.990952 -6505.609478 -6778.050668 -6622.993053 -5868.473483
-12717.880029 -3901.207683 -3904.358387 -3997.984916 -4123.514973 -3836.120793 -3650.581043 -3848.696709 -4356.912042 -3941.721877 -3935.275806 -3818.123905 -3812.125631 -3889.464027 -3894.152929 -4113.052268 -3890.301175 -3411.037473 -2612.794255 -2580.324116 -2592.168050 -3116.273728 -2590.183944 -1235.436211 -1909.598726 -23829.866754 3.917350 4.275009 4.929725 4.788033 4.818133 -52419.565393 -2464.921991 -716.143023 -1858.291034 -3335.642324 -4057.016046 -4822.335109 -4934.308684 -5021.693231 -5203.040210 -4998.014929 -5023.387030 -5020.183690 -5072.591173 -5031.488248 -5122.907002 -4928.526277 -5079.286264 -5426.216938 -5798.547880 -6386.800517 -6471.581315 -6206.113065
-3963.762251 -3885.773690 -4020.273435 -3748.180508 -3704.511262 -3773.699223 -3790.488246 -3876.684287 -3994.779657 -3998.903788 -4018.232336 -3948.348816 -3813.482072 -3713.892986 -3930.808956 -4337.408401 -4360.752771 -3796.890189 -3331.856676 -3208.798106 -2112.386816 -1578.223527 -952.459779 -1174.238334 4.266943 4.328094 4.461681 4.452613 4.966255 4.785651 4.870296 -60113.603900 -7090.458209 -1017.761785 -968.484953 -2520.410558 -3327.846517 -3979.727518 -4974.506881 -4988.555655 -4673.958386 -4806.897099 -4848.616764 -4879.641417 -5034.198879 -5097.324654 -4897.787212 -5009.505788 -5032.898680 -5031.087467 -5158.513803 -5541.961406 -6236.832766 -6231.846022
-3989.469352 -3994.884641 -3630.443418 -3849.354413 -3880.164119 -3839.330264 -3851.787800 -3905.164148 -4002.150630 -4033.243641 -4085.215371 -4081.162613 -3919.105599 -3786.361992 -4140.154916 -4393.819862 -4368.225314 -3609.703531 -5832.570073 -5654.218541 -1560.308171 -847.984539 -3105.953437 1.872491 4.320792 4.528676 4.535359 4.489531 4.942908 4.755375 4.883533 -55537.695407 -1699.771232 -924.998583 -1110.685274 -1577.950726 -2571.861295 -3107.184033 -3654.047463 -4236.907313 -4317.643648 -4264.043557 -4308.448073 -4437.672373 -4700.885555 -4877.768802 -4739.252120 -4562.092051 -4639.808506 -4947.605502 -4841.096464 -5164.905844 -5612.590434 -5906.747929
-4079.107264 -3706.823698 -3767.601239 -3853.573069 -3900.953991 -3926.507475 -3931.732922 -3948.521430 -4019.180226 -4046.518091 -4100.789127 -4112.197170 -4002.866435 -3975.055684 -4651.507429 -4318.624067 -4258.266268 -3666.296231 -5917.974762 -31294.175483 -4808.580071 -1265.544448 -50144.362998 4.538792 4.474553 4.717875 4.755938 4.764715 4.844324 1.131429 0.163220 -57253.887867 -1373.653003 -1186.263299 -1248.987216 -951.125403 -1172.629114 -2251.053560 -2604.954320 -3291.348035 -3835.612778 -3950.077045 -3975.319495 -4043.551032 -4354.898896 -4507.892030 -4586.071569 -4600.615932 -4609.596851 -4675.669298 -4796.023843 -4930.560141 -5192.721248 -5581.438876
-3811.012937 -3820.395716 -3797.199671 -3837.551328 -3901.187618 -3965.163706 -4005.074042 -4037.492850 -3974.523094 -3993.282295 -4054.059516 -4045.523734 -4017.806240 -4255.312975 -4103.339159 -3849.136258 -3927.718445 -3928.802698 -6785.007989 -6503.302704 -35879.332925 -42464.429039 -1747.203217 -53937.809029 4.500870 4.741577 4.951278 4.848070 -46314.287515 -8607.714622 -61107.083171 -45672.599222 -14662.995949 -2314.482435 -994.819822 -471.083079 -947.131445 -1726.289782 -4427.463192 -7915.141461 -6317.181622 -5649.368582 -4737.028316 -3857.349670 -4141.676277 -4425.211702 -4569.425385 -4746.528692 -4685.027786 -4713.850004 -4691.008909 -4945.167198 -5024.247994 -5425.588881
-3895.152788 -3859.562506 -3836.483933 -3841.737147 -3900.212758 -3968.169376 -4033.870968 -4751.358675 -4056.473696 -4055.357118 -3567.049338 4120.182382 2494.681227 -3948.962397 -4120.648167 -3567.715570 -2557.162948 -2800.122113 -3869.016690 -4320.214859 -6358.394369 -32048.519954 -27649.673908 0.003106 5.511843 5.387215 8.040000 0.021075 -2763.786605 -968.867707 -1544.290768 -17851.336092 -22626.642989 -19803.390184 1.316484 2.537801 -2975.737781 -1541.644006 -9404.558411 -32968.032789 -28823.106308 -13561.898955 -13791.670185 -6904.559678 -4151.891310 -4287.259172 -4341.918131 -4442.273341 -4479.574851 -4575.314985 -4635.827620 -4697.979789 -4698.953241 -4957.107437
-3942.730562 -3907.406188 -3878.833766 -3880.079296 -3923.693116 -3982.683235 -4698.903578 -1006.919022 -791.477521 -799.061966 -786.948453 -2451.448189 -4175.934811 -3416.807171 -3581.409506 -1998.134421 -2791.061315 -2537.094847 -2642.007345 -1278.740457 -1146.142738 -1493.433234 -2858.432356 0.000229 4.273019 11.242815 0.021717 -2796.860295 -1321.834130 -1460.397091 -18434.389792 -15134.791086 -18659.734512 0.000218 7.197747 4.186928 -681.174877 -12651.146677 -44492.384323 -36597.990529 -5375.751746 -4793.577678 -4771.606035 -4621.645811 -4477.084849 -4196.499268 -4185.335509 -4206.853744 -4333.321026 -4422.066297 -4578.137510 -4700.387194 -4712.991469 -4865.294051
-3980.527195 -3943.005732 -3912.031540 -3915.788564 -3956.616514 -695.021218 12918.696068 3005.162844 -3904.800395 -3967.520499 -3958.390925 -3983.879587 -3871.279480 -3741.570786 -3978.285767 -3590.007129 -2964.862796 -6078.902644 -1012.841030 -715.197576 -634.725459 -339.369836 2.900506 3.570172 0.006537 0.100990 -6345.406056 -2758.975667 -5324.858900 -16781.337202 -23192.708108 -24847.793996 -21484.629144 -18289.269778 0.000220 -76254.596819 -78726.286783 -59352.965553 -26625.856091 -5028.582221 -4590.745533 -4854.801040 -4933.552499 -4812.012385 -5839.298158 -19835.889441 -4906.813325 -4158.143956 -4226.597931 -4229.255295 -4511.116286 -4632.322545 -4670.927251 -4639.851182
-4000.914082 -3968.255236 -3941.154293 -3969.483753 -4002.145179 -1306.846229 -3896.039817 -3733.331349 -3359.310629 -3367.952963 -3789.885200 -3833.449363 -3720.726872 -3535.717911 -3978.179410 -4119.751506 -3718.585376 -6212.647786 -5883.434772 -1667.690597 -853.111739 3.012184 7.426093 9.484512 12.111384 -3501.321116 -12261.559666 -45230.679778 -35748.667537 -16008.989755 -8409.001960 -19675.955378 -31563.335155 -46323.679581 -65446.094755 -77614.506147 -64283.939493 -43338.226978 -5119.261453 -4550.254070 -4712.613644 -4785.212079 -4684.133687 -5878.097258 -37441.810261 -44228.454241 -4182.066954 -4196.841371 -4052.819378 -3944.944326 -4031.343097 -4410.408998 -4337.380460 -4172.928895
