geotop_simulations/templates/TEST_Venosta_3D_034_template/rec/SoilPressure0000L0003.old.asc
ncols         252
nrows         194
xllcorner     598250.000000
yllcorner     5144500.000000
cellsize      250.000000
NODATA_value  -9999.0
[rows 120 to 143 of 194, columns 54 to 107 of 252]
-2446.244294 -2278.979562 -2806.339893 -2468.447624 -2401.349936 -2611.505709 -2510.327783 -2306.337200 -1776.633517 -2189.101529 -2306.449967 -2344.544013 -3501.911879 -3485.448198 -3474.181698 -3488.647468 -3507.977102 -3522.155519 -3567.398466 -3624.638690 -3676.333238 -3698.855404 -3694.257310 -3538.174689 -3573.799196 -3627.566267 -4310.272376 -3701.434108 -4414.970494 -3888.806471 -3908.736534 -3912.174816 -3906.780399 -3471.857424 -3795.782382 -3770.912342 -3776.265129 -3774.678702 -3740.874793 -3753.937497 -3715.344200 -3690.577718 -3671.513264 -3650.972637 -3617.502548 -3589.157212 -3569.513492 -3535.859428 -3511.442429 -3481.580382 -3492.272848 -3469.174521 -3446.687927 -3433.754863
-3310.996261 -3258.901943 -2552.151411 -3175.611196 -3070.052202 -2807.189283 -1658.006535 -1683.414158 -1899.372244 -2019.240516 -2215.714159 -3467.365167 -3489.329313 -3474.827967 -3499.856071 -3572.824505 -3607.168160 -3618.372379 -3641.544824 -3678.865224 -3711.628231 -3511.807371 -3569.461396 -3604.095162 -3616.761714 -3637.020505 -3674.797806 -3728.676262 -4440.573150 -3913.987975 -3925.797537 -3891.468089 -3803.282698 1807.260088 -3703.055592 -3761.480008 -3772.054754 -3730.082835 -3716.825007 -3726.621763 -3714.828463 -3670.206848 -3656.729797 -3625.716706 -3596.796403 -3561.574581 -3525.898981 -3495.343864 -3469.736654 -3456.326207 -3449.219039 -3438.421320 -3427.199084 -3393.519280
-2954.146959 -2817.842769 -2678.266185 -2431.016630 -3268.013952 -3143.530498 -1770.832324 -1818.396252 -1892.721506 -1857.228714 -3280.637235 -3289.602889 -3376.772907 -3443.324419 -3510.458160 -3589.317451 -3622.782789 -3643.468839 -3657.402125 -3686.746011 -3494.645409 -3569.528560 -3621.103930 -3655.386793 -3679.324787 -3691.793155 -3703.207081 -3739.740462 -4409.990298 -3896.137359 -3870.713350 -3798.020339 -3781.772304 -3774.783304 -3767.054582 -3758.654713 -3723.005930 -3705.350997 -3690.173783 -3676.425356 -3671.081656 -3645.561569 -3611.034238 -3577.184415 -3547.589624 -3515.711020 -3465.958589 -3405.799186 -3366.092875 -3352.295666 -3338.053595 -3323.877632 -3352.516581 -3296.768679
-2071.693244 -2063.080235 -2919.398996 -2632.782171 -2802.012187 -2862.147169 -1623.350317 -1678.012209 -1845.862732 -1751.861725 -3123.785293 -3214.612570 -3226.255024 -3430.204165 -3518.442371 -3575.657201 -3630.584642 -3659.065347 -3682.860755 -3708.184206 -3553.280473 -3624.853148 -3667.467395 -3697.362714 -3723.966120 -3747.891693 -3764.943030 -4363.187578 -4359.263532 -4310.050510 -3817.737227 -3789.226626 -3789.944967 -3779.926128 -3766.357740 -3718.636104 -3719.764322 -3701.650975 -3661.760283 -3647.452257 -3639.262263 -3608.670056 -3570.824413 -3530.145905 -3497.119883 -3456.424501 -3384.565179 -3322.686752 -3277.700692 -3262.492738 -3237.294083 -3213.526271 -3256.722170 -3225.214503
-2351.123097 -1872.304116 -2241.788177 -2411.537489 -2381.006371 -1735.279999 -1518.014126 -1554.265436 -1761.171451 -1700.260918 -1772.295974 -3302.840756 -3310.534466 -3362.574026 -3545.011511 -3617.358631 -3663.506512 -3687.794492 -3727.854008 -3747.196324 -3745.588595 -3648.077839 -3692.100841 -3724.092105 -4433.347487 -4455.368379 -4478.538132 -4456.258768 -4398.465729 -3859.821251 -3803.560218 -3811.903306 -3789.425366 -3762.815901 -3719.056061 -3696.156246 -3670.308631 -3644.527878 -3631.050899 -3617.482016 -3595.925603 -3572.266687 -3517.685344 -3456.962594 -3414.067626 -3359.706104 -3291.993757 -3218.470619 -3131.350125 -3085.427069 -3112.658118 -3119.240551 -3080.346971 -3062.836451
-2363.279950 -1919.735800 -2731.635313 -2244.177105 -1451.233224 -1446.189001 -1431.364611 -1516.414967 -1680.220293 -1689.223747 -1756.502329 -2070.921969 -3387.040312 -3355.352151 -3430.574248 -4042.272777 -4186.123838 -4270.805079 -3729.115006 -3734.320003 -4210.193076 -4109.129758 -3669.345804 -3705.830592 -4224.335547 -4324.093332 -4396.572551 -4439.906808 -4369.167361 -4153.246663 -3795.307049 -3795.030967 -3750.635231 -3725.618563 -3697.941647 -3667.213567 -3635.944611 -3607.901818 -3594.099232 -3573.678419 -3540.629309 -3524.682016 -3405.836463 -3330.520820 -3299.535531 -3245.939334 -3156.952257 -2992.470596 -2819.407342 -2725.987377 -2741.021102 -2668.925366 -2622.528777 -2572.895773
-1863.219482 -1674.129388 -2939.049373 -2281.512000 -1687.109045 -1485.922034 -1548.087667 -1639.459099 -1654.348169 -1669.284369 -1728.778769 -3010.580908 -3254.109961 -3318.477971 -3277.640641 -3438.625427 -3651.646331 -3889.799892 -3961.765740 -3933.814172 -3593.860684 -3624.129716 -3656.464614 -3695.082791 -3740.879092 -3790.454770 -4324.765126 -4357.396256 -3846.358614 -3817.019322 -3783.994799 -3758.657691 -3735.164491 -3705.983409 -3672.102121 -3632.690916 -3600.399454 -3575.435291 -3559.032947 -3528.581224 -3472.484309 -3465.099269 -3308.424167 -3251.861598 -3206.117741 -3175.703836 -3015.787431 -2724.889849 -2472.148696 -2566.347210 -2594.174816 -2358.346080 -2344.741134 -2456.911091
-1727.480809 -1572.246891 -2249.386322 -2128.135252 -1554.283571 -1745.367504 -1775.570815 -1859.932706 -1710.401900 -1629.177269 -1582.413847 -2261.145029 -2867.296404 -3122.857733 -3144.110099 -3280.517189 -3402.037331 -3514.994487 -3452.044573 -3556.340944 -3613.376914 -3661.182626 -3700.615262 -3736.358596 -3773.948508 -3813.165939 -4325.349457 -4304.994398 -3840.677757 -3804.716832 -3769.947753 -3737.486654 -3708.453616 -3681.983851 -3641.060629 -3587.439218 -3549.551121 -3523.203344 -3508.419767 -3467.815957 -3367.442976 -3394.226679 -3197.083545 -3168.879025 -3019.968014 -2985.331333 -2902.974541 -2687.393846 -3106.459097 -2477.175259 -3096.736628 -2172.661186 -2280.313777 -3192.500073
-1624.474244 -1517.053678 -1593.944093 -1394.097363 -1448.525265 -1873.761386 -1879.133867 -1959.035898 -1747.806622 -1603.363550 -1526.305784 -1667.291380 -1948.004640 -2551.355898 -3325.848585 -3502.183613 -3579.574509 -3653.155638 -3610.805899 -3672.914149 -3718.990498 -3751.467528 -3776.054938 -3797.846882 -3818.346026 -4348.957294 -1949.827001 -3487.982225 -3832.744456 -3788.394867 -3745.163148 -3705.323445 -3671.040432 -3640.111700 -3584.608409 -3517.530987 -3454.576106 -3399.918199 -3402.083734 -3509.533707 -3241.258246 -3308.599583 -2995.944076 -3064.518157 -2999.037312 -3284.335572 -2592.533164 -2455.159441 -3161.486823 -2266.834520 -2681.228551 -1839.059243 -2977.263130 -3111.690213
-1548.529442 -1432.732699 -1288.702906 -1170.859290 -1233.830031 -1546.910436 -1510.888087 -1720.201345 -1898.326714 -1816.378609 -1847.683115 -1906.203206 -1999.578208 -3484.876421 -3593.749830 -3684.707556 -3745.145303 -3803.980576 -3681.210944 -3725.395023 -3766.414270 -3799.744376 -3822.450196 -3846.178033 -3858.010708 -4379.851662 -1564.137515 -2321.136216 -3823.170936 -3774.550002 -3722.219411 -3674.444778 -3624.809016 -3573.135944 -3489.491102 -3415.580634 -3307.776372 -3221.594277 -3232.547259 -3270.336414 -3039.672263 -3474.722293 -3119.502887 -3139.753112 -3347.166116 -2796.354012 -2493.391054 -2248.800070 -2897.023422 -2484.526786 -2079.515341 -2758.246456 -3234.669674 -3225.981782
-1445.907888 -1386.332292 -1228.096401 -1224.649972 -1070.786514 -1094.657728 -1286.164435 -1441.848789 -1795.604348 -1853.101358 -2040.524651 -2415.499380 -2548.486280 -3684.548507 -3737.739551 -3789.370957 -3825.542031 -3675.566924 -3714.932758 -3745.011953 -3774.320789 -4357.621981 -4270.419114 -4264.477232 -3852.170261 -3879.399963 -1573.364399 -3923.781527 -3816.727974 -3759.925679 -3697.388397 -3632.220396 -3566.734491 -3463.410918 -3388.694730 -3506.650932 -3458.988078 -2931.448361 -3363.361586 -3394.406520 -3362.488724 -3444.928144 -3355.263262 -3317.854292 -3275.449579 -2530.263891 -3166.994688 -2026.150760 -2581.256120 -2290.223601 -3115.483834 -3390.207173 -3464.086982 -3433.733236
-1531.688958 -1456.428399 -1099.053145 -1071.262737 -876.094101 -876.167478 -922.004547 -1370.200850 -1781.347317 -1663.898112 -1738.718123 -2084.525246 -2446.928647 -3698.120967 -3764.504545 -3806.051448 -3647.101894 -3701.069641 -3735.037558 -3750.833797 -3749.276218 -3907.784282 -3755.488013 -3793.913645 -3842.459906 -3890.149749 -1736.607171 -3879.139640 -3820.188082 -3757.741544 -3688.714155 -3596.489421 -3478.441228 -3330.157441 -3162.767569 -3398.050910 -3336.100684 -3225.495576 -1804.813447 -1763.559954 -3092.562592 -2415.048496 -3006.596267 -2861.359469 -1609.676740 -2375.659833 -1546.358161 -1643.695484 -1785.015608 -1817.275586 -2455.354830 -3487.902290 -3480.406628 -3412.382286
-1761.619440 -1635.072560 -1584.842351 -1316.195240 -857.557071 -753.515228 -828.237929 -1455.979871 -1514.476413 -1685.064266 -1917.465084 -3359.265213 -3472.024755 -3597.988633 -3642.629007 -3676.995412 -3707.071757 -3733.180078 -3698.501898 -3970.732675 -3836.922973 -3721.594287 -3765.490642 -3819.057473 -3862.430824 -3902.650609 -1836.520389 -4176.179217 -3828.980074 -3765.665028 -3698.645597 -3608.741457 -3470.178275 -3249.813415 -3368.589910 -3296.884017 -1775.210339 -3142.801137 -1814.978116 -1664.611486 -2429.238020 -1787.058832 -2113.351498 -2071.592364 -1460.179644 -1537.354345 -1569.822852 -1540.359262 -1381.329718 -1546.453603 -2751.426626 -2447.694297 -2486.400443 -2438.362075
-3011.441282 -1803.491328 -1826.264372 -2058.746260 -1920.044010 -1859.212883 -1858.435051 -1891.665849 -1726.304021 -1775.344438 -3409.587931 -3458.647207 -3460.045336 -3504.437964 -3277.772467 -3332.551844 -3502.718398 -3591.173293 -3646.687875 -3673.903836 -3724.283678 -3783.370669 -3835.599186 -3869.409636 -3894.787172 -3922.304172 -4272.988752 -3902.798840 -3842.114556 -3774.565334 -3709.130130 -3632.114614 -3530.515334 -3401.498740 -2160.930244 -1905.818976 -1788.830998 -1805.093559 -1772.060907 -1607.944664 -1512.631745 -1288.625803 -1649.532217 -1763.797212 -1490.134573 -1388.092873 -1356.716477 -1302.382656 -947.160672 -971.095523 -1297.590602 -1408.669999 -1433.098617 -2030.216779
-3199.556185 -3101.257575 -3342.054402 -2071.042868 -3189.783265 -2667.833146 -1851.074922 -1865.103364 -1777.464128 -1833.143395 -3119.029130 -3284.243289 -3372.792201 -3429.159588 -3523.208298 -3596.651267 -3555.089239 -3689.639926 -3674.126895 -3733.640272 -3812.545978 -3885.745476 -4078.952404 -4066.721304 -3951.188528 -3952.869772 -4307.084549 -3926.758327 -3868.070757 -3803.426794 -3740.633632 -3667.409431 -3592.169339 -3532.198008 -3392.111609 -2933.302975 -1910.198058 -1846.715647 -1756.203756 -1594.438186 -1403.608907 -1197.445392 -1190.398639 -1250.720730 -1305.344591 -1164.315065 -1006.726724 -917.383096 -820.258713 -720.239178 -998.070866 -1127.700978 -1245.582463 -1280.409706
-3319.075269 -3230.886385 -3312.806719 -3279.799871 -2958.990240 -2477.115060 -1950.922928 -2039.215583 -2093.318877 -3474.366280 -3542.359427 -3589.417332 -3591.257917 -3585.244705 -3593.913739 -3627.519627 -3670.008588 -3648.982175 -3727.384663 -3815.045828 -4046.207756 -4114.270263 -4131.783400 -3994.724656 -3976.137624 -3895.815098 -4154.012587 -4215.462655 -3898.791965 -3847.659966 -3785.975422 -3711.231511 -3645.782684 -3585.652089 -3478.083772 -3178.963498 -2549.825549 -1982.389004 -1759.542513 -1605.038929 -1354.351639 -983.785168 -1086.916191 -1035.132541 -988.191423 -857.097705 -620.855503 -696.338033 -708.144724 -583.040113 -567.970030 -798.045720 -1008.976787 -1215.724874
-3339.395477 -3109.503080 -2907.931397 -2542.780200 -2156.239456 -2274.606902 -2101.411346 -2172.700107 -3538.296658 -3584.234490 -3639.708887 -3676.974131 -3710.386160 -3732.180573 -3719.360265 -3703.824898 -3755.468221 -3846.416671 -3815.026281 -4062.141543 -4092.640348 -4071.381724 -3973.956734 -3964.514203 -3942.093338 -3924.217054 -3917.477709 -3920.679591 -3920.283562 -3936.315172 -3820.346226 -3751.307821 -3695.673847 -3628.711772 -3511.513711 -3245.971630 -2363.934725 -3203.538493 -1691.376336 -1498.863903 -1347.155093 -773.391525 -622.999349 -505.998438 -611.731352 -508.027393 -530.095548 -547.132660 -491.890944 -475.637343 -303.596678 -605.582728 -827.331204 -693.613961
-2691.375592 -2411.821190 -2062.526923 -2168.394413 -1984.196972 -1654.748862 -1820.980116 -1974.347839 -3486.890048 -3544.038385 -3554.625448 -3605.036775 -3701.582741 -3768.603471 -3790.207814 -3791.163483 -3820.339564 -3922.286759 -4029.258803 -4007.784829 -4054.168905 -3998.347484 -3935.408644 -3917.590405 -3901.136714 -3888.838730 -3887.084768 -3892.605491 -3905.879365 -3941.560654 -3899.832584 -3796.298671 -3740.960460 -3658.347503 -3556.946274 -3376.101580 -2766.390208 -1804.678583 -2372.897098 -1453.700369 -993.770304 -672.555750 -361547.415323 -198026.335058 -161036.063709 -85326.708199 -99035.523067 -129551.655981 -100439.822287 -148228.614500 -92806.566535 -85867.374112 -152314.043003 -334113.665677
-1961.623120 -2642.822315 -2387.713328 -1970.252977 -1517.814771 -1619.252012 -1566.070872 -1650.911378 -2299.942265 -1747.677710 -1917.394409 -2151.822944 -3659.508864 -3751.806968 -3511.398816 -3857.035227 -3892.814000 -3947.092720 -3999.608931 -4000.005001 -3943.245528 -3908.941700 -3893.022673 -3875.620140 -3859.199109 -3849.873123 -3847.064307 -3854.444032 -3870.060639 -3884.794385 -3882.647883 -4267.180153 -3773.522663 -3680.403024 -3574.462950 -3348.528890 -2626.006603 -1833.345503 -1630.911870 -2015.322461 -1772.208967 -1584.166878 -662.907643 -399.830652 -140919.071780 -83.063624 -663.619688 -910.719229 -672.170720 -112179.711073 -81009.916556 -74018.620749 -146798.252530 -134450.682594
-1961.032314 -2564.371485 -2187.314050 -1452.886295 -2019.071037 -1575.962636 -1487.559759 -1546.999312 -1602.062226 -1841.016661 -2104.598922 -3595.726124 -3651.806154 -3708.692234 -3498.218391 -3638.828046 -3924.269281 -3840.991064 -3955.222602 -3944.025470 -3903.881999 -3884.047472 -3861.877913 -3835.109887 -3811.344137 -3799.654858 -3797.538198 -3810.478400 -3833.690071 -3852.061670 -3873.775407 -3855.730832 -4174.093843 -3694.954105 -3577.173931 -3285.224177 -2682.318567 -3124.790530 -2813.596446 -3023.825726 -1891.866177 -1728.643029 -1609.533040 -1567.040217 -1795.974052 -1310.969995 -1232.922122 -1340.314019 -693.280223 -565.036263 -91848.339431 -86793.518867 -79159.455723 -95767.336033
-2377.190325 -2952.820584 -1856.142454 -1943.112898 -1329.805067 -1506.772256 -1502.591395 -1576.945682 -1735.287351 -3331.580373 -3467.279240 -3537.457349 -3558.055886 -3665.764546 -3520.765229 -3679.246266 -3723.765731 -3706.453254 -3939.688907 -3920.595381 -3898.931365 -3874.785051 -3837.705447 -2504.387194 -3747.963387 -3716.251966 -3721.289710 -3750.552896 -3796.356160 -3815.337641 -3845.997792 -3858.317336 -4106.715287 -3713.291718 -3602.982221 -3424.307253 -3204.000503 -3550.847501 -3477.184158 -3427.021130 -3194.181440 -2888.271970 -2655.568586 -1852.042702 -1917.146755 -2067.745241 -1540.227943 -987.307238 -0.395105 -519566.914227 -85624.203388 -54.276676 -724.536739 -1437.418785
-2902.564062 -3211.585291 -2030.260722 -2136.659733 -1982.363698 -2107.973555 -1773.180052 -1598.026607 -1606.050709 -1609.694987 -1658.226500 -3463.572773 -3424.948481 -3354.926136 -3555.782125 -3730.886647 -3763.864005 -3812.308537 -3884.794796 -3898.185009 -3880.706872 -3851.790586 -3808.031720 -3740.592596 -3652.842606 -3598.719625 -3618.115843 -3745.288232 -3756.339831 -3819.029230 -3835.229522 -3854.312286 -4090.284640 -3737.045232 -3658.619278 -3537.542838 -3413.187170 -3252.105914 -3589.628855 -3505.387725 -3294.470546 -2489.918328 -1706.515079 -1479.538907 -1288.536274 -975.048025 -835.716002 -556.824150 -338.259470 -29.703337 -198.469697 8.330914 -1452.034413 -1099.362283
-2766.929571 -2862.333926 -2497.049285 -2403.632521 -2614.649741 -2825.068605 -1529.412350 -1502.775250 -1425.578328 -1457.453574 -1624.583188 -3455.463633 -3421.006343 -3508.067696 -3624.233891 -3755.506851 -3811.739677 -3446.112494 -3902.967007 -3885.283679 -3861.475155 -3822.576605 -3766.587310 -3666.606909 -2144.379911 -3709.186339 -3741.044538 -3772.490374 -3805.414688 -3789.280267 -3824.358700 -3846.410307 -3814.754616 -4094.522487 -3687.002178 -3602.992871 -3460.970435 -3371.247724 -3229.854422 -3462.884057 -3247.771320 -2780.232462 -2538.886423 -1972.757374 -1341.629921 -1112.234191 -639.332396 -394.505960 -42.252778 -258076.709809 -474.537190 -1131.400441 -1569.888746 -944.479531
-1913.725637 -1253.250606 -2059.853961 -1652.248090 -1620.568082 -1519.369156 -1295.179622 -1371.297444 -1477.541975 -1740.444013 -3554.140012 -2491.035094 -2711.427531 -3619.460670 -3698.541256 -3774.143063 -3833.708239 4026.844771 -3890.510663 -3867.871209 -3836.956220 -3788.810719 -3717.453234 -3578.076366 -2247.252450 -2473.782141 -3794.944613 -2531.369486 -3838.071910 -3784.066649 -3814.480097 -3841.053635 -4110.779563 -4058.122042 -3682.328555 -3585.245820 -3456.797461 -3236.493093 -2410.890522 -2446.384899 -1848.229422 -1642.450667 -1761.783210 -1235.776008 -1068.825260 -668.129832 -388911.680093 -214563.043129 -102454.556878 -129620.555744 -936.709171 -1460.191046 -1641.874619 -1064.597004
