geotop_simulations/templates/TEST_Venosta_3D_034_template/rec/SoilTemperature0000L0001.asc
ncols         252
nrows         194
xllcorner     598250.000000
yllcorner     5144500.000000
cellsize      250.000000
NODATA_value  -9999.0
[rows 0 to 27 of 194, columns 62 to 123 of 252]
-9999.0 -9999.0 -9999.0 -9999.0 -9999.0 -9999.0 -9999.0 -9999.0 -9999.0 -9999.0 -9999.0 -9999.0 -9999.0 -9999.0 -9999.0 -9999.0 -9999.0 -9999.0 -9999.0 -9999.0 -9999.0 -9999.0 -9999.0 -9999.0 -9999.0 -9999.0 -9999.0 -9999.0 -9999.0 -9999.0 -9999.0 -9999.0 -9999.0 -9999.0 -9999.0 -9999.0 -9999.0 -9999.0 -9999.0 -9999.0 -9999.0 -9999.0 -9999.0 -9999.0 -9999.0 -9999.0 -9999.0 -9999.0 -9999.0 -9999.0 -9999.0 -9999.0 -9999.0 -9999.0 -9999.0 -9999.0 -9999.0 -9999.0 -9999.0 -9999.0 -9999.0 -9999.0
-9999.0 -9999.0 -9999.0 -9999.0 -9999.0 -9999.0 -9999.0 -9999.0 -9999.0 -9999.0 -9999.0 -9999.0 -9999.0 -9999.0 -9999.0 -9999.0 -9999.0 -9999.0 -9999.0 -9999.0 -9999.0 -9999.0 -9999.0 -9999.0 -9999.0 -9999.0 -9999.0 -9999.0 -9999.0 -9999.0 -9999.0 -9999.0 -9999.0 -9999.0 -9999.0 -9999.0 -9999.0 -9999.0 -9999.0 -9999.0 -9999.0 -9999.0 -9999.0 -9999.0 -9999.0 -9999.0 -9999.0 -9999.0 -9999.0 -9999.0 -9999.0 -9999.0 -9999.0 -0.037567 -0.065055 -0.003130 -9999.0 -9999.0 -9999.0 -9999.0 -9999.0 -9999.0
-9999.0 -9999.0 -9999.0 -9999.0 -9999.0 -9999.0 -9999.0 -9999.0 -9999.0 -9999.0 -9999.0 -9999.0 -9999.0 -9999.0 -9999.0 -9999.0 -9999.0 -9999.0 -9999.0 -9999.0 -9999.0 -9999.0 -9999.0 -9999.0 -9999.0 -9999.0 -9999.0 -9999.0 -9999.0 -9999.0 -9999.0 -9999.0 -9999.0 -9999.0 -9999.0 -9999.0 -9999.0 -9999.0 -9999.0 -9999.0 -9999.0 -9999.0 -9999.0 -9999.0 -9999.0 -9999.0 -9999.0 -9999.0 -9999.0 -9999.0 -9999.0 -9999.0 0.396069 0.209017 -0.045134 -9999.0 -9999.0 -9999.0 -9999.0 -9999.0 -9999.0 -9999.0
-9999.0 -9999.0 -9999.0 -9999.0 -9999.0 -9999.0 -9999.0 -9999.0 -9999.0 -9999.0 -9999.0 -9999.0 -9999.0 -9999.0 -9999.0 -9999.0 -9999.0 -9999.0 -9999.0 -9999.0 -9999.0 -9999.0 -9999.0 -9999.0 -9999.0 -9999.0 -9999.0 -9999.0 -9999.0 -9999.0 -9999.0 -9999.0 -9999.0 -9999.0 -9999.0 -9999.0 -9999.0 -9999.0 -9999.0 -9999.0 -9999.0 -9999.0 -9999.0 -9999.0 -9999.0 -9999.0 -9999.0 -9999.0 -9999.0 -9999.0 -9999.0 0.466100 0.725930 0.546012 0.281485 -0.032032 -0.053869 -0.032239 -9999.0 -9999.0 -9999.0 -9999.0
-9999.0 -9999.0 -9999.0 -9999.0 -9999.0 -9999.0 -9999.0 -9999.0 -9999.0 -9999.0 -9999.0 -9999.0 -9999.0 -9999.0 -9999.0 -9999.0 -9999.0 -9999.0 -9999.0 -9999.0 -9999.0 -9999.0 -9999.0 -9999.0 -9999.0 -9999.0 -9999.0 -9999.0 -9999.0 -9999.0 -9999.0 -9999.0 -9999.0 -9999.0 -9999.0 -9999.0 -9999.0 -9999.0 -9999.0 -9999.0 -9999.0 -9999.0 -9999.0 -9999.0 -9999.0 -9999.0 -9999.0 -9999.0 -9999.0 -9999.0 0.617353 0.669108 1.219385 1.399164 1.076314 0.729903 0.372739 0.029836 -0.034811 -0.200832 -0.005315 -9999.0
-9999.0 -9999.0 -9999.0 -9999.0 -9999.0 -9999.0 -9999.0 -9999.0 -9999.0 -9999.0 -9999.0 -9999.0 -9999.0 -9999.0 -9999.0 -9999.0 -9999.0 -9999.0 -9999.0 -9999.0 -9999.0 -9999.0 -9999.0 -9999.0 -9999.0 -9999.0 -9999.0 -9999.0 -9999.0 -9999.0 -9999.0 -9999.0 -9999.0 -9999.0 -9999.0 -9999.0 -9999.0 -9999.0 -9999.0 -9999.0 -9999.0 -9999.0 -9999.0 -9999.0 -9999.0 -9999.0 -9999.0 0.586981 0.771327 0.828618 1.096443 1.339402 1.687408 2.020319 1.914272 1.664771 1.212114 0.733260 0.345096 -0.033644 -0.045754 -9999.0
-9999.0 -9999.0 -9999.0 -9999.0 -9999.0 -9999.0 -9999.0 -9999.0 -9999.0 -9999.0 -9999.0 -9999.0 -9999.0 -9999.0 -9999.0 -9999.0 -9999.0 -9999.0 -9999.0 -9999.0 -9999.0 -9999.0 -9999.0 -9999.0 -9999.0 -9999.0 -9999.0 -9999.0 -9999.0 -9999.0 -9999.0 -9999.0 -9999.0 -9999.0 -9999.0 -9999.0 -9999.0 -9999.0 -9999.0 0.845169 0.812609 0.606881 1.068408 1.563474 1.884414 1.917059 1.689299 1.450375 1.291237 1.230100 1.743492 2.205867 2.443571 2.692626 2.639381 2.464872 2.177752 1.688313 0.975417 0.014753 -0.059363 -0.414459
-9999.0 -9999.0 -9999.0 -9999.0 -9999.0 -9999.0 -9999.0 -9999.0 -9999.0 -9999.0 -9999.0 -9999.0 -9999.0 -9999.0 -9999.0 -9999.0 -9999.0 -9999.0 -9999.0 -9999.0 -9999.0 -9999.0 -9999.0 -9999.0 -9999.0 -9999.0 -9999.0 -9999.0 -9999.0 -9999.0 -9999.0 -9999.0 -9999.0 -9999.0 -9999.0 -9999.0 -9999.0 -9999.0 1.198105 1.435284 1.467280 1.445627 1.740049 2.074485 2.379923 2.404870 2.061892 1.699168 1.609716 1.816441 2.210153 2.614845 2.948242 3.286630 3.145666 2.874756 2.590197 2.023904 1.080635 -0.029192 -0.067520 -0.225955
-9999.0 -9999.0 -9999.0 -9999.0 -9999.0 -9999.0 -9999.0 -9999.0 -9999.0 -9999.0 -9999.0 -9999.0 -9999.0 -9999.0 -9999.0 -9999.0 -9999.0 -9999.0 -9999.0 -9999.0 -9999.0 -9999.0 -9999.0 -9999.0 -9999.0 -9999.0 -9999.0 -9999.0 -9999.0 -9999.0 -9999.0 -9999.0 -9999.0 -9999.0 -9999.0 -9999.0 -9999.0 1.837972 1.487804 1.892774 2.245248 2.252253 2.342959 2.733397 2.973428 2.922317 2.495749 2.128512 1.795308 2.213242 2.825057 3.004495 3.372409 3.790043 3.493311 3.255226 2.826666 1.875722 0.580152 -0.035996 -0.030318 -0.052085
-9999.0 -9999.0 -9999.0 -9999.0 -9999.0 -9999.0 -9999.0 -9999.0 -9999.0 -9999.0 -9999.0 -9999.0 -9999.0 -9999.0 -9999.0 -9999.0 -9999.0 -9999.0 -9999.0 -9999.0 -9999.0 -9999.0 -9999.0 -9999.0 -9999.0 -9999.0 -9999.0 -9999.0 -9999.0 -9999.0 -9999.0 -9999.0 0.540609 1.213662 1.538971 1.797042 2.212912 2.210714 2.184572 2.561352 2.877689 2.963054 2.931633 3.256940 3.496536 3.417059 2.998496 2.668828 2.254108 2.413468 3.233087 3.493177 3.795050 3.949460 3.810959 3.395190 2.463504 1.301965 0.457295 -0.040135 -0.815739 -0.897026
-9999.0 -9999.0 -9999.0 -9999.0 -9999.0 -9999.0 -9999.0 -9999.0 -9999.0 -9999.0 -9999.0 -9999.0 -9999.0 -9999.0 -9999.0 -9999.0 -9999.0 -9999.0 -9999.0 -9999.0 -9999.0 -9999.0 -9999.0 -9999.0 -9999.0 -9999.0 -9999.0 -9999.0 -9999.0 -9999.0 -9999.0 1.506483 1.187018 1.873799 2.127275 2.218390 2.586907 2.828536 2.893883 2.974605 3.121720 3.323752 3.448016 3.596125 3.844318 3.899020 3.493287 3.117673 2.834429 2.415474 3.122431 3.802310 4.204195 4.259539 3.826020 2.699875 1.301018 0.242646 -0.014753 -0.050354 -0.790004 -0.875265
-9999.0 -9999.0 -9999.0 -9999.0 -9999.0 -9999.0 -9999.0 -9999.0 -9999.0 -9999.0 -9999.0 -9999.0 -9999.0 -9999.0 -9999.0 -9999.0 -9999.0 -9999.0 -9999.0 -9999.0 -9999.0 -9999.0 -9999.0 -9999.0 -9999.0 -9999.0 -9999.0 -9999.0 -9999.0 -9999.0 -9999.0 1.468224 1.608814 2.222974 2.553292 2.713971 3.048660 3.429135 3.447615 3.322504 3.280448 5.581810 5.688318 4.006074 4.104645 4.413746 4.122778 3.696945 3.408908 3.027621 3.040543 3.804225 4.411496 4.480588 5.827144 2.251727 1.605968 1.345015 0.843121 -0.032238 -0.821324 -0.906437
-9999.0 -9999.0 -9999.0 -9999.0 -9999.0 -9999.0 -9999.0 -9999.0 -9999.0 -9999.0 -9999.0 -9999.0 -9999.0 -9999.0 -9999.0 -9999.0 -9999.0 -9999.0 -9999.0 -9999.0 -9999.0 -9999.0 -9999.0 -9999.0 -9999.0 -9999.0 -9999.0 -9999.0 -9999.0 -9999.0 1.863559 1.715668 2.165078 2.783100 3.166768 3.260477 3.390273 3.840920 3.897026 3.757037 3.691998 6.472104 6.421141 6.477818 6.437487 4.878677 6.359342 6.337852 4.000504 3.793906 3.766046 3.988607 6.032991 6.023670 3.412910 2.889325 2.523940 1.828084 1.129585 0.158711 -0.424993 -0.439448
-9999.0 -9999.0 -9999.0 -9999.0 -9999.0 -9999.0 -9999.0 -9999.0 -9999.0 -9999.0 -9999.0 -9999.0 -9999.0 -9999.0 -9999.0 -9999.0 -9999.0 -9999.0 -9999.0 -9999.0 -9999.0 -9999.0 -9999.0 -9999.0 -9999.0 -9999.0 -9999.0 0.742641 1.329494 1.951200 2.158646 2.209497 2.507526 3.120775 3.608982 3.702683 3.726639 4.145936 3.653835 3.372720 3.820436 3.775711 3.800098 4.280024 4.059800 4.060530 4.363370 4.270664 4.099397 4.177908 4.665273 4.542513 4.484500 4.410371 3.547037 3.164589 2.382457 1.207580 -0.028784 -0.240293 -0.431769 -0.063064
-9999.0 -9999.0 -9999.0 -9999.0 -9999.0 -9999.0 -9999.0 -9999.0 -9999.0 -9999.0 -9999.0 -9999.0 -9999.0 -9999.0 -9999.0 -9999.0 -9999.0 -9999.0 -9999.0 -9999.0 -9999.0 -9999.0 -9999.0 -9999.0 -9999.0 1.401609 1.860933 1.801387 1.862118 2.277797 2.629953 2.768450 2.789681 3.330213 4.011617 6.843661 4.138226 7.027748 7.219818 7.365043 7.497135 7.719407 7.919570 8.079194 8.049536 8.207015 8.254262 8.091114 7.862505 7.741369 5.583008 7.770395 7.658580 6.319345 3.477019 2.564488 1.228532 -0.029042 -0.097165 -0.032597 0.252287 0.025468
-9999.0 -9999.0 -9999.0 -9999.0 -9999.0 -9999.0 -9999.0 -9999.0 -9999.0 -9999.0 -9999.0 -9999.0 -9999.0 -9999.0 -9999.0 -9999.0 -9999.0 -9999.0 -9999.0 -9999.0 -9999.0 -9999.0 -9999.0 -9999.0 -9999.0 1.925826 2.276552 2.359693 2.400252 2.753244 3.166147 3.346210 3.075659 3.205787 4.109183 3.758370 4.028021 4.213860 4.510075 4.757634 4.404866 4.642865 5.061043 5.472423 5.766301 6.111069 6.215991 6.273188 6.116823 6.230361 6.371217 6.210880 6.353566 5.931559 3.697042 2.793130 1.706107 0.400434 0.300064 0.494937 0.742881 0.760576
-9999.0 -9999.0 -9999.0 -9999.0 -9999.0 -9999.0 -9999.0 -9999.0 -9999.0 -9999.0 -9999.0 -9999.0 -9999.0 -9999.0 -9999.0 -9999.0 -9999.0 -9999.0 -9999.0 -9999.0 -9999.0 -9999.0 -9999.0 1.428300 1.894950 2.206710 2.835227 3.061557 2.967749 2.984643 3.486375 5.351826 4.699183 3.328303 4.100617 3.880984 4.328668 4.535672 4.670119 4.794640 4.807931 5.239295 5.298323 5.510104 5.465506 5.170011 5.713644 6.626559 6.470397 5.503428 5.317293 5.976921 4.648381 4.224816 3.798080 3.378678 2.131620 0.867214 0.947942 0.681284 1.185693 1.202125
-9999.0 -9999.0 -9999.0 -9999.0 -9999.0 -9999.0 -9999.0 -9999.0 4.814085 4.691876 5.034567 4.819568 3.981553 2.962474 2.114605 -9999.0 -9999.0 -9999.0 -9999.0 0.437454 1.175501 1.646099 2.168882 2.488249 2.545752 2.745743 3.388344 3.641126 3.490766 2.939129 3.221949 4.269164 4.946167 5.421055 4.675933 4.942486 6.064214 6.036643 6.132768 6.280762 6.388524 6.223090 6.526802 6.800086 7.284435 7.361516 7.331102 7.310660 7.134820 7.110394 6.057938 5.766273 4.026878 3.677666 3.498528 3.068344 2.942260 1.538580 1.568928 1.541700 1.605129 1.297254
-9999.0 -9999.0 -9999.0 -9999.0 -9999.0 -9999.0 -9999.0 7.333335 6.782296 6.542797 7.335299 7.020780 6.258456 1.929188 2.718771 1.471089 0.938135 1.350503 1.686302 1.778443 1.946180 2.327062 2.817635 3.118745 3.199254 3.116950 3.489612 3.986774 3.970790 3.904901 3.318721 3.138923 4.002418 4.639549 5.115838 5.678623 6.268562 6.445016 6.603924 6.900489 6.960413 4.946307 3.580617 3.830322 3.935327 6.451981 6.486912 5.442856 5.583723 5.672124 6.488981 6.441346 5.675211 5.530874 4.768788 4.415728 3.172735 2.512643 2.201513 2.055783 1.909032 1.230227
-9999.0 -9999.0 -9999.0 -9999.0 -9999.0 -9999.0 -9999.0 6.802915 4.250802 4.276451 4.302024 4.434996 4.380940 3.139380 3.480971 2.503872 2.389699 2.262990 2.142591 1.864276 1.915404 2.449831 3.177390 3.606044 3.731888 3.548563 3.183930 3.919912 5.567781 5.708521 5.802834 5.904834 6.124271 6.174416 6.224930 6.218653 6.182380 6.202700 6.211159 7.056269 6.862104 4.420615 5.411555 5.268626 2.357081 2.582257 2.306183 2.306712 4.457076 4.643695 5.322410 7.469680 6.426440 6.047862 6.017657 5.309801 4.506500 4.881044 2.932222 2.572808 1.930565 0.689674
-9999.0 -9999.0 -9999.0 -9999.0 -9999.0 -9999.0 7.569356 7.811333 7.138238 5.932611 5.877807 5.830412 5.152472 4.779062 5.662020 5.629709 5.666074 3.023507 2.325748 1.968116 2.201262 2.673654 3.414919 3.866180 4.103483 4.109710 5.005320 3.606779 4.623910 5.812104 5.985221 6.017541 4.245565 4.509162 4.719519 4.794810 4.835787 5.168306 6.412383 5.798825 4.617374 4.717386 4.309190 4.283200 4.362619 4.600868 4.572212 4.970760 5.009755 4.922175 5.004846 5.139974 5.807737 7.544553 6.372924 5.302916 3.289037 2.960763 2.677152 2.895660 1.655092 0.568207
-9999.0 -9999.0 -9999.0 -9999.0 -9999.0 6.655686 6.965475 7.083244 7.267867 5.570768 5.256933 4.987544 4.615846 4.314219 4.128788 4.941069 4.490461 3.964023 4.002636 2.479806 2.651548 2.894518 3.416519 3.905705 4.335955 5.330410 5.551944 5.591916 6.206814 6.523060 6.479344 6.418262 7.162990 7.507734 7.707100 7.617256 4.317709 6.872015 6.475866 7.144256 6.672789 6.610863 6.349626 6.292441 6.271403 6.140222 6.871159 6.881477 7.184960 7.280473 6.521607 6.530726 6.184971 2.975283 3.572135 6.370424 3.128812 2.686500 2.511308 2.478349 1.979939 1.571215
-9999.0 -9999.0 -9999.0 -9999.0 5.267036 6.851411 7.139844 7.264919 7.366995 5.964337 6.075381 5.966489 5.651223 5.593973 6.474169 6.084209 5.543952 5.062416 5.060172 5.118515 5.144582 4.746534 4.814979 4.722493 5.747415 5.999888 5.740983 6.340488 6.297200 7.054245 7.247334 6.268624 4.662168 5.244693 5.542362 6.524267 5.126581 5.800422 5.659612 5.805149 5.361609 5.600459 5.384476 5.183509 6.050374 5.592845 5.867918 5.380883 5.984716 6.228461 6.101128 5.464751 6.354211 5.526055 6.716376 6.379399 6.211977 6.931306 7.109502 6.497744 6.271147 6.069760
-9999.0 -9999.0 -9999.0 6.810191 7.681695 7.997079 7.952172 7.633931 7.522826 7.307105 7.241418 6.023010 5.440783 6.296440 5.212306 4.346338 3.806379 4.836676 5.161976 5.428455 5.661948 5.644346 5.886628 5.997449 6.313124 6.600771 6.690316 6.805003 7.159971 7.704599 6.986560 7.467606 7.751547 8.973732 7.924943 8.141241 7.835605 7.382130 7.265073 3.386429 3.895704 4.111543 3.106883 3.490254 4.272443 4.437781 4.740449 4.974415 5.194609 5.333920 5.645315 5.382092 5.627962 5.137563 5.422427 5.246687 5.556643 5.489819 5.306333 5.606356 4.388651 -0.030006
6.249444 6.660601 6.988495 7.366596 7.882880 8.024010 6.278965 6.203448 8.816952 8.679425 7.426138 7.350651 6.899178 6.055997 5.132120 4.474228 5.298728 5.517117 5.455849 5.604908 5.564099 5.654647 5.771363 5.954732 6.390989 6.639635 6.716567 6.966173 7.133191 7.469964 6.934438 7.303524 8.132002 7.437558 6.390175 5.838371 5.751772 5.619193 5.536803 5.550107 4.304317 3.931461 6.121434 5.916354 5.951016 3.665210 3.189665 3.250227 3.591150 3.577360 2.959265 3.295417 3.584413 3.268301 3.284063 3.396221 3.847973 3.916786 4.063770 4.178330 4.081154 3.926106
7.918517 7.552748 7.696740 8.083804 8.050279 8.260628 7.853352 6.232088 6.197070 8.752549 8.183705 8.040523 7.306403 6.631532 5.460089 5.049790 3.785486 3.991974 4.071396 3.968071 3.979247 4.136888 4.290532 4.418945 4.440037 4.936302 5.080309 4.415005 5.535419 5.991969 5.933356 6.891326 7.124072 6.444758 5.635985 5.764646 5.940132 5.629537 5.396169 3.760518 3.775059 3.558815 3.633740 3.804467 3.766027 3.842550 4.086847 2.893099 3.320676 4.666243 4.778737 4.976569 2.619039 5.336208 5.603288 5.809964 5.952546 6.131438 5.086504 4.779234 4.665416 4.556506
7.502243 7.385500 7.405382 6.776719 7.528777 6.983618 7.689321 6.208887 6.234322 8.821214 7.970771 8.078530 7.648256 6.244030 4.330399 4.735801 4.891674 4.956234 4.905718 4.887461 4.953184 5.091066 5.206558 5.449439 5.790679 6.330997 6.028805 6.128284 5.459209 5.176944 5.460148 6.788249 6.389275 4.727559 4.425725 4.261015 3.965084 3.611553 4.558810 2.436924 2.128667 4.712162 4.902788 4.358909 0.849943 1.379760 2.189675 2.784755 3.143911 3.987901 3.976107 4.034600 1.903075 4.100539 4.305183 4.547885 4.601235 5.047530 5.124562 4.916996 4.843795 4.699037
5.926845 7.489611 7.074240 7.295003 7.339682 7.717597 7.918475 8.152230 6.231460 6.210688 8.928743 8.373218 7.970654 7.720151 5.029324 6.708909 5.583125 4.151266 7.256758 5.362710 4.837134 4.883066 5.053178 6.083492 6.179246 6.554098 5.967339 7.646498 7.723673 7.650717 5.524451 6.766067 5.711671 5.214456 5.092377 4.834993 4.691916 3.108830 2.665955 1.838131 5.099639 4.926047 4.194176 3.956995 -0.029454 -0.028199 0.645203 2.172813 2.789598 1.710799 1.751386 1.946692 0.681039 1.088320 1.483845 1.830194 1.857754 1.942171 1.755348 1.292010 1.080335 1.441123
