geotop_simulations/templates/TEST_Venosta_3D_034_template/rec/SoilPressure0000L0003.old.asc
ncols         252
nrows         194
xllcorner     598250.000000
yllcorner     5144500.000000
cellsize      250.000000
NODATA_value  -9999.0
[rows 96 to 119 of 194, columns 162 to 215 of 252]
-1824.282096 5870.755848 20464.875350 28638.883155 -920.409365 -685.507598 -823.858864 -731.114110 -696.691993 -1087.325438 -1255.836626 -1075.354281 -851.534166 -982.126155 -1024.120674 -1171.839051 -591.610245 -761.728754 -736.662404 -790.431070 -1034.523839 -1026.872671 -972.859676 -1095.069478 -1111.017424 -939.710515 -847.331435 -1041.367938 -954.155129 -898.348719 -790.482667 -753.314503 -706.680576 -641.851198 -718.951105 -630.420811 -566.555348 -593.542888 -573.970210 -521.648248 3821.631154 -457.768134 -488.956286 -497.733669 27.535157 28.445238 27.642588 228.787826 68.267625 211298.552576 388153.687662 407278.416109 367547.909812 349014.630926
-1004.961853 -664.044650 486.576109 -1712.014989 -674.177554 -622.967459 -609.661680 -646.152354 -690.922032 -1135.481948 -1117.651421 -1073.391518 -930.462872 -780.989082 -1052.128650 -1040.201545 -1121.757254 -969.007256 -886.059757 -782.476766 -843.383140 -936.287074 -1294.543356 -937.434746 -906.170397 -864.989662 -818.403183 -897.985963 -1155.012311 -1362.058556 -855.072753 -827.635815 -765.243090 -588.099003 -543.406844 -577.625448 -596.587261 -594.935462 -520.998064 -506.116627 -540.743789 -524.461295 -534.925499 -516.766789 -549.785451 -544.627138 -377.919144 47.159258 27.169866 62357.359772 119582.173380 168176.678526 231169.354888 245448.014862
-618.334786 -521.843488 -641.267237 -682.339416 -801.341126 -617.207439 -782.933016 -742.713647 -863.542221 -966.851837 -981.186295 -977.544080 -1104.822536 -1046.030058 -886.660887 -918.470927 -1237.531700 -1312.102748 -995.705139 -862.838015 -900.981401 -1467.301880 -1653.316351 -1267.026784 -903.044540 -818.120203 -1031.978462 -922.185354 -1156.579882 -1140.563898 -1013.600918 -978.339164 -692.516145 -670.900301 -532.219625 -544.952562 -550.624450 -534.889962 -482.065267 -496.176911 -510.237589 -532.482984 -585.279638 -580.776514 -536.824502 -466.564932 -398.364925 44.659576 -127722.466160 10853.731970 18189.572927 49830.485970 86905.991219 78944.152227
-644.771613 -486.903156 -1949.332248 -1253.975195 -817.882772 -650.220300 -623.580957 -652.450569 -671.344424 -973.572060 -1406.286628 -1252.397229 -965.987845 -1620.476496 -1189.056559 -1236.659568 -1300.490835 -1319.537635 -1163.346911 -898.438288 -876.787203 -1079.601996 -1632.973285 -1563.852190 -1439.943103 -888.346081 -1013.182868 -1211.070103 -1196.877531 -1401.217098 -1482.322462 -1115.352989 -925.000368 -672.566160 -591.355771 -552.487789 -560.152283 -524.627946 -449.788587 -489.489646 -518.923934 -536.967567 -536.772844 -558.775181 -561.121707 -573.257580 -575.071991 35.007932 -206.293075 -1263.256621 -193.612946 -433.238212 18104.240933 35081.479772
-637.660110 -400.244072 -941.172798 -1061.055012 -1109.812056 -738.087064 -576.982366 -619.816484 -657.752424 -865.299118 -1415.360706 -1325.094041 -1150.591667 -1398.012354 -1127.204491 -1028.744830 -2199.657012 -1842.060871 -2148.227613 -1249.036020 -1036.727836 -1132.192255 -1552.668452 -1406.809621 -1657.565945 -1022.826348 -879.796185 -1126.427626 -1698.696861 -2123.123998 -2122.517186 -1532.853644 -979.451548 -867.098101 -728.537378 -599.801551 -567.055112 -541.548664 -440.614354 -473.053267 -499.243407 -498.766299 -517.234064 -534.527545 -540.357358 -518.829733 -521.765565 40.105762 26.227644 26.999268 -495.589432 -422.534152 -232.206780 -284.734480
-587.007817 -453.972354 -656.354682 -1255.601736 -1168.851219 -1192.752703 -650.568038 -574.576187 -671.543642 -926.639176 -1436.343152 -1659.445010 -1401.552417 -1412.992669 -1300.854926 -1343.532078 -2600.574197 -2589.615566 -2398.629753 -1695.457257 -1371.703753 -1250.034064 -1587.134317 -1332.837125 -1378.888392 -1317.551407 -1148.793139 -2002.662590 -2523.703482 -2460.921816 -2295.034171 -1778.002604 -1151.689462 -964.416513 -839.665930 -674.542002 -583.029341 -562.618077 -485.890370 -478.719234 -499.507536 -498.249658 -504.661005 -523.327605 -529.787283 -518.427296 -496.103161 28.274727 -300.867269 490.278710 869.108502 567.823929 129.312391 -371.358629
-595.254837 -632.686174 -556.068907 -1238.339385 -1474.811531 -1501.082266 -838.083119 -598.988984 -725.506183 -1690.862181 -1696.848958 -1727.902227 -1827.560115 -1609.116074 -1508.642673 -2752.718568 -2950.761340 -3093.413018 -2946.502001 -2389.200088 -1626.632442 -1280.038326 -1635.587504 -1433.251990 -1632.396019 -1601.423635 -2539.207792 -2399.569232 -2497.369301 -2834.844472 -2861.346367 -2559.477810 -1374.411045 -1131.915381 -955.969809 -768.772921 -756.259422 -614.886527 -534.471230 -509.116757 -516.196330 -518.393191 -469.045721 5146.938275 8694.113215 4837.569110 287.357099 4110.631671 3923.461573 1537.077497 36.698460 35.071408 23.690971 20.304393
-532.230754 -648.377425 -651.795286 -1508.779620 -1690.870006 -1795.522018 -1597.637923 -760.073330 -1320.722665 -1826.020367 -1769.726641 -1770.743633 -1932.170842 -1881.906272 -1993.761804 -2128.572641 -2232.463687 -2282.529877 -3199.479983 -3036.751479 -2235.424787 -1328.844431 -1525.718711 -1757.298180 -1745.550476 -3120.141924 -2973.065993 -3022.849507 -2979.068172 -2720.662210 -3044.004772 -2578.828308 -2127.741058 -1546.872189 -1189.197425 -1021.969882 -963.580592 -711.901176 -592.513087 -553.848188 -540.620577 9083.235917 21347.304887 33009.944092 31930.118155 3769.065884 3494.615267 661.422234 30.539554 33.219343 35.064464 34.892887 30.664463 26.313729
-536.717527 -577.757735 -735.468254 -1671.685274 -1858.109400 -2409.377820 -1654.352923 -1075.368980 -2126.294124 -2084.692853 -1956.715908 -1959.194358 -3080.360110 -2228.266535 -2336.327684 -2399.409281 -2488.583231 -2551.215222 -2537.239645 -3234.480518 -3084.784006 -1702.925263 -1238.522544 -1696.635947 -1900.431480 -2187.847988 -3370.041068 -3319.293236 -3117.943649 -2734.565450 -3076.110854 -2996.359132 -2719.958644 -2299.070781 -1667.130434 -1402.540558 -945.353674 -801.882432 -656.969765 -596.805248 968.426380 8757.270126 8564.022218 43741.000052 40198.051029 24089.569821 2814.573837 -375.843422 29.430133 32.376082 35.107603 35.547630 33.963292 33.432912
-568.982292 -574.575162 -989.347537 -2107.856829 -2082.105421 -2337.498645 -2003.611700 -1826.469222 -2654.475277 -2524.772133 -2245.009488 -3353.235872 -3521.418977 -3572.908079 -3632.581498 -3731.869360 -2541.476059 -2573.608087 -3298.847940 -3288.649780 -3264.656569 -2197.435039 -1713.637327 -1807.588338 -2242.265359 -2949.637996 -2481.982467 -2495.593666 -3066.909180 -3051.577854 -3112.165111 -3129.060275 -3079.351895 -2859.067353 -2545.573455 -1579.885362 -1122.541220 -880.724328 39.631786 1073.656385 4714.314493 8744.601240 22480.293775 33687.805086 29743.260930 17840.730401 1690.013847 -484.566461 -43.854398 31.934473 35.056108 36.288103 35.176505 34.317906
-599.297317 -601.931611 -969.262716 -2313.456204 -2920.059939 -2710.107244 -2479.883506 -2477.860987 -2923.041720 -2996.756184 -3004.930475 -2695.419831 -2683.733439 -2685.492290 -2745.754225 -3328.052249 -3333.892546 -2823.551571 -2863.501096 -2942.865000 -2977.468894 -2945.023650 -2871.668057 -2168.051397 -2217.770627 -3015.792000 -3064.501628 -3046.759444 -3167.516588 -3200.322522 -3221.952736 -3138.501825 -3165.292458 -3036.590703 89.397199 3284.323264 10202.879223 9874.141056 10054.704284 8489.587940 5110.030467 7192.311323 9775.407675 12311.851789 4782.013227 -568.155720 -547.213257 -526.734712 -382.122735 31.947214 34.452266 36.753045 36.126899 32.999689
-621.631469 -642.081292 -995.747554 -2564.175390 -2967.661296 -3116.576064 -3146.834327 -2904.605095 -3141.715096 -2953.730480 -3156.222071 -2926.289607 -2950.115861 -3007.521182 -3345.505298 -3364.963824 -3360.609186 -3080.174081 -3128.195307 -3170.189957 -3197.025075 -3410.265573 -3272.093988 -3051.873523 -2769.886145 -3146.687333 -2860.275414 -2916.958507 -3272.359184 -3298.788351 -3203.358954 -3198.802767 -481.401100 2144.774642 12752.957435 20906.607246 22092.702986 17202.788545 13044.699783 1890.620761 513.693742 -664.475094 -645.265877 -589.614944 -551.620386 -625.962032 -514.879978 -493.079898 -506.310434 -226.367256 32.694069 36.567204 35.861336 32.371868
-646.206698 -702.603498 -1098.931179 -2794.176555 -3047.053128 -3156.726892 -3213.253268 -3237.419590 -3264.637764 -3218.289684 -3119.644505 -3151.518165 -3178.321326 -3206.315503 -3228.408856 -3249.280516 -3398.854947 -3416.876308 -3292.939734 -3312.167369 -3320.717457 -3449.708328 -3437.903089 -3303.614661 -3171.494844 -3222.306228 -3100.978349 -3163.832990 -3218.285897 -3228.893200 -2550.687334 28.270087 31.566508 207.278320 5423.570291 26769.417407 23193.803726 3854.484941 28.364672 -507.868790 -671.180578 -772.486552 -739.357418 -671.679571 -613.995700 -586.523810 -568.368845 -547.412968 -505.748444 -434.237672 27.379356 35.103018 34.902516 31.104326
-675.035257 -762.386372 -1209.704568 -2567.901270 -3017.252408 -3194.873823 -3237.159454 -3262.933684 -3238.707094 -3284.024156 -3249.699975 -3277.662693 -3407.140665 -3325.622547 -3351.369860 -3447.358151 -3447.613110 -3387.452382 -3398.624448 -3484.215737 -3485.457660 -3478.763273 -3471.628539 -3453.472892 -3268.664352 -3233.544442 -3275.033961 -3293.142431 -3302.078970 28.190943 3759.410989 5006.991013 5433.189174 4034.372850 556.221098 15850.699942 2721.350853 -592.487188 -1130.292431 -751.626182 -792.868921 -712.425737 -687.573869 -645.281842 -603.201267 -568.171009 -552.973849 -521.356678 -485.736292 -414.741236 -393.123639 27.920176 -0.373880 33.452486
-716.155417 -892.672900 -2498.104294 -2614.513510 -3072.106098 -3175.647414 -3218.724537 -3298.532506 -3333.730242 -3368.807576 -3397.933541 -3423.464741 -3446.593011 -3467.345050 -3475.250148 -3484.933402 -3493.147469 -3467.777641 -3511.160627 -3516.431971 -3522.057131 -3521.414775 -3514.588016 -3500.112599 -3465.796175 28.119316 80.984247 98.475109 113.059746 654.083025 2654.165005 2659.500624 2281.028151 62.257323 1094.664629 622.222818 -2503.420240 -1350.446727 -1136.140538 -746.189467 -639.314847 -651.953906 -655.231925 -629.845366 -595.682051 -567.599398 -552.546482 -505.661998 -484.690091 -404.560680 -365.891324 27.884368 36.903365 30.302172
-771.203434 -2597.408372 -2786.233164 -2713.073786 -3099.903786 -3211.460574 -3248.643102 -3291.448427 -3337.385899 -3379.571338 -3434.093632 -3461.940275 -3482.782503 -3495.436862 -3509.421689 -3526.228264 -3526.803138 -3535.117364 -3538.167247 -3566.430761 -3562.778131 -3544.851932 -3499.577714 124.518895 151.455763 136.890998 102.055567 75.799668 62.388881 48.481009 35.935717 -3277.288661 -3219.857738 -3035.397976 -2611.393516 -2274.142823 -2507.697849 -1769.265933 -1193.458621 -926.266569 -733.108884 -602.840387 -640.510209 -661.863033 -594.655061 -563.141238 -536.018228 -501.711113 -434.784312 -396.950803 -406.626183 27.722335 37.578812 -310.975190
-528.170815 -943.048498 -883.592542 44.299307 518.828798 40.022285 654.887950 70.359529 -3372.577243 -3423.065702 -3464.471444 -3498.273599 -3526.668484 -3548.035031 -3555.575067 -3553.389790 -42.837111 26.943007 -15.364077 68.518186 107.244875 164.004053 210.407346 129.515572 76.736863 60.265454 47.793480 35.027357 27.441546 -3331.808719 -3279.101196 -3179.588197 -3059.652983 -3007.301040 -2633.762552 -2277.094540 -2050.945194 -1856.560488 -1130.152488 -877.334168 -708.756894 -548.405962 -637.650398 -628.784346 -590.897197 -546.799402 -535.291046 -505.603535 -405.082285 -343.211910 -277.146544 27.240150 36.038471 -18841.917474
16354.646016 14557.585402 8285.389072 5333.597959 4256.074272 4297.888545 22770.110156 20132.738764 26113.515758 15766.531617 7793.630648 3890.658239 5773.986946 21667.757210 28769.401048 29377.907009 18981.682617 4480.316903 2698.883523 1036.102745 53.183568 -3397.099221 -3547.087967 -3536.992477 -3502.768398 -3460.368150 -3422.906187 -3384.083643 -3339.916309 -3271.015089 -3287.494822 -3093.437897 -2864.764209 -2741.363868 -2332.206125 -1959.620212 -1735.820769 -1567.573449 -1358.515702 -801.032685 -636.048698 -492.585402 -571.570015 -587.456817 -561.971045 -552.895498 -513.574611 -465.295253 -374.219366 -432.268122 -316.369411 40.871896 21.383880 -64787.416642
24692.443263 24281.221076 2942.280804 4524.430543 4422.964377 33981.308301 35044.898461 18233.953373 50224.388938 33538.725049 25950.972109 15486.657995 42912.285851 47395.281437 45620.508059 38637.282319 6583.101123 628.007571 645.905008 126.027222 -3569.436811 -3559.077315 -3548.239423 -3522.108397 -3486.727502 -3445.435923 -3400.576902 -3359.291394 -3306.126660 -3214.086039 -3202.333114 -3121.405103 -2956.739893 -2619.257143 -2170.137448 -1754.979128 -1557.131138 -1388.290071 -1162.305307 -1073.491581 -568.934214 -451.009734 -471.839564 -526.621274 -579.708818 -523.853030 -489.214342 -412.490751 -568.179871 50314.868068 27.712972 36.234465 -27561.309061 -84632.374218
21284.465251 21174.277223 18010.666262 17177.256584 20903.395873 29290.975256 33382.976021 38623.515324 52232.951176 63595.768059 82367.633371 61798.136782 57953.932956 56766.803142 45272.367978 41020.229698 23665.919054 6943.654316 -722.120762 -3579.610288 -3571.296149 -3560.371020 -3536.783597 -3511.193752 -3477.897281 -3431.443415 -3377.516821 -3315.471631 -3287.915651 -3208.784922 -3107.266410 -3111.776462 -2818.425669 -2357.965991 -2033.949049 -1667.701595 -1469.489284 -1336.715120 -1146.544207 -964.797233 -493.573840 -398.337414 -419.179515 -538.038507 -551.095796 -566.550097 -471.673237 -465.396425 872.857434 -38.023344 27.116462 -1094.144855 -73819.931139 -102827.711821
17363.410368 17385.063440 15815.568297 14368.637266 16811.310577 21247.163717 26246.750880 33275.104287 45468.946167 62046.378562 63630.289484 58432.172622 59031.364609 67394.448613 20862.153912 27219.817264 10904.850867 177.604478 -3587.466972 -3577.324855 -3567.084885 -3549.265778 -3526.792501 -3500.681747 -3447.938891 -3360.545323 -3266.961007 -3237.165270 -3155.472415 -3080.706532 -3206.866782 -3050.446852 -2610.060271 -1932.211324 -1802.045908 -1561.536009 -1424.098939 -1328.938460 -1172.434312 -969.805564 -421.695822 -313.749351 -535.083230 -522.466991 -634.826018 -506.852535 -402.510352 -235.503868 -384.564942 5.402608 25.727284 -38431.463318 -95372.014301 -117909.269792
1376.816606 4694.138309 5491.868750 5836.255641 7933.231546 11301.104894 16752.468445 21209.114524 12093.852955 44016.326802 46662.026877 46145.216315 44548.038023 19409.780368 15776.392897 13970.963486 867.591236 -3594.614265 -3587.733063 -3577.723259 -3564.688458 -3543.659134 -3521.893263 -3485.184448 -3410.997662 -3336.408269 -3211.310391 -3116.089931 -3031.432880 -3198.813256 -3095.496248 -2968.191497 -2706.338780 -2047.230915 -1402.561810 -1505.247810 -1310.018557 -1277.946473 -1138.929762 -972.433523 -373.971394 -190.731599 -121.408662 -629.374978 -1158.276138 -686.802939 -110.579176 21.891167 26.764303 17.755338 25.019276 -73080.278142 -110937.545103 -132942.812034
-1261.887404 -1944.586348 -2624.765280 140.554279 311.805495 480.300884 2223.758632 5605.076437 4262.588680 24215.841919 24606.608456 23135.826570 20138.212738 11944.202408 329.172698 27.538093 -3597.778589 -3596.536870 -3589.520553 -3580.542564 -3567.932692 -3543.555759 -3513.953831 -3476.039136 -3406.898102 -3323.575336 -3203.258823 -3080.643137 -2907.034550 -2656.263257 -2440.767038 -2224.860853 -1969.508104 -1450.568521 -1115.637201 -1247.504029 -1057.003356 -1171.460819 -1043.922846 -957.456028 -328.668288 28.417041 27.929271 -218.412361 -2062.081123 -1407.459514 -1578.011252 -394.678714 -19.288768 -754.103080 16.380603 -83895.429544 -114477.118165 -147401.472061
-1301.220686 -1937.536212 -2759.286400 -3089.395909 -590.867378 -3366.895626 -1416.229283 -956.817863 -2047.029035 -3374.233017 -3377.500223 -3365.593865 -3411.734600 -3538.814564 -3535.091572 -3535.845265 -3552.314342 -3551.982360 -3581.710544 -3552.258197 -3513.129596 -3500.005867 -3486.937017 -3471.915032 -3427.800415 -3323.151708 -3165.927576 -2913.545009 -2568.902362 -2343.552242 -2201.610120 -2044.378662 -1784.767893 -1240.932916 -960.664800 -1014.406571 -817.214165 -977.159337 -1000.989578 -887.628913 -298.153848 28.709885 3.977531 -491.082713 -2369.891929 -2307.216331 -87.800313 -1760.482600 -1371.960440 2875.009550 -48.869338 -3969.498399 -111190.997916 -174949.679858
