geotop_simulations/templates/TEST_Venosta_3D_034_template/rec/SoilTemperature0000L0005.old.asc
ncols         252
nrows         194
xllcorner     598250.000000
yllcorner     5144500.000000
cellsize      250.000000
NODATA_value  -9999.0
[rows 140 to 167 of 194, columns 63 to 125 of 252]
2.820353 3.334197 3.751093 4.282233 5.003843 5.399797 6.088347 6.544811 6.836444 8.043398 8.144881 8.000292 7.446682 6.837525 7.908782 5.795718 5.559339 5.627527 6.020840 6.357329 6.839938 7.314620 7.723921 9.045097 6.262930 5.202582 4.203138 3.338493 3.443508 3.056332 2.778186 2.239710 0.729393 0.518168 5.561824 6.195945 6.732871 5.721429 3.674626 1.754999 -3.134258 -0.597148 -0.010141 3.636690 4.601475 3.274637 1.253676 -0.195071 -0.229810 0.180135 2.446806 3.241268 4.541406 4.712821 4.721602 6.018306 1.016136 1.748004 3.053118 3.128037 3.298580 3.078300 2.379631
5.562774 5.681830 3.482738 4.172519 4.876341 5.647839 6.482216 6.919848 7.423908 8.098109 8.043137 7.578283 6.937374 6.246459 5.555619 5.000624 4.731153 4.828199 5.169748 5.964864 6.453646 6.960376 7.574539 8.860002 6.464152 5.495165 4.579387 3.804711 3.196114 3.644915 3.229774 2.656451 1.613000 6.971766 6.713329 5.907619 4.452265 3.398221 2.543105 1.677620 0.235743 0.234390 2.733497 4.710959 3.910405 1.963821 -0.689022 -0.513291 -0.580073 -0.561428 1.319509 2.891992 4.680711 6.725884 6.702539 6.768939 7.083378 1.202036 2.663049 2.467207 2.777338 2.619923 1.577963
3.770691 5.564260 3.612875 4.292140 5.136092 5.904089 6.735062 7.292095 7.060082 8.068271 7.738544 7.154034 6.458926 5.712423 4.952350 5.920113 4.209017 4.391626 4.874551 5.530692 6.269377 6.935109 7.389695 7.268854 8.645611 5.773556 4.907261 4.131553 3.555087 3.092609 3.266522 2.704426 2.165100 1.751906 1.204567 4.803187 3.474887 2.205720 0.975924 0.076019 -1.327672 1.928572 3.913925 4.363244 3.333875 2.474343 1.206993 1.077108 -2.651600 -0.463446 0.097140 2.141211 3.344704 5.153519 7.032898 8.244649 8.405334 1.197057 2.252822 2.023576 2.323582 1.209458 0.150093
6.028695 3.156897 9.605367 10.914691 5.426664 6.211577 6.948280 7.554539 2.308120 7.900749 7.407157 6.739581 6.006575 5.225677 4.455633 6.143252 6.483154 4.366848 7.890662 5.451141 5.995058 6.685787 7.224567 8.809204 8.400869 5.840836 4.964438 4.171717 3.498569 2.872929 2.449343 1.548329 0.664801 0.070988 3.059151 2.318113 1.282519 -2.472262 -1.527990 -0.687350 -0.810897 2.935069 4.181545 4.145547 3.523850 3.139375 2.851513 2.372582 0.286376 -0.215258 -1.487116 1.166226 1.794536 2.237948 3.892361 6.576706 1.190988 1.916305 1.633854 1.828001 1.377158 0.121896 0.024787
8.175888 8.910520 10.034538 11.661529 5.720665 6.527892 7.187529 7.724307 7.935379 7.661022 7.048659 6.307695 5.533934 4.747837 6.289633 6.278089 7.017983 7.377007 7.554127 8.088688 5.678680 6.436462 7.031293 8.460043 7.862136 5.792150 4.910387 4.049566 3.225281 2.416055 1.518203 2.566651 1.857002 1.015946 0.338512 -0.012733 -2.972312 -1.674003 -0.643273 2.013090 3.722338 4.532308 4.296899 4.062715 2.682152 1.811454 1.012556 0.238161 -0.734494 -0.629202 -0.019306 -0.006584 0.066786 1.786773 3.112932 0.004986 0.578152 1.249804 5.451504 5.085651 0.157140 -0.004924 -0.022440
10.026943 10.195121 10.777364 5.194919 6.265948 6.822653 7.386834 7.821500 7.824164 7.401639 6.747761 5.991216 5.177309 4.356118 6.155588 5.732957 5.638093 6.015083 6.658484 7.313551 5.306023 6.129392 10.505972 10.381814 8.010014 5.745744 4.855367 3.951805 3.050032 2.331297 1.315999 2.606257 2.073588 1.275058 -0.052174 -2.224662 -0.700226 0.845259 3.969680 4.825836 5.982714 5.230857 4.645270 3.633764 2.745275 1.844714 0.763366 -0.755716 -0.644702 -0.483065 -0.467815 -0.743467 1.145626 3.208126 4.013948 -0.004626 -0.003458 2.484550 3.033297 4.207137 4.337980 3.113171 1.929552
3.870564 11.695255 4.665315 5.311538 6.317851 6.995572 7.419915 9.835557 7.633193 7.094069 6.392310 5.622802 7.842443 6.869439 5.761719 5.135101 4.723562 5.095350 6.367054 7.662300 8.527945 9.281447 6.505226 6.753868 8.060385 5.682619 4.807691 3.906237 3.008881 2.594958 1.946412 5.196006 4.910157 3.628596 1.952176 1.490141 3.833744 4.649981 6.282036 5.788117 5.191022 4.828623 3.998941 3.111982 2.252077 1.442837 -3.242533 -0.616972 -0.743185 -0.423865 -0.453695 -0.688949 1.831236 2.345853 1.895948 1.753574 1.539931 1.402740 1.640996 2.595504 3.180310 2.466605 1.231300
3.363423 4.106565 4.720765 5.288001 6.223859 6.937064 4.045994 8.428473 7.296048 6.634779 5.910654 5.165950 4.362424 3.503269 4.744407 4.374407 4.602935 5.607159 7.239012 8.518109 9.036496 5.511292 6.196015 6.518155 7.821618 5.626714 4.792008 3.915856 3.055803 2.230634 2.130043 1.314629 0.341139 -0.006914 1.953784 3.463641 5.852230 7.160474 7.106007 6.279596 5.183556 3.649379 2.451402 1.536051 0.177768 -1.829542 -0.760067 -1.257370 -0.789432 -0.406399 -0.431035 -0.509294 -3.739626 -0.002575 -1.783529 -2.895398 1.191933 2.251093 1.882156 1.503890 1.147836 0.504296 -2.448849
2.828929 3.753136 4.417675 5.312558 6.121509 6.840478 9.210700 8.643449 6.901427 6.090909 5.314871 4.678060 4.041147 3.322609 6.227129 5.982121 5.643546 5.186813 6.194122 7.320951 7.980875 5.202201 5.912139 6.307524 6.178702 5.568104 4.763941 3.933241 3.151562 2.884956 2.164763 0.734381 3.435326 2.305464 2.768054 4.906538 7.218298 8.013225 7.727096 6.833916 5.606147 3.500245 1.450625 -1.883804 -1.562974 -0.629586 -0.620379 -1.291672 -0.512350 -0.403785 -0.402323 -0.596903 -1.830015 -3.380680 -1.076086 -2.454244 1.495305 2.104484 1.860215 1.611145 1.119729 0.767549 2.526384
8.348950 3.999431 4.724240 5.383000 6.175218 6.831187 7.333930 7.274393 6.566525 5.678652 4.860651 4.223154 4.031552 3.790174 7.121193 6.477746 5.903472 4.822083 5.232274 6.286685 7.448772 8.751220 5.606440 10.241533 6.069018 5.538387 4.795859 4.003249 3.266913 2.572942 2.278757 1.225630 0.413479 0.034562 4.518304 6.347996 7.507586 7.412593 7.048204 6.020140 4.583452 2.811768 0.763337 -2.342508 -1.629566 -1.121974 -0.735908 -0.515017 -0.457266 -0.028155 -0.013342 -0.528716 0.933489 0.978879 0.877192 1.702160 1.918901 1.667141 1.669005 1.965159 2.009411 2.398017 5.228383
9.195411 4.205744 4.757364 5.496085 6.268488 9.034805 9.074755 7.056714 6.289750 5.648975 5.049525 4.047364 3.497633 6.540507 5.276122 4.228997 3.897253 4.011713 4.857491 6.015038 7.116247 4.312833 5.232787 9.598858 5.932819 5.559447 4.897672 4.149574 3.453790 2.790855 2.548515 1.833906 0.640058 0.460479 5.566313 6.767353 7.227959 6.802381 1.502382 0.510042 0.049936 2.414892 0.770934 -3.130728 -1.503230 -0.517238 -0.438285 -0.435738 -0.447546 -0.021025 -0.315451 1.751073 0.889193 -1.245093 -0.974158 -0.677861 -0.823875 -0.835003 -0.928558 -0.909209 -0.863269 1.200284 4.362436
3.416597 3.963506 4.484038 5.280335 6.116160 6.791498 7.140881 6.852797 6.029295 5.221412 4.641852 4.218254 7.401771 6.297118 5.158040 4.073908 3.739969 3.886696 4.519666 5.453479 6.452215 3.919120 4.658849 5.430533 5.732392 5.565172 5.233150 4.353491 3.712845 3.087139 2.446114 2.252228 1.714765 1.462750 1.737060 8.295989 8.056107 1.934390 1.367291 0.526781 3.472687 2.374073 0.693523 -3.383719 -1.697937 -0.468270 -0.436210 -0.435965 -0.457940 -0.229169 -0.137653 -1.584724 -0.445068 -0.679788 -0.511913 -0.489129 -0.601931 -0.741716 -0.674729 -0.495573 -0.481718 -0.791920 2.822981
3.944596 4.530071 5.032293 5.539702 6.090707 6.724854 7.062529 6.663843 5.766059 4.761064 3.905486 6.223263 6.624073 6.306191 5.555044 4.592689 4.800545 5.326723 6.410600 7.475908 7.854576 7.835055 4.333016 5.042363 5.436255 5.468970 5.380021 4.646746 4.086878 3.490126 2.880492 2.300070 2.338646 2.239911 1.618834 2.457814 2.402608 1.992154 1.455573 4.179175 3.108596 1.755358 0.133149 -3.122551 -1.747837 -0.546468 -0.439949 -0.445407 -0.453370 -0.488956 -0.622903 -0.622370 -0.637683 -0.637551 -0.498768 -0.461472 -0.592019 -0.640682 -0.545997 -0.608101 -0.005996 1.825507 3.063750
4.656515 5.186038 5.605295 5.848519 6.115652 6.778950 6.849005 6.445607 5.525923 4.552948 3.600617 5.234262 5.322021 5.338528 4.963026 4.403849 4.966999 5.122433 6.021556 7.023804 6.681812 6.162090 3.751436 4.445519 4.939030 5.227316 5.185186 5.186948 4.490716 3.961841 3.405601 2.901665 2.509535 2.956381 2.292955 2.800854 2.117895 1.757908 1.295140 3.309199 2.206390 0.599297 -0.007411 -2.141299 -1.272400 -0.512344 -0.559390 -0.451146 -0.454527 -0.466604 -0.482926 -0.480342 -0.479526 -0.468923 -0.462820 -0.450270 -0.546936 -0.203046 2.649250 3.952568 4.690819 5.483915 6.286945
4.880056 5.240186 5.458914 5.677305 6.198339 6.587194 6.590544 6.043577 5.291890 4.545387 7.308923 6.134832 4.659546 3.920680 3.514687 3.444168 3.950469 3.914016 4.022438 4.382466 4.757498 5.596094 6.529572 3.985386 7.543235 4.895462 5.060528 7.016742 7.049817 6.744945 6.416584 3.534293 3.189817 2.977467 3.235830 2.577672 2.203291 1.729741 3.419303 2.445261 1.238582 0.186148 -0.024571 -0.855879 0.954479 0.214269 -0.296852 -0.549290 -0.471065 -0.446016 -0.480241 -0.501780 -0.520436 -0.483853 -0.431571 -0.439047 -0.238844 2.009777 3.882411 4.755980 6.268895 7.209632 8.087982
4.157221 9.617802 5.218785 5.547253 6.150516 6.361313 6.149259 5.685276 4.931383 4.362723 3.718357 7.023559 5.352684 3.210500 2.034559 1.720443 2.213277 2.707102 3.898730 5.433803 6.742691 7.427899 7.141492 6.910468 4.030676 4.312718 4.628826 4.766301 6.233040 5.247528 6.626266 6.510880 6.300765 3.449501 3.092026 2.664095 2.156304 4.158766 3.482229 2.540092 1.326053 0.549956 0.847371 2.651880 1.796534 -0.954135 -1.476838 -0.622005 -0.525819 -0.491267 -0.486575 -0.462841 -0.466893 -0.441055 -0.548876 -0.023226 -3.102876 1.905809 2.987773 4.003333 6.035563 7.512445 8.525979
3.940650 8.220814 4.765707 5.235219 5.852083 5.554307 5.783364 5.125807 4.374959 3.793990 3.398540 2.760574 5.732391 3.735392 1.659861 -0.022817 -0.004293 2.463574 5.183438 7.199454 7.780692 7.570231 7.233046 3.321375 6.516384 3.829932 4.021013 4.042411 4.411144 0.391104 1.397862 6.280388 5.999280 3.727043 3.232526 2.681055 2.089018 1.581080 3.280934 2.547742 2.343590 2.808903 3.658165 3.688757 0.730473 -4.022828 -1.645696 -0.658537 -0.640232 -0.514372 -0.471407 -0.543229 -0.553528 -0.089679 1.490389 2.755172 2.840186 3.082573 3.025695 4.232771 6.465477 7.888331 9.123969
6.692110 6.880632 3.828538 4.617528 5.147991 5.224780 4.989594 4.542035 3.777481 3.171210 6.260325 6.146607 0.905150 4.808379 3.979056 2.919059 3.833956 5.859787 6.367631 5.798873 5.756976 6.166540 6.574567 6.392467 2.968835 3.020571 3.120177 3.352670 3.653923 4.072184 4.207325 0.428118 5.655642 5.214889 3.327775 2.703215 2.063575 1.579275 3.352968 3.067837 3.663986 4.695886 4.492854 2.801383 0.617316 -0.025748 -1.898285 -1.507666 -0.962300 -0.505266 -0.562875 -0.591908 -0.312360 1.142416 2.803738 3.377982 3.775395 4.010501 4.291845 5.810551 7.268274 8.184555 9.559111
4.756357 4.952248 2.776450 3.686843 4.244622 3.611986 4.370791 4.012801 3.188017 2.225627 4.231163 4.175314 3.484364 3.159835 2.480818 1.771488 3.071268 4.151061 3.967475 4.189253 4.702366 5.056339 4.936074 4.505608 2.120390 2.273821 2.438323 2.705173 3.050703 3.379763 3.845448 4.117036 4.203414 5.111084 3.409153 2.782417 2.161972 1.608753 4.127381 4.599675 5.189025 0.352221 0.000368 -0.047476 0.397337 -0.011955 -2.554672 -1.477097 -0.567916 -0.565528 -0.289131 -0.479921 -0.003716 2.068954 3.539617 4.297029 4.527477 4.304389 5.051421 6.165357 7.894498 8.570971 9.564544
3.116350 2.766540 0.873046 4.096756 3.234780 2.625919 3.502845 6.971916 2.822446 3.822114 2.201274 1.846021 0.852719 -0.004953 -3.809169 -2.075955 -1.364654 -2.396421 0.787030 1.853272 2.753243 3.045983 2.825562 2.611223 2.734636 3.220573 3.936046 2.141884 2.517438 2.893430 3.367536 3.736193 3.874293 4.374428 3.508280 2.940894 2.382200 1.938299 1.881990 1.660395 1.343224 0.798061 0.013489 -0.059505 0.363365 -0.010680 -3.261917 -1.578936 -0.591451 -0.008403 1.438399 1.965259 2.303026 3.548813 4.336489 4.732164 4.825597 4.320909 4.656449 4.783471 6.877376 8.651320 10.195398
1.153172 0.402337 1.522684 3.614788 1.159044 1.037104 5.261377 6.130997 5.869403 4.566235 2.210878 0.090487 -0.022597 -2.761260 -2.247742 -1.619083 -1.284345 -1.580261 -2.605007 0.015151 0.762436 1.381455 1.628931 2.292350 3.127241 3.893508 4.381094 4.619638 4.922680 2.493671 2.922076 3.330372 3.722007 0.821765 3.607559 3.124289 2.672855 2.336548 2.077773 2.087224 1.687508 0.551849 0.026338 1.418046 0.414325 -0.027174 -3.549758 -1.684183 -0.492242 0.119280 1.644559 3.056867 4.451348 5.620053 5.494455 5.137477 4.931516 4.509232 4.892221 4.678111 5.942558 8.527616 10.592874
0.496753 -2.926042 1.829366 4.077601 5.063875 3.660367 3.809328 4.741536 5.422577 4.681661 3.257694 -0.032610 -3.109106 -1.714664 -1.498072 -1.242690 -0.460698 -1.297226 -1.295293 -1.815707 -2.451620 1.151495 2.861323 4.031868 4.546689 4.734305 4.722904 4.725992 4.839910 4.708908 2.351422 2.885263 3.244203 4.231385 3.564879 3.203718 2.893196 2.643546 2.369114 2.019868 1.516853 2.892322 2.189479 1.300276 0.287652 -0.040272 -3.425768 -1.680582 -0.727557 0.089543 0.661440 2.144520 3.729616 4.919320 5.690325 6.022417 6.241152 5.505325 5.221819 5.391442 5.141974 7.223051 10.029966
0.610806 2.145006 3.159753 3.955233 3.972594 2.298296 2.959495 3.130125 4.144987 4.684788 4.055192 2.256369 -1.957234 -0.821852 -0.501606 -0.444727 -0.384890 -0.907186 -1.300236 -1.408136 -1.646796 1.675774 3.243478 3.885381 3.799503 3.972496 4.071931 3.769728 3.311153 1.042182 1.690744 2.242530 2.901768 3.094213 3.403885 3.045820 2.512850 2.211164 1.953828 1.583147 2.357502 1.883532 1.535661 0.842383 0.232032 -0.027093 -3.782457 -1.940951 -1.949297 0.111770 1.154225 2.410297 3.306909 4.354531 5.349115 6.082858 6.665558 6.201432 5.731562 6.933397 6.406559 6.848143 8.794754
0.686776 2.227887 2.369421 2.588217 2.617308 1.650590 2.722713 2.278521 2.314637 3.136347 4.064063 3.115530 1.094127 -0.700976 -0.499973 -0.413132 -0.347516 -0.398097 -0.479869 -1.057329 -1.418060 0.017591 0.409684 1.167497 2.120787 2.371248 2.369871 2.150932 1.959726 0.393998 1.092429 1.944961 2.669439 3.251661 3.175225 2.629914 3.297702 2.817001 1.277147 0.843222 1.626615 1.395505 1.174119 0.520660 0.196274 -0.025639 -3.113739 -2.199958 -2.519154 1.404038 2.682844 3.420055 3.770694 4.340597 5.262793 6.160437 6.626838 6.638491 6.429842 7.631559 2.867269 8.266400 8.628310
-2.140093 -0.851600 0.483642 1.384461 1.766363 1.539842 2.589044 2.203616 1.384869 0.691387 1.616334 2.802774 1.865072 0.226395 -1.393297 -1.083927 -0.354274 -0.323500 -0.368870 -0.415472 -1.214814 -1.459944 -1.699187 -2.649013 0.186003 0.333792 0.499147 1.038951 1.714189 3.175246 0.937202 1.834042 2.527487 3.124898 2.998407 4.104424 3.344523 2.422175 1.559485 0.961578 0.608444 0.213716 0.098166 -0.010241 -0.032229 -0.039002 -0.167061 -2.342109 -2.994370 0.721912 1.979448 2.663202 3.587846 4.528605 5.531430 6.667421 1.790757 7.484725 7.355658 7.907115 3.236430 3.715367 10.143168
-1.488568 -0.707040 -0.008824 0.996589 1.065423 0.162058 0.729651 1.378785 0.968542 0.098701 -0.045604 0.544971 0.680923 0.166662 -1.777896 -1.334319 -0.394718 -0.344835 -0.387632 -0.439502 -0.430837 -1.150649 -1.393716 -1.644218 -1.906034 -3.371645 0.957891 1.732548 2.276537 3.301444 4.251993 1.679076 2.378532 3.039891 2.947568 4.455824 3.363249 2.339670 1.281049 0.173838 -0.028935 -0.866315 -1.330042 -1.533850 -1.467469 -0.231491 -0.208677 -2.153795 -0.197386 -0.025328 0.015165 0.640163 2.371933 3.706905 4.828873 0.812033 2.342114 2.865043 8.409129 8.521834 9.378153 4.117154 4.566955
-0.682184 -0.667008 -0.289237 0.770048 0.561239 0.092502 0.137339 0.569757 -0.004270 -0.964243 -0.676941 -0.769899 -0.627594 -3.248997 -1.842891 -1.554375 -1.150134 -0.344709 -3.918332 1.468006 1.221783 -0.001604 -0.716085 -0.651522 -1.058230 0.854123 2.612005 3.509189 3.726249 3.519038 0.529671 1.491256 2.210265 2.867638 2.887393 2.289559 1.365537 2.312522 0.810289 0.184735 -0.037066 -0.527237 -1.613188 -1.909723 -1.548128 -0.260602 -3.391584 -3.627969 -3.682124 -0.078763 -0.007361 0.315378 1.309131 2.096465 2.769031 0.472719 1.192073 2.471527 3.304385 8.562294 9.584238 4.434421 4.819007
-0.567943 -0.525688 -0.652231 0.730613 0.587333 -0.348461 -2.070179 -1.173197 -0.821545 -0.678353 -0.585759 -0.528113 -0.569029 -0.589520 -0.764896 -1.435846 -1.306309 -0.370697 -0.059768 0.233585 2.187850 3.151917 3.545464 3.780870 3.922569 4.078592 4.317018 4.079372 0.228514 4.094957 4.033392 1.424998 2.132271 5.350145 5.481594 2.223009 1.144055 2.542112 1.404858 0.680676 0.504327 -0.030720 -0.099391 -1.180560 -3.284213 -3.476163 -0.033700 0.093569 0.135499 0.071204 -0.006155 0.047555 0.436077 0.550325 1.123058 1.995623 2.935342 4.247375 6.202064 3.570470 4.162680 4.593660 5.012715
