geotop_simulations/templates/TEST_Venosta_3D_034_template/rec/SoilTemperature0000L0006.old.asc
ncols         252
nrows         194
xllcorner     598250.000000
yllcorner     5144500.000000
cellsize      250.000000
NODATA_value  -9999.0
[rows 140 to 167 of 194, columns 124 to 185 of 252]
3.164829 2.703501 1.747175 7.646792 7.133939 6.340653 4.859097 2.687409 -0.267133 1.678010 5.584016 6.339582 7.576781 9.094962 8.638150 7.394836 7.010293 7.638520 8.210147 8.449778 8.929532 9.908312 3.548100 4.058365 4.793195 5.600747 6.417044 12.772299 13.155043 12.821721 11.915814 8.045690 7.459351 6.586500 5.652431 4.863196 4.303413 3.670751 3.080783 2.833660 2.556889 2.263069 2.233695 1.605529 1.505106 7.908964 7.781342 6.562975 -0.005320 5.779337 4.637425 4.906248 4.832279 4.245439 4.096862 4.898589 5.117360 4.895687 5.124280 5.526243 7.037055 -9999.0
2.957612 1.746444 0.770082 9.215282 9.388723 8.708379 7.513257 6.659112 8.343015 8.521776 8.245676 6.947616 7.036216 9.350931 10.917992 10.410891 9.074740 8.285141 8.482893 9.462882 11.263288 13.199610 14.317511 5.600777 5.113646 5.780946 6.643820 7.114305 12.870546 12.905679 8.618218 8.003612 7.137235 6.217054 5.300601 4.462351 3.873582 3.313737 2.722019 2.166123 1.719920 1.493284 0.467095 -0.004198 -0.004459 4.590432 4.222502 3.820174 3.965512 4.430781 3.950076 4.253871 4.024140 3.106670 2.762503 3.899108 4.436851 4.552503 5.547544 -9999.0 -9999.0 -9999.0
1.396073 -0.003913 -0.004480 -0.004970 -0.006036 6.435658 6.207982 8.102654 10.077331 9.993039 9.581419 9.730201 9.750232 10.674771 12.102862 12.526141 12.676762 13.030430 13.197392 13.831746 14.295650 14.428678 6.000746 6.019501 5.390529 5.874025 6.504603 7.108967 12.898458 8.663739 8.461748 7.750776 6.895278 5.963589 5.191158 4.661206 4.170608 3.545101 2.856021 2.856264 1.307110 0.198186 4.058654 3.639261 3.185034 3.072621 3.042212 3.199603 3.271405 3.758024 3.412909 3.737482 3.659881 1.203280 1.301791 4.757798 -9999.0 -9999.0 -9999.0 -9999.0 -9999.0 -9999.0
-0.003827 -0.016648 -0.025822 -0.027216 -0.030555 -0.020678 4.731525 9.747632 11.392408 10.397544 10.367552 11.036025 11.935047 12.633236 13.060746 13.661956 5.088405 14.298818 14.636631 5.801087 5.983061 6.193865 5.041215 5.484962 5.904156 6.079088 6.345418 7.223532 8.380263 8.405433 7.996545 7.537922 6.803522 6.120119 5.614112 5.151094 5.873208 5.037106 4.257041 3.307717 1.728909 5.029455 5.322632 5.313127 4.783782 4.002555 3.930650 4.791677 4.598523 3.897824 3.357970 3.493270 3.035056 1.750932 -9999.0 -9999.0 -9999.0 -9999.0 -9999.0 -9999.0 -9999.0 -9999.0
-0.019396 -0.028961 -0.033779 -0.039727 -0.069226 -0.021193 8.133637 10.928995 11.974301 10.482190 10.777573 11.856272 12.937304 13.930911 14.607555 15.071531 5.533660 5.862039 15.777669 6.312225 6.528464 5.168908 5.551312 5.922747 6.299700 6.288540 6.072600 7.470411 8.485077 8.158131 7.874966 7.097590 6.389723 5.865617 5.377070 4.766605 4.680615 4.100194 4.352275 3.672049 3.174795 2.867891 2.182790 0.557542 -0.007650 4.396284 4.464171 5.385974 4.223309 3.302293 2.992755 1.350715 -1.359939 -0.006731 -9999.0 -9999.0 -9999.0 -9999.0 -9999.0 -9999.0 -9999.0 -9999.0
4.095909 2.560267 0.569098 -0.672995 -0.659523 5.608743 9.942707 11.724627 12.285370 10.851345 11.813269 12.497289 13.171400 14.200085 4.777288 5.351054 5.835718 6.288461 6.609872 5.086802 5.411793 5.712570 6.057754 6.463993 6.868905 7.025178 6.489915 7.732992 8.585324 8.274947 7.613475 6.696997 5.766831 5.045829 4.607579 3.976985 3.477506 3.116699 9.836265 3.934581 3.735906 3.497577 2.606960 -0.004423 4.654280 3.925176 3.883594 3.699111 1.412735 1.276056 -0.006587 -0.286896 -0.011470 -0.010896 -9999.0 -9999.0 -9999.0 -9999.0 -9999.0 -9999.0 -9999.0 -9999.0
3.267761 1.556695 -0.657841 -0.701699 4.882781 6.427349 8.940289 11.892757 13.618052 12.572065 13.759775 13.766050 12.453727 12.451912 13.397669 4.947365 5.867802 6.571649 5.317048 5.626262 5.916769 6.190378 6.534804 6.991532 7.456311 7.821562 13.933080 8.093429 16.855835 8.121534 7.318894 6.386368 5.415609 4.490949 4.018519 3.341636 2.820750 7.887913 8.778601 2.313482 3.649296 3.125072 1.981907 0.426672 5.171847 4.650009 4.183587 -0.092573 -0.867489 -0.046025 -0.007899 -9999.0 -9999.0 -9999.0 -9999.0 -9999.0 -9999.0 -9999.0 -9999.0 -9999.0 -9999.0 -9999.0
0.508682 -1.872983 1.201987 7.849415 9.037752 7.573808 6.992781 9.829698 14.004042 14.589516 14.584011 15.455001 14.726263 13.218469 12.937919 13.916327 5.310584 6.565782 5.763277 6.123761 6.415112 6.718306 7.049087 7.381494 7.906588 15.361240 14.851222 8.566530 14.399949 7.511261 6.673051 5.902460 5.004376 4.068940 3.137734 2.422171 6.335800 7.762820 7.131662 7.652351 1.099213 1.287593 0.651363 -0.004857 5.741704 4.643567 4.054246 3.989741 -9999.0 -9999.0 -9999.0 -9999.0 -9999.0 -9999.0 -9999.0 -9999.0 -9999.0 -9999.0 -9999.0 -9999.0 -9999.0 -9999.0
0.791667 3.399633 8.842546 9.745765 9.311539 8.599337 7.723293 9.674875 13.243413 15.625331 15.830032 16.339166 16.382553 16.142872 15.413386 15.450115 5.201861 5.216455 6.234624 6.711447 7.012191 7.305702 7.575760 15.098947 15.152259 8.737507 8.849767 8.405452 7.703629 6.875812 5.961106 5.226443 4.806354 3.594854 2.487709 1.757903 5.272505 5.777812 6.416471 6.309558 6.441861 -0.010140 7.477150 6.695442 5.088806 3.880777 4.357673 -9999.0 -9999.0 -9999.0 -9999.0 -9999.0 -9999.0 -9999.0 -9999.0 -9999.0 -9999.0 -9999.0 -9999.0 -9999.0 -9999.0 -9999.0
3.205055 7.302786 10.062213 10.821319 10.560066 11.185724 11.521043 10.215054 11.035208 14.141157 4.533581 5.610480 16.411947 16.814481 17.012220 17.274144 7.080077 7.284003 6.833895 15.454786 7.597128 7.873026 15.488456 15.417544 8.622907 13.324646 15.219116 7.940627 7.270182 6.448244 5.535301 4.741764 4.421203 3.882762 3.106902 2.397322 6.689620 5.882801 4.948192 4.954867 4.755993 4.891655 4.477984 4.442713 4.445717 4.695079 6.092588 -9999.0 -9999.0 -9999.0 -9999.0 -9999.0 -9999.0 -9999.0 -9999.0 -9999.0 -9999.0 -9999.0 -9999.0 -9999.0 -9999.0 -9999.0
1.311482 6.145276 9.134709 11.485757 12.280173 13.044053 14.047623 11.473102 7.712689 8.503050 12.500368 16.240067 6.553354 6.908444 7.286993 5.721552 6.346339 6.940047 7.609895 8.019218 8.258969 16.017174 8.583711 8.599467 12.455604 8.145566 7.898594 7.483893 6.970558 6.342769 12.883891 12.670793 5.315540 4.560113 9.360148 8.678773 8.118264 6.984483 5.291084 4.129166 3.770615 3.364317 3.260917 3.469092 6.169933 -9999.0 -9999.0 -9999.0 -9999.0 -9999.0 -9999.0 -9999.0 -9999.0 -9999.0 -9999.0 -9999.0 -9999.0 -9999.0 -9999.0 -9999.0 -9999.0 -9999.0
-0.565773 4.099162 7.299727 11.258719 13.053803 14.742110 15.180529 15.271021 13.386888 10.699612 10.474122 12.301353 6.205782 7.514394 6.275179 6.578326 7.091462 7.687950 8.241921 8.622823 8.796828 8.751931 8.537468 8.174643 7.861809 7.447340 7.169716 6.803366 6.461119 6.314045 6.023047 14.075045 12.723817 11.859736 10.408366 9.021031 7.860996 6.868746 4.789664 3.100600 2.202649 0.874882 0.268826 1.174926 -9999.0 -9999.0 -9999.0 -9999.0 -9999.0 -9999.0 -9999.0 -9999.0 -9999.0 -9999.0 -9999.0 -9999.0 -9999.0 -9999.0 -9999.0 -9999.0 -9999.0 -9999.0
2.418165 4.448387 6.482157 10.868633 13.833507 15.610815 16.151225 16.162203 15.861872 15.448447 14.173661 12.481607 5.754516 7.602333 7.061741 7.510932 7.926161 8.333916 8.628019 8.649615 8.387314 7.902178 7.555892 7.299732 7.146989 6.692248 6.180548 5.680544 5.270377 5.310137 5.463587 6.226221 5.801630 5.259829 10.689913 9.377918 8.158418 6.787438 3.561784 -0.007365 -0.540539 -1.256836 3.188268 -9999.0 -9999.0 -9999.0 -9999.0 -9999.0 -9999.0 -9999.0 -9999.0 -9999.0 -9999.0 -9999.0 -9999.0 -9999.0 -9999.0 -9999.0 -9999.0 -9999.0 -9999.0 -9999.0
7.538476 8.742965 9.153266 10.096244 14.162478 4.415127 5.353889 5.959935 6.294938 6.602976 6.868466 6.654802 6.696790 6.682874 7.675957 8.362365 8.767583 8.825977 8.399303 7.484124 6.860277 6.651881 6.411842 5.917250 6.064711 5.855635 5.209928 4.673112 4.095459 3.186721 4.243476 5.087417 5.671866 5.189084 4.440863 9.955669 8.696458 6.881225 5.234258 5.003850 -9999.0 -9999.0 -9999.0 -9999.0 -9999.0 -9999.0 -9999.0 -9999.0 -9999.0 -9999.0 -9999.0 -9999.0 -9999.0 -9999.0 -9999.0 -9999.0 -9999.0 -9999.0 -9999.0 -9999.0 -9999.0 -9999.0
9.695281 10.829753 10.679129 10.543693 12.432171 16.293026 5.497256 6.165075 6.481750 6.901666 7.266055 7.444359 7.780568 7.370933 8.206762 8.951642 9.152504 8.677664 7.321468 6.143614 5.403527 5.618072 5.842026 5.239773 4.874551 4.893719 4.439852 3.945814 3.555141 3.160362 3.430107 10.395018 5.084746 4.874442 4.347503 9.890596 8.404212 6.811915 6.998117 -9999.0 -9999.0 -9999.0 -9999.0 -9999.0 -9999.0 -9999.0 -9999.0 -9999.0 -9999.0 -9999.0 -9999.0 -9999.0 -9999.0 -9999.0 -9999.0 -9999.0 -9999.0 -9999.0 -9999.0 -9999.0 -9999.0 -9999.0
9.916509 11.157657 11.464752 11.580666 11.695588 12.802895 4.627342 6.014909 6.661597 7.338801 7.759492 8.009498 7.423096 8.033163 8.669510 9.093387 8.762433 6.696196 4.794375 5.227404 5.232288 5.094407 5.240127 4.759587 3.856869 3.922711 3.550960 3.754550 4.498002 4.845359 12.124782 12.493782 4.399954 4.651708 3.871260 2.896206 7.017358 6.665434 8.680375 -9999.0 -9999.0 -9999.0 -9999.0 -9999.0 -9999.0 -9999.0 -9999.0 -9999.0 -9999.0 -9999.0 -9999.0 -9999.0 -9999.0 -9999.0 -9999.0 -9999.0 -9999.0 -9999.0 -9999.0 -9999.0 -9999.0 -9999.0
10.280882 11.669466 12.867815 13.342752 13.892576 12.503124 11.565990 4.236469 5.670681 7.182977 8.087821 7.472160 8.090267 8.630251 9.047393 9.143703 7.921941 5.954969 4.404523 4.382175 4.736426 4.693564 4.940244 4.702793 3.977583 3.266710 3.331603 4.420444 12.520660 12.916622 11.984880 10.413867 3.761701 4.292388 3.542831 2.797499 7.069584 7.105974 9.204905 -9999.0 -9999.0 -9999.0 -9999.0 -9999.0 -9999.0 -9999.0 -9999.0 -9999.0 -9999.0 -9999.0 -9999.0 -9999.0 -9999.0 -9999.0 -9999.0 -9999.0 -9999.0 -9999.0 -9999.0 -9999.0 -9999.0 -9999.0
10.591620 12.106565 13.797727 15.075971 15.481408 14.969844 12.672761 10.769896 11.187656 6.389400 7.788544 7.973528 8.701510 9.219680 9.440919 9.180287 7.350518 6.421369 5.187937 4.190920 3.993429 3.781920 4.417193 4.497501 3.735400 7.086696 9.068321 10.826111 11.024901 10.719056 10.168772 2.846447 3.402658 3.542844 3.079032 2.584988 6.928622 7.212097 -9999.0 -9999.0 -9999.0 -9999.0 -9999.0 -9999.0 -9999.0 -9999.0 -9999.0 -9999.0 -9999.0 -9999.0 -9999.0 -9999.0 -9999.0 -9999.0 -9999.0 -9999.0 -9999.0 -9999.0 -9999.0 -9999.0 -9999.0 -9999.0
10.945957 12.105214 14.074275 15.867056 16.361277 15.847837 14.968582 13.095782 11.419458 11.982629 7.158234 8.266249 9.090449 9.503254 9.782952 8.485095 6.307963 5.175028 4.019491 3.463340 3.684018 3.439683 3.172519 3.290006 7.227508 6.608551 6.617679 5.676092 6.279728 7.336337 2.665955 2.062628 7.016456 6.606308 0.913384 0.828325 5.912978 7.830164 -9999.0 -9999.0 -9999.0 -9999.0 -9999.0 -9999.0 -9999.0 -9999.0 -9999.0 -9999.0 -9999.0 -9999.0 -9999.0 -9999.0 -9999.0 -9999.0 -9999.0 -9999.0 -9999.0 -9999.0 -9999.0 -9999.0 -9999.0 -9999.0
10.997865 12.787329 14.544662 16.292532 17.114990 16.181021 15.059885 14.381286 12.900500 6.837203 7.783518 8.475335 9.237069 9.530841 8.111592 4.991587 0.214498 3.630838 3.746334 2.881882 2.248523 6.882767 5.929404 4.955792 4.406678 3.917470 2.867645 2.981952 3.448580 4.857090 6.144828 6.506992 5.973003 4.673250 3.805776 4.110718 6.879589 -9999.0 -9999.0 -9999.0 -9999.0 -9999.0 -9999.0 -9999.0 -9999.0 -9999.0 -9999.0 -9999.0 -9999.0 -9999.0 -9999.0 -9999.0 -9999.0 -9999.0 -9999.0 -9999.0 -9999.0 -9999.0 -9999.0 -9999.0 -9999.0 -9999.0
10.925231 13.226840 15.015698 16.650250 6.217937 16.785389 15.204404 14.786125 7.160066 7.118304 7.759475 8.783163 9.226019 9.010063 6.828543 2.398939 3.781997 4.472662 4.312874 4.765557 4.680769 10.585539 8.968020 6.699397 4.768652 2.474797 -0.026641 -0.004832 1.778663 3.142059 4.849248 5.830629 5.546365 4.113276 3.159382 3.873734 7.914135 -9999.0 -9999.0 -9999.0 -9999.0 -9999.0 -9999.0 -9999.0 -9999.0 -9999.0 -9999.0 -9999.0 -9999.0 -9999.0 -9999.0 -9999.0 -9999.0 -9999.0 -9999.0 -9999.0 -9999.0 -9999.0 -9999.0 -9999.0 -9999.0 -9999.0
9.515319 12.630682 5.204092 5.956899 6.358829 17.481333 15.838251 14.873358 7.315762 7.372540 7.378847 8.332150 9.018924 8.809718 7.946690 7.304313 6.371995 5.909366 4.682031 6.662691 15.459984 13.640324 11.792643 8.870440 5.562807 2.936848 -0.002138 -0.630519 -0.720348 2.778938 4.407526 4.362279 3.646180 2.815192 4.505087 -9999.0 -9999.0 -9999.0 -9999.0 -9999.0 -9999.0 -9999.0 -9999.0 -9999.0 -9999.0 -9999.0 -9999.0 -9999.0 -9999.0 -9999.0 -9999.0 -9999.0 -9999.0 -9999.0 -9999.0 -9999.0 -9999.0 -9999.0 -9999.0 -9999.0 -9999.0 -9999.0
9.135793 11.277769 14.106032 5.952788 6.492052 7.136393 16.942705 15.649103 7.551532 7.809713 7.552493 8.273151 8.741355 8.686898 8.217411 7.485885 6.551454 7.046135 7.061334 16.218338 14.544458 11.731168 9.206853 6.383101 4.700747 5.366651 5.756131 4.589996 4.399368 4.919468 4.085142 2.681490 0.905914 0.878423 6.014003 -9999.0 -9999.0 -9999.0 -9999.0 -9999.0 -9999.0 -9999.0 -9999.0 -9999.0 -9999.0 -9999.0 -9999.0 -9999.0 -9999.0 -9999.0 -9999.0 -9999.0 -9999.0 -9999.0 -9999.0 -9999.0 -9999.0 -9999.0 -9999.0 -9999.0 -9999.0 -9999.0
10.764995 11.116800 12.391708 5.564745 6.528947 7.197106 7.810328 7.955610 7.881608 7.021218 7.805608 8.454814 8.718927 17.942305 8.064628 7.310056 6.462764 5.709633 7.118724 15.701261 12.500905 9.143160 6.678775 5.752905 6.788559 7.385082 6.812948 6.424044 5.794767 5.301400 2.535315 -0.715926 -0.650534 -0.004872 -9999.0 -9999.0 -9999.0 -9999.0 -9999.0 -9999.0 -9999.0 -9999.0 -9999.0 -9999.0 -9999.0 -9999.0 -9999.0 -9999.0 -9999.0 -9999.0 -9999.0 -9999.0 -9999.0 -9999.0 -9999.0 -9999.0 -9999.0 -9999.0 -9999.0 -9999.0 -9999.0 -9999.0
4.593077 12.829638 13.144566 5.592881 6.438729 7.188216 7.915416 8.290672 8.297661 7.235493 7.955032 8.563078 18.313644 18.255754 7.562755 6.823003 6.117403 5.611152 6.870788 14.698231 11.210772 3.474262 7.032071 7.713086 8.315495 7.486416 6.726333 5.131367 3.124458 -0.561698 -0.368246 -0.368875 -0.428119 -9999.0 -9999.0 -9999.0 -9999.0 -9999.0 -9999.0 -9999.0 -9999.0 -9999.0 -9999.0 -9999.0 -9999.0 -9999.0 -9999.0 -9999.0 -9999.0 -9999.0 -9999.0 -9999.0 -9999.0 -9999.0 -9999.0 -9999.0 -9999.0 -9999.0 -9999.0 -9999.0 -9999.0 -9999.0
5.017391 5.490682 5.755644 5.952678 6.450627 5.371797 5.964949 8.465899 7.113995 7.521694 8.040387 17.685653 18.155252 17.019998 6.351528 5.956575 5.948748 7.331429 7.036663 6.137603 4.876159 3.715429 8.456786 8.901617 7.937688 6.449696 3.658299 0.998108 -1.646461 -0.436399 -0.338103 -0.325113 -9999.0 -9999.0 -9999.0 -9999.0 -9999.0 -9999.0 -9999.0 -9999.0 -9999.0 -9999.0 -9999.0 -9999.0 -9999.0 -9999.0 -9999.0 -9999.0 -9999.0 -9999.0 -9999.0 -9999.0 -9999.0 -9999.0 -9999.0 -9999.0 -9999.0 -9999.0 -9999.0 -9999.0 -9999.0 -9999.0
5.322006 5.729788 6.190495 6.447803 6.599346 5.564337 6.164825 8.274768 7.238204 7.712816 7.999629 10.711570 17.366949 5.921150 5.451157 5.533473 6.860380 6.781277 6.359314 5.766248 4.791310 9.143737 8.794492 8.869099 7.323116 5.284858 2.251207 -2.274260 -1.139049 -0.489436 -9999.0 -9999.0 -9999.0 -9999.0 -9999.0 -9999.0 -9999.0 -9999.0 -9999.0 -9999.0 -9999.0 -9999.0 -9999.0 -9999.0 -9999.0 -9999.0 -9999.0 -9999.0 -9999.0 -9999.0 -9999.0 -9999.0 -9999.0 -9999.0 -9999.0 -9999.0 -9999.0 -9999.0 -9999.0 -9999.0 -9999.0 -9999.0
5.422030 5.906080 6.489299 5.194249 5.420974 5.792540 6.351630 6.579731 7.050629 7.546976 11.646409 18.590044 6.307672 5.650536 5.068389 4.578951 4.186640 4.432617 11.122542 4.363838 8.775727 8.131224 8.502938 8.485638 6.792141 5.013732 2.603970 -0.002547 -0.035568 -9999.0 -9999.0 -9999.0 -9999.0 -9999.0 -9999.0 -9999.0 -9999.0 -9999.0 -9999.0 -9999.0 -9999.0 -9999.0 -9999.0 -9999.0 -9999.0 -9999.0 -9999.0 -9999.0 -9999.0 -9999.0 -9999.0 -9999.0 -9999.0 -9999.0 -9999.0 -9999.0 -9999.0 -9999.0 -9999.0 -9999.0 -9999.0 -9999.0
