geotop_simulations/templates/TEST_Venosta_3D_034_template/rec/SoilPressure0000L0002.asc
ncols         252
nrows         194
xllcorner     598250.000000
yllcorner     5144500.000000
cellsize      250.000000
NODATA_value  -9999.0
[rows 72 to 95 of 194, columns 108 to 161 of 252]
-3687.683968 -3687.476813 -3677.871503 -4217.301967 -3446.978267 -3095.392733 -2534.643417 -2330.091335 -2218.349522 -2017.114804 -2098.706866 -2460.467731 -2588.241074 -2962.727521 -2495.498954 -3457.048660 -3345.205284 -2776.806054 -1852.588050 -1688.017116 -826.797422 -352.409915 -36.035782 -162629.763194 -586.269017 -746.458427 -1472.063526 -2168.533516 -2145.301104 -2279.223558 -1994.184880 -1942.087098 -2554.057226 -2483.737641 -2790.776032 -2938.758375 -3075.852730 -3348.300192 -3482.823086 -3642.620739 -3748.397927 -3277.047676 -2583.852481 -2220.816628 -3234.188837 -3067.927232 -3106.041698 -2830.121563 -2351.222596 -1946.302038 -1917.444710 -2013.421807 -2186.209254 -2417.141461
-3696.104612 -4310.942404 -3657.618101 -3893.045627 -3203.405433 -2648.415032 -2736.728137 -2055.040476 -1590.942482 -1416.559373 -1397.906192 -1825.194981 -2951.430027 -2336.929591 -1647.961386 -2797.497141 -3361.930628 -2984.777751 -1975.505045 -3150.295820 -1031.412550 -332.380051 -47.645616 -298505.976132 -489.763037 -657.572981 -974.753582 -1511.220850 -1795.910025 -2045.240313 -2150.288446 -1942.283689 -2070.247901 -3111.536842 -3126.319447 -3347.541981 -3413.592313 -3490.207739 -3645.712808 -3749.621866 -3689.996255 -3446.388161 -2547.349670 -2358.717003 -3682.745520 -3481.705844 -2601.373188 -2126.255940 -1894.431685 -1499.563308 -1491.885354 -1749.089891 -2180.255602 -2651.465530
-4302.446390 -3665.309393 -3849.882024 -3300.143111 -2804.271635 -2764.147235 -2029.846650 -1813.932865 -1208.257901 -958.648034 -1450.249828 -2069.636810 -1713.790582 -1219.469677 -1078.130005 -1260.085430 -3336.281233 -3066.221836 -1617.811859 -1411.348174 -3832.216399 -411.399797 -161644.137501 -96263.655804 -358.234756 -452.607090 -565.386250 -680.062686 -803.131978 -966.360592 -1344.939664 -1892.109622 -1992.363575 -2606.969754 -3523.925602 -3573.917487 -3687.852613 -3714.438700 -3782.647636 -3836.585615 -3603.175241 -3464.369844 -3309.874039 -2715.252392 -2936.200409 -3174.812580 -3257.375326 -2375.104003 -1135.290275 -942.338017 -760.156701 -1229.999004 -3064.220101 -2522.282090
-4246.713664 -3397.398998 -2778.496359 -2481.832814 -2805.476221 -2138.805042 -1759.340584 -1903.972027 -1354.718162 -1028.150816 -947.395052 -1533.181194 -1403.528275 -1172.805425 -926.740678 -942.011572 -946.351681 -2939.048234 -1220.592758 -1409.888980 -685.695730 -449.364092 -537.969202 -753.043893 -692.436995 -630.187304 -591.756291 -581.310323 -621.935831 -915.860067 -1410.505404 -1741.808026 -2444.235065 -3218.184703 -3804.247745 -3750.363152 -3810.565963 -3853.101476 -3880.974813 -3621.869979 -3607.053794 -3505.290835 -2974.819106 -3074.435732 -3181.993172 -3261.327405 -2974.939751 -2510.468948 -1778.125050 -872.700097 -710.975886 -1805.281321 -4182.849943 -3664.836554
-2448.704723 -1917.447700 -1797.370810 -1778.591726 -2372.395004 -2125.254404 -2027.074477 -2423.590147 -1586.093729 -906.139094 -809.293140 -980.589093 -744.862736 -850.635308 -780.739584 -758.467351 -746.623935 -1334.560575 -1892.819717 -2208.291694 -1002.352962 -703.663281 -661.469681 -890.711822 -967.895741 -565.988212 -432.511953 -416.236440 -488.579875 -716.489213 -1083.537165 -1684.256549 -1878.067891 -1962.690395 -2937.285687 -3553.648019 -3574.505459 -3602.631073 -3621.735703 -3622.353599 -3597.722443 -3524.431498 -3360.442867 -3364.252079 -3351.855622 -3397.700075 -3065.412586 -2690.314526 -2685.837699 -3949.512201 -4865.731459 -3459.753434 -3402.056407 -3377.963743
-1964.932451 -1641.457070 -1482.374948 -2294.139311 -1500.251574 -2235.772031 -2598.273367 -2235.282493 -1578.204884 -873.346446 -680.977284 -555.237644 -1354.802311 -680.505846 -619.742671 -599.691559 -608.100237 -651.698171 -2058.728059 -1452.461696 -1842.956929 -1421.527709 -993.902280 -1007.266136 -519.637130 -79835.165939 -116532.974196 -298.418970 -450.505729 -656.870779 -1036.386889 -1624.900681 -1643.791000 -943.046896 -1063.542842 -1754.635285 -3586.728493 -3608.806890 -3629.568299 -3636.943210 -3598.035218 -3521.966946 -3259.624897 -3323.183831 -3117.613432 -2430.460090 -2197.452857 -1863.467644 -1381.554512 -1515.298103 -4133.205650 -3236.984128 -3296.232943 -3092.195793
-1789.696895 -1445.495095 -1139.861828 -1471.095644 -1178.356604 -1286.024251 -2592.799305 -2419.669171 -1424.016075 -886.128490 -516.447169 -296.785699 -494.714361 -445.153504 -470.422340 -484.629476 -483.456588 -1230.670041 -1196.822181 -1842.660870 -2037.506180 -1485.512581 -653.239088 2.217726 -289029.352617 -97703.459471 -99370.500490 -571.495675 -854.822517 -1126.933578 -1873.212498 -1240.204825 -1192.195544 -822.680382 -982.119030 -955.874653 -1458.245576 -3229.910060 -3623.071282 -3623.317720 -3558.093277 -3436.685614 -2402.925486 -2829.956507 -1990.330464 -2092.084021 -1516.308392 -1036.997658 -829.563122 -804.803006 -912.794146 -2106.236015 -2767.348885 -2836.437012
-1786.079371 -1294.589286 -1361.176722 -882.644881 -660.436829 -1152.492463 -2534.544508 -1211.741032 -990.369507 -755.317838 -419.159403 -31.002574 -18.238247 5.513754 9.852413 -377.325396 -391.876736 -521.624022 -520.565409 -1171.955800 -1360.215400 -1144.136120 -797.946875 -188.230707 -125927.989507 -89534.471206 -56774.816967 -464.054281 -1150.893975 -1837.410249 -2429.945530 -670.179344 -694.631266 -699.344872 -861.171143 -849.786901 -949.541913 -1206.801254 -2553.894459 -3568.089728 -3524.615090 -2819.250502 -2284.644356 -2637.357823 -2072.857743 -2331.696411 -1907.128969 -980.613106 -810.413950 -611.358625 -1108.127077 -1029.471119 -1803.774316 -2338.375871
-2123.500258 -2060.979982 -1202.649891 -701.509967 -632.696863 -806.734382 -658.924754 -1054.425837 -1163.927565 -1405.218761 -9.849987 -120647.302715 -118905.009328 -137382.167184 -15.229554 11.121493 -316.944296 -392.246766 -400.240940 1733.943795 4304.068817 -471.030541 -414.452656 -257.234863 -97653.320570 -88214.128484 -355.707174 -330.295036 -770.949448 -1805.546344 -807.998741 -415.832513 -387.392546 2458.267100 -704.481435 -883.345087 -1059.915130 -874.116906 -1284.951604 -3412.488618 -3492.308889 -2795.402039 -2000.583675 -2487.939798 -2008.412388 -1894.664707 -705.262663 -443.659955 -384.122583 -400.084952 -473.231207 -804.169183 -1033.529199 -1701.213576
-3261.460283 -2412.893340 -1324.066558 -785.708597 -564.128108 -535.721394 -412.369057 -791.647575 -1249.690482 32535.381253 85039.414286 -500837.828183 -504593.924887 -659742.481899 -27.181835 13.082906 14.611499 14.294883 13.347276 -231.666415 -335.543567 -275.584124 -224.363502 -279.734968 -42.345398 -26220.413311 -359.426100 -456.373487 -611.405470 -848.175385 -542.228137 13.356755 5.229820 -340.050007 -610.988429 -1002.988987 -1484.497109 -1496.050826 -1423.547594 -3330.882467 -3437.579755 -2723.714310 -1610.679588 -2149.971298 -3015.870132 -893.059401 -424.568957 -365.695692 -159935.967234 -609.147197 -947.179171 -1077.804703 -1008.053918 -961.762936
-3345.372618 -3128.083503 -2208.898179 -1843.445043 -927.759820 -367.040291 4.176125 -277.062500 -1669.428116 -2197.708906 -728.393237 -427.263485 -631.610183 -674.099470 -33.638949 12.413725 16.380476 16.828922 15.302078 11.835730 7.622439 5.719026 2.638447 -11.803607 -38.071598 -47009.667857 -433.760000 -380.080311 -498.907610 -717.184426 -322.188526 -46.540398 -349373.488616 -263.588210 -628.199467 -1369.347875 -2340.664691 -3145.968536 -3125.212978 -3456.824254 -3323.117805 -2665.445469 -1503.505885 -1702.335629 -1571.077390 -4943.547616 -1089.350791 -1217.840631 -1618.759280 -1183.010209 -3732.898564 -1061.453937 -760.279622 -693.352770
-3313.882563 -3052.176266 -2521.502793 -1447.546979 -848.466786 -361.584904 -7.975553 -432.319937 -897.661972 -1906.287724 -1337.505516 -806.971680 -469.104471 -35.479695 -347458.145692 -218980.186764 -312719.525205 -66.097677 -0.926821 -20.937821 -242543.585859 -161098.457366 -77.107982 -91.528624 -646453.047802 -121938.868464 -425.705540 -495.110842 -644.986183 -547.042235 -31.469917 -488375.883314 -59.098166 -481.833460 -1537.943650 -2080.419810 -2830.690397 -3087.181740 -3236.170105 -3391.501899 -3404.438355 -2599.045707 -2223.416357 -2521.487219 -2405.352860 -2270.139831 -2399.708909 -1888.105329 -2807.109171 -1911.448873 -1137.077407 -833.564879 -519.079290 -565.573470
-3156.492911 -2343.627394 -2129.600002 -1177.393553 -690.289337 -385.521675 -41.087528 -386.291634 2413.832931 15.492881 14.603351 8.265554 -0.680012 -21.027389 -580300.501814 -30.516375 -409936.053356 -362268.885937 -52.033220 -21.476080 -628.836379 -1176.527923 -567.282093 -11.639157 -44.989873 -26.822794 -569.104580 -738.047514 -1030.361972 -1369.296512 -1850.094857 -1604.693393 -2720.077729 -1955.499018 -1949.866603 -2478.321170 -2657.649827 -3165.314724 -3014.307793 -3388.831428 -3378.065765 -2525.349051 -2460.645080 -2904.769160 -3897.371364 -2568.345894 -2476.148791 -2462.553156 -1506.768880 -955.694448 -286.418571 -164.614576 -310.051082 -400.363942
-3219.885470 -2363.605971 -1865.523048 -1157.215708 -746.105530 -589.746055 -661.713417 9.156164 9.365463 4.723975 -95.662733 -1015.079027 -543406.487375 -159295.920600 6.632618 -485.369577 -355.695295 -734.153445 -1613.920468 -660.399166 -955.620890 -1232.883492 -840.240218 -389.670816 -144.962189 -466.709919 -704.540783 -992.020815 -1300.691641 -1513.078421 -2333.121479 -1851.781016 -2982.886887 -2152.598982 -2377.647271 -2524.659343 -2734.832118 -3048.432339 -2847.274418 -3379.101339 -3382.411227 -2686.900928 -2428.369539 -3058.515681 -3306.955753 -4797.089716 -2190.920016 -1705.896658 -1241.798360 -905.209421 -515.414431 -352.434051 -2127.907720 -1534.216939
-3001.887807 -2118.057934 -1999.316101 -1191.593851 -896.433265 -1220.704966 -544.963104 -265.134534 -28.215949 -46.038805 -223737.349294 -115696.323060 -82472.028985 -0.724523 -615.431425 -781.895562 -1190.955024 -1708.382162 -1692.994705 -1551.292042 -1408.667599 -1337.461519 -1040.475505 -735.036009 -513.056039 -820.438279 -985.534093 -960.301454 -1142.252644 -1377.953732 -1754.579919 -2064.000259 -2358.555877 -2408.359108 -2480.730657 -2592.816585 -2903.874249 -2871.818460 -3098.672532 -3362.534476 -3211.772299 -2750.377636 -2461.179533 -2829.741270 -2594.897825 -3582.343871 -1999.015388 -1343.198341 -1180.142609 -1011.563514 -623.460932 -685.376728 -2349.987557 -2446.243057
-2964.021546 -2287.561436 -1714.528504 -1232.742826 -1207.373103 -1770.626486 -589.968375 -375.545059 -226.836064 -27.390486 -270647.676902 -311967.329050 -764.507940 -661.688606 -725.022812 -924.392713 -1785.731622 -1844.780772 -1887.020557 -2065.364938 -1690.787543 -1611.773925 -1057.023451 -1011.417987 -982.045359 -1036.113591 -1185.708572 -1041.888557 -1157.139322 -1348.145708 -1617.977187 -1857.856983 -2123.926423 -2410.716516 -2446.873013 -3118.293592 -2875.756377 -3157.972479 -966.300759 -902.223389 -1622.207826 -2679.393593 -2442.052497 -2628.144175 -2154.411654 -2736.668597 -1234.544976 -2313.815382 -1146.135768 -1008.010772 -922.724820 -1004.452491 -2279.024800 -1869.888254
-2839.041910 -2145.337530 -1380.620521 -1645.589047 -1162.537505 -940.087955 -873.260545 -875.010239 -945.297952 -1007.367264 -978.535983 -679.434275 -823.686070 -770.956893 -899.467325 -1519.897175 -1926.027387 -1964.003403 -2032.541783 -1574.095922 -1453.213416 -1554.093375 -2733.222697 -4315.312305 -741.765209 -671.009298 -1222.812895 -1077.222912 -1189.906048 -1304.547839 -1517.708488 -1816.595643 -2033.095497 -2073.747571 -1468.661723 -2595.388937 -971.542044 -1221.236475 -808.738210 -662.848529 -1045.156631 -2963.187720 -2250.398907 -1360.772583 -1438.272459 -1758.016027 -1183.256506 -2226.997178 -1199.035966 -1126.755770 -1148.731562 -1340.717367 -1090.757500 -931.117823
-2829.100769 -2089.187253 -1535.788017 -1628.397894 -1982.092906 -2401.079053 -2085.047346 -1103.315785 -1112.222921 -1132.608371 -1070.431513 -1059.780221 -1058.360316 -1024.290621 -1451.911034 -1937.994286 -2011.468636 -2017.434075 -2257.950697 -1281.875947 -1598.923943 -3248.886932 -4185.993616 -3643.374554 -916.287180 -862.288029 -1482.643046 -1231.285065 -1179.121749 -1214.215254 -1393.505287 -1657.580526 -1250.332592 -1094.851916 -1234.960039 -1037.494261 -912.081953 -923.005622 -766.710186 -631.786462 -754.119642 -1780.132438 -1810.318664 -1526.824822 -1122.384353 -1280.237813 -1293.461518 -2001.802336 -1178.272222 -934.768223 -660.396063 -386.283277 9.944652 5.585181
-2772.092516 -2231.154140 -2194.980877 -1652.253444 -2034.548996 -2479.423017 -2282.857236 -1989.392456 -1788.332687 -1358.506322 -1478.299120 -1520.654173 -1661.573523 -1641.470088 -1700.632801 -1898.195021 -2049.951339 -1367.490794 -1809.363580 -1357.016399 -2130.279162 -1599.127695 -937.356418 -859.844112 -1086.572579 -1009.711907 -1708.339885 -1772.567836 -1568.031452 -1457.981799 -1466.559319 -1009.352394 -1066.051976 -913.462506 -753.850379 -1219.018059 -1957.661319 -1335.473884 -692.380636 -677.935071 -744.592217 -785.383572 -802.229175 -964.243806 -757.057424 -836.436919 -1101.579961 -1721.842476 4138.225245 -468.826545 -396.295888 -204.364782 6.025008 -27.223672
-2582.556551 -2224.740148 -2327.301760 -1828.444361 -2253.201992 -2288.997026 -2406.510048 -2549.721128 -2570.661922 -2407.238606 -2483.743077 -2382.703950 -2158.465827 -2250.507055 -1677.583505 -1999.217612 -1331.566110 -1825.748712 -2014.863823 -1501.423269 -1513.595769 -1359.846511 -1540.559158 -1225.053831 -1261.127083 -1783.851791 -2246.991944 -2159.174999 -2154.686094 -1868.851535 -1636.603520 -1003.464681 -1268.816713 -2098.109558 -2782.530974 -2908.374911 -1286.300986 -1051.735510 -872.454566 -1066.678027 -760.331652 -757.946017 -748.750633 -907.970835 -1154.024266 1497.715307 -2051.778844 -1510.299992 -5915.105117 54237.256481 -356.346264 -11.256802 -111748.588593 -118102.156838
-2437.938362 -2206.712300 -2338.535751 -2211.713520 -2350.864561 -2574.203194 -3022.996157 -2479.056752 -1739.624229 -1591.616613 -1867.677628 -3161.360090 -2599.380009 -2460.491000 -1800.700443 -1274.116784 -2110.893831 -2027.122420 -1777.818472 -1794.248680 -1992.767849 -1748.094240 -1146.180486 -1097.389424 -1058.972489 -1465.090252 -2333.468201 -2515.938807 -2382.752914 -2148.741505 -1599.165436 -4046.339774 -5022.395515 -4806.000404 -5333.204106 -3600.982703 -1223.684392 -1608.674867 -702.767450 -888.731942 -738.130707 -772.742954 -847.376787 -1264.871636 -1243.843131 -1059.835025 -2105.482786 -4059.283786 -3697.863617 -669.562279 4.439200 -308975.928387 -112960.188308 -93750.086057
-2379.210593 -2088.222975 -2432.570352 -2506.365545 -2797.900027 -2751.307721 -2838.959052 -2733.427898 -2612.160219 -2316.185190 -2465.482791 -2588.584472 -2705.730388 -2992.351663 -1676.512172 -1984.661634 -2845.056463 -2312.333112 -2185.646531 -2549.717960 -2206.494134 -2117.686124 -1716.753772 -1854.918577 -1398.931789 -2354.756686 -1713.098738 -1408.010755 -2066.329334 -1939.813171 -1404.646012 -1177.142181 -1072.934215 -991.375578 -1030.784244 -1193.253247 -1512.083537 -1791.789125 -700.274899 -842.654962 -770.957132 -769.411917 -951.964009 -1109.455503 -1250.419328 -1824.296537 -1920.871329 -3354.591878 -3385.699708 -803.004236 8.183685 -17.470722 -99.493188 -622436.156079
-2377.027234 -1866.254087 -3028.812453 -2956.583881 -3277.143272 -2922.273497 -3187.933299 -3125.359991 -3067.463481 -2527.249558 -3138.232237 -3122.321122 -3202.947458 -3320.492632 -3000.238458 -2863.993940 -3099.982449 -2497.204873 -3163.332832 -2894.658207 -2625.231978 -2426.880470 -1869.983649 -1490.186579 -1079.240145 -2566.298968 -2171.751475 -1372.380309 -2025.724493 -1447.567848 -1742.562543 -1684.601798 -1350.033113 -1147.435490 -1168.141330 -1197.920674 -1463.853160 -933.847037 -800.250361 -834.812723 -780.733727 -727.385724 -956.302183 -905.258838 -1199.575614 -2125.804429 5387.331597 -2207.185567 -2082.467725 -1412.491361 -557.032787 6.566740 -5.534345 4.102830
-3184.562429 -3292.343976 -3131.540929 -3334.143733 -3325.456844 -3339.889651 -3318.995803 -3220.813100 -3189.730576 -2689.292160 -3192.226160 -3278.299973 -3286.173501 -2744.113562 -3285.390117 -3266.250170 -3240.642814 -3237.675077 -3285.229924 -3198.678136 -2994.102196 -2842.270557 -2547.286678 -1539.130048 -1218.800677 -2296.848607 -1877.128659 -1356.661062 -1552.131278 -1455.295602 -2006.768880 -1930.817151 -1710.683253 -1386.241805 -1375.782154 -1269.285990 -1551.380531 -857.418407 -1074.856113 -737.505965 -729.438392 -688.020256 -882.476052 -1066.533616 -1812.200089 -1796.627585 -869.936229 -1167.840650 -1468.338118 -1323.542958 63783.142500 117590.397929 137131.357809 -438.485395
