geotop_simulations/templates/TEST_Venosta_3D_034_template/rec/SoilPressure0000L0002.old.asc
ncols         252
nrows         194
xllcorner     598250.000000
yllcorner     5144500.000000
cellsize      250.000000
NODATA_value  -9999.0
[rows 48 to 71 of 194, columns 54 to 107 of 252]
-3283.145220 -3103.051511 -3208.649048 -3283.102546 -3318.007995 -3178.146609 -2968.609008 -2816.533348 -2627.230444 -2674.057896 -2709.411735 -2713.976911 -2858.534230 -2659.059337 -2062.743225 -2080.436240 -2241.173342 -2209.504226 -2303.998470 -2392.406097 -736.214860 668.086221 -3303.446923 -3343.382947 -2922.376967 -3421.480486 -3484.854141 -2878.971294 -2818.211935 -2690.196501 -2533.907913 -2696.750745 -3254.335849 -3253.323006 -2970.622696 -3232.310295 -3298.987080 -3413.007052 -3448.315899 -3244.329375 -2883.565191 -2536.715222 -2111.682855 -1232.234195 -1442.840521 -1661.452489 -2150.850513 -2225.659814 -2643.444902 -2930.007262 -3338.255781 -3576.219523 -3707.842298 -3406.855382
-3265.147795 -3077.998114 -3155.168513 -3047.573262 -2795.648866 -2473.492123 -2647.235953 -2930.112296 -2787.537829 -2673.678803 -2676.937259 -2814.147584 -2877.619018 -2721.649820 -1885.630313 -2154.931782 -2052.955993 -2161.670246 -2314.681041 -2421.793169 -3149.338206 562.039036 -3279.644102 -3324.162253 -2869.641096 -3408.998568 -3473.403230 -3506.953112 -2788.782800 -2697.792262 -2583.307507 -2534.926981 -3204.236888 -3217.652392 -3257.118227 -3307.128641 -3368.922405 -3423.857575 -3429.958183 -3372.303351 -3043.913737 -2072.690394 -1819.275869 -1185.945379 -1603.621393 -1942.361108 -2093.013965 -2629.973100 -2925.345988 -2941.262085 -3298.951250 -3690.359494 -3471.232296 -3518.716694
-3169.506587 -3075.533062 -3078.209936 -2545.957162 -2246.066508 -2109.222752 -2890.165234 -3029.294359 -3004.067629 -2911.920612 -2889.058010 -2916.159217 -2938.884773 -2861.695516 -2117.153160 -2035.535998 -2111.690338 -2293.351061 -2429.476222 -2524.017249 -3229.498300 444.059721 -3365.406305 -2961.187429 -2975.008462 -3455.781930 -3013.062337 -2944.233737 -2894.696878 -2835.385139 -2792.780193 -2694.463685 -2375.225417 -3159.182435 -3246.308439 -3270.484863 -3326.568819 -3379.225323 -3405.696602 -3360.869982 -2615.161958 -1723.753568 -1232.336910 -1061.829507 -1223.245799 -2024.546058 -2582.190084 -3006.372030 -2951.308121 -3116.153266 -3186.636229 -3344.066877 -3507.517590 -3500.192924
-2919.264683 -2941.265344 -3024.419319 -2721.720336 -2746.235730 -2936.687783 -2887.529294 -2992.816086 -3030.158648 -2980.548309 -3040.227412 -3061.907691 -2975.248540 -1851.520882 -1968.422606 -2067.967665 -2229.466439 -2403.346343 -2523.853107 -2636.269143 -3289.024460 20.590752 -3013.942576 -3046.078437 -3060.655331 -3139.595324 -3102.742660 -3010.482114 -2868.589582 -2713.074979 -2571.021364 -2452.888066 -2362.580882 -3236.097843 -3403.396763 -3435.182258 -3436.212999 -3458.758738 -3447.323273 -3389.207316 -2750.122897 -2558.365326 -2163.079937 -2354.597579 -2903.186756 -2925.223271 -3139.479755 -3203.601965 -3248.434916 -3288.715669 -3234.588775 -3295.721129 -3473.606325 -1999.991876
-2914.158338 -3036.412525 -3103.758320 -3148.115995 -2802.718371 -2926.579680 -2663.852083 -2685.785191 -2732.049946 -2694.829118 -2781.283849 -2771.856353 -2760.156417 -1880.636542 -2042.676565 -2234.317666 -2419.050354 -2544.287224 -3346.102704 -3366.584833 -3411.414291 1221.766359 253.230096 -3131.209117 -3664.786368 -3199.260651 -3179.272697 -3151.336102 -3137.562060 -3118.576424 -3327.664683 -3349.478004 -3380.889391 -3462.219506 -3530.983542 -3511.365309 -3495.376685 -3467.619542 -3427.356028 -3372.426197 -2884.490846 -2775.206013 -3263.169043 -3045.848622 -3283.070489 -3338.887004 -3506.379883 -3547.331626 -3596.953319 -3386.684325 -3296.371097 -3339.175880 -2507.876244 -1331.427446
-3214.079833 -3263.112114 -3162.012050 -2957.336484 -2454.342569 -2496.744462 -2448.084564 -2493.496012 -2548.464738 -2574.299622 -2712.610215 -2811.613939 -2893.146348 -2526.216999 -2375.864421 -2662.902944 -2857.092055 -2931.254940 -2909.515798 -3518.546058 -3527.902151 12173.420031 5332.141414 2508.109713 -3760.162292 -3770.707866 -3223.702953 -3212.557876 -3224.227478 -3224.288033 -3157.243322 -3094.965170 -3057.036507 -3552.553416 -3536.293953 -3491.179798 -3474.417353 -3477.117064 -3348.438860 -3287.361522 -3285.330110 -3175.172537 -3351.612755 -3402.454347 -3515.175808 -3511.109828 -3550.501468 -3541.478383 -3559.990312 -3518.280276 -3424.353954 -3448.937632 -2437.877155 -1698.690776
-3236.424171 -3231.232826 -3058.495941 -2673.163886 -2434.782961 -2381.851624 -2504.326935 -2628.584337 -2618.213909 -2573.995414 -2959.471544 -2941.226152 -3067.688721 -2751.334794 -2790.749468 -2947.413460 -3045.381371 -3094.905252 -3119.194221 -3163.499919 1734.313977 19436.274448 25540.879529 9602.718823 -3820.608083 -3833.130179 -3276.110605 -3285.504758 -3294.232702 -3266.632201 -3251.323786 -3213.576686 -3219.404911 -3104.478455 -3535.458466 -3476.022814 -3449.334002 -3396.380441 -3311.878401 -3289.989543 -3247.906090 -2899.073860 -3320.432251 -3302.960937 -3511.660039 -3547.970128 -3532.108979 -3529.575742 -3542.385190 -3543.499896 -3546.719805 -2704.396908 -2572.661471 -1798.780604
-2950.762214 -2964.737165 -3125.551149 -3329.801690 -2992.463645 -3066.493345 -3006.512040 -3043.850595 -3263.443170 -3235.307686 -3183.546129 -3194.254474 -3217.594449 -3312.096125 -3075.576535 -3119.370562 -3170.817285 -3185.197271 -3226.673967 -3290.564198 502.356209 13675.325624 2313.377761 5300.603803 -3364.323923 -3359.727672 -3342.630086 -3359.544681 -3356.086654 -3332.213535 -3274.846509 -3261.891848 -3291.859124 -3559.272514 -3490.793142 -4048.987991 -3419.653295 -3357.463884 -3278.140335 -3166.132780 -2797.915396 -2952.570880 -3460.928327 -3532.415294 -3513.630505 -3539.950060 -3524.657666 -3539.653051 -3555.851555 -3558.049314 -3532.997229 -2341.070352 -2001.423992 -1579.593668
-3162.581294 -3341.731303 -3382.223800 -3524.632352 -3594.006487 -3604.958302 -3499.138752 -3467.582548 -3572.553058 -3601.091222 -3575.354747 -3527.846324 -3419.215497 -3396.557699 -3169.795066 -3191.176625 -3234.509299 -3247.637413 -3281.507484 -3359.832582 -3389.252900 9699.186239 1419.798784 25.594034 -3412.952751 -3410.052345 -3406.881113 -3407.596342 -3370.305044 -3300.732836 -3278.621659 -3350.454893 -3369.335557 -3558.163879 -4087.631686 -3442.276770 -3000.624438 -3293.429047 -3255.519526 -3174.334550 -3024.883009 -3339.626334 -3553.244218 -3563.931613 -3543.568762 -3522.474864 -3535.082889 -3573.476305 -3584.806960 -3565.027423 -2668.305504 -1741.200104 -1269.532395 -1236.083261
-3596.531812 -3723.402973 -3633.055310 -3609.388296 -3601.426422 -3610.793099 -3603.498623 -3704.532199 -3661.473695 -3683.824153 -3569.533773 -3583.997224 -3564.977269 -3531.391526 -3260.609778 -3289.891842 -3321.371546 -3441.649058 -3344.745068 -3409.461043 -3967.621137 7537.169909 1219.561093 -4008.564345 -3480.589334 -3474.336399 -4019.390406 -3884.473082 -3372.667141 -3354.339022 -3411.174007 -3449.451232 -3447.325062 -3272.679417 -4066.137638 -3113.846943 -3114.447868 -3212.637527 -2742.807058 -2983.395665 -3509.211655 -3545.815841 -3603.189185 -3604.526095 -3577.899603 -3550.634950 -3562.060531 -3589.368421 -3587.288547 -3563.091120 -3065.785930 -2422.718305 -1307.007306 -1182.667448
-3623.701940 -3654.916020 -3666.950364 -3635.235506 -3623.779967 -3634.617058 -3642.687385 -3649.731870 -3641.012954 -3635.687873 -3647.275798 -3658.744848 -3668.204331 -3318.080703 -3352.782840 -3370.721759 -3534.941782 -3380.090302 -3384.466423 -3450.509674 -3959.820256 6282.036445 3009.001910 -447.850043 -4174.133980 -3533.595847 -3506.710118 -3468.002598 -3444.110252 -3466.006053 -3528.151224 -3510.611592 -3502.294276 -4174.572915 -3345.106208 -3283.290771 -3419.660421 -3412.838367 -3063.315759 -3317.231540 -3567.338428 -3607.125556 -3638.712025 -3644.987988 -3621.110436 -3602.439618 -3588.893094 -3571.703105 -3569.995991 -3316.126862 -2582.233498 -1891.012199 -1630.480023 -1811.174849
-3544.887997 -3563.504988 -3571.306085 -3618.336218 -3664.271130 -3707.572695 -3719.837599 -3721.845113 -3727.208734 -3753.438039 -3749.829076 -3718.805394 -3717.712293 -3409.774507 -3414.439342 -3518.084475 -3385.496070 -3410.962886 -3450.137887 -3513.478871 -3563.150867 3871.685594 4322.233288 -701.152106 -4209.306281 -4213.448432 -4189.389826 -3552.768762 -3567.195705 -3597.194593 -3606.871482 -3573.010161 -4195.878146 -3899.824648 -3299.709093 -3310.317365 -3462.683643 -3460.463944 -3339.606804 -3653.357726 -3613.236717 -3639.236305 -3655.421159 -3657.980967 -3643.617126 -3628.177605 -3612.805212 -3586.315871 -3333.519340 -3186.370870 -2285.388762 -1982.220522 -1889.147076 -1948.470512
-3304.026669 -3228.013284 -3276.119347 -3319.998136 -3378.448128 -3518.814091 -3699.804269 -3760.935429 -3778.532094 -3765.108838 -3774.588148 -3438.831288 -3451.559455 -3558.694732 -3372.197126 -3384.909532 -3408.396129 -3425.757531 -3494.569438 -3564.435396 -3606.343755 17.246997 3106.766402 -4176.960683 -4240.677786 -4264.835932 -4280.064830 -3627.251149 -3653.992988 -4577.569675 -3650.277173 -4401.654351 -4095.483666 -3356.384434 -3235.152441 -3305.918885 -3362.492303 -3045.615108 -3573.963089 -3662.927208 -3685.453884 -3673.448639 -3664.987069 -3670.157063 -3660.591552 -3649.423135 -3620.316753 -3387.113997 -3473.236697 -2724.304620 -2106.733056 -2115.265238 -2442.741884 -2625.767785
-2632.700511 -2620.991308 -2814.243932 -3036.425603 -3215.229758 -3260.825899 -3364.754361 -3592.710672 -3725.446292 -3682.884910 55.663750 -3520.281646 -3470.417811 -3344.736546 -3388.694610 -3460.235115 -3480.627129 -3501.010327 -3555.603829 -3616.727576 -3656.964371 -4166.064970 1241.348123 -4321.424237 -4314.010547 -4300.936093 -4313.902877 -4417.167094 -4486.286560 -4452.177676 -4398.295024 -4253.005856 -3495.128737 -3436.815406 -3395.424668 -3476.466941 -3150.306029 -3625.906042 -3686.672545 -3735.508697 -3721.193256 -3706.645389 -3692.369045 -3690.874926 -3686.174722 -3667.010735 -3610.771457 -3830.308680 -3296.399655 -2640.664347 -2033.454774 -1971.164054 -2320.060146 -1759.532596
-2298.491170 -2263.277631 -2662.076396 -3106.659990 -3289.503808 -3531.276769 -3540.834624 -3563.172931 -3544.292560 -3459.157302 -3436.901819 -3341.263421 -3348.020509 -3390.772541 -3469.362288 -3707.020134 -3548.663001 -3589.363966 -3627.194996 -3690.174267 -3729.296450 -3765.186815 509.031180 -4406.753673 -4407.770370 -4401.481108 -4414.288009 -4448.887568 -4445.696717 -4431.017664 -4406.706738 -4333.120691 -3582.738214 -3537.618636 -3668.821307 -3646.280230 -3953.388601 -3727.932994 -3760.303353 -3756.925021 -3736.306722 -3728.516152 -3718.621487 -3713.702237 -3701.275306 -3662.047344 -4024.151259 -3714.597215 -3375.985595 -2640.478057 -2186.096422 -1925.059672 -2246.800651 -1656.375391
-3333.915365 -3395.570813 -3614.037263 -3914.505374 -4005.235789 -3961.923510 -3772.780965 -3702.117756 -3561.170041 -3489.139338 -3399.286526 -3439.205556 -3463.965015 -3661.179612 -3737.149321 -3869.510734 -3781.602495 -3646.751320 -3688.579040 -3765.915984 -3924.100258 -3837.069059 478.106403 -4492.629448 -4492.972474 -4490.263637 -4482.597875 -4473.727181 -4388.533017 -4268.676252 -4257.102863 -4304.243373 -3619.984334 -3574.056366 -3681.832477 -3700.896856 -3767.046238 -3788.761061 -3785.617405 -3765.942786 -3748.945148 -3745.253104 -3731.602434 -3719.264092 -3687.299090 -4140.620125 -3845.937896 -3132.426536 -2499.191851 -2526.753194 -2402.720001 -2179.425969 -2583.546122 -2311.380824
-3786.722977 -3783.431337 -3861.435054 -4066.492208 -3881.571108 -3880.928949 -3584.756481 -3709.438686 -3593.319717 -3456.370632 -3486.452639 -3697.253703 -3733.878391 -3785.447393 -3827.728086 -3936.559540 -3841.178682 -3722.793520 -3766.686967 -3835.433524 -4006.581308 -3909.883997 442.669483 -4571.720399 -4567.523303 -4559.948894 -4557.615150 -4540.039276 -4397.114219 -3701.623852 -3639.734651 -3600.151985 -3569.709786 -3559.382020 -3562.350805 -3774.658691 -3810.324207 -3816.610878 -3814.442134 -3792.569135 -3775.596375 -3766.940362 -3736.207991 -3702.827973 -4203.885526 -3916.959276 -3268.931257 -2925.805380 -2565.773670 -1741.024989 -2407.846497 -2094.756384 -2332.378244 -3249.737429
-3931.659740 -3828.794619 -3840.187998 -3885.613903 -3934.672334 -3910.563270 228.784834 -3564.587193 -3453.305225 -3629.508792 -3643.281226 -3688.938453 -3780.689755 -3876.323735 -4000.207904 -3933.047257 -3940.206749 -3818.114774 -3864.692797 -4044.436890 -3952.823345 -3975.121911 417.463389 -4649.605660 -4644.214022 -4635.482574 -4641.910937 -4617.186889 -3819.780546 -3766.464592 -3702.920631 -3631.597261 -3597.652333 -3615.170551 -3647.270621 -3851.261024 -3846.112431 -3846.123245 -3844.861085 -3808.413607 -3790.616728 -3770.481853 -4403.011524 -4225.708204 -3956.841439 -3243.550087 -3177.076434 -2718.502457 -2097.346188 -2419.086479 -2619.852951 -2501.806326 -3186.055804 -3371.648961
-3984.872852 -3763.099324 -3798.911811 -3843.671372 -3857.285327 616.538272 -3355.225371 -3612.613447 -3641.826380 -3676.387096 -3730.799472 -3808.310795 -4053.822450 -4189.166946 -4124.230699 -4028.835807 -4036.688416 -3904.605140 -3956.261946 -4175.382613 -4051.928547 -4046.990597 399.797157 -4724.699050 -4710.116371 -4702.549957 -4705.648799 -4675.364212 -4599.639604 -3823.960227 -3773.571218 -3730.776532 -3718.304455 -3728.826130 -3728.095608 -3699.352924 -3681.682137 -3875.396194 -3862.114437 -3827.389997 -4515.419079 -4419.885820 -4204.959194 -3966.907741 -3319.108230 -3258.681490 -3014.589329 -2586.963110 -3134.082895 -3165.329511 -3348.451324 -3310.579915 -3462.498625 -3448.298756
-4146.783602 -3816.518800 -3820.948922 -3798.055341 -3710.806043 -3644.680429 -3657.330822 -3711.300094 -3757.063390 -3843.333503 -4174.024555 -4249.220647 -4288.914406 -4304.317513 -4088.549030 -4099.902479 -4124.647917 -3982.102673 -4021.815449 -4232.751015 -4119.434206 -4840.435998 396.963633 -4781.303369 -4775.229122 -4778.130786 -4763.474765 -4751.288731 -4716.143156 -3881.051258 -3826.852845 -3808.481919 -3800.115201 -3787.523487 -3772.972555 -3751.439366 -3729.455946 -3729.446278 -4624.159716 -4520.287018 -4344.447580 -4152.907293 -3899.804181 -3354.505226 -3329.939156 -3194.413556 -3364.332313 -3337.900148 -3334.585480 -3425.723043 -3532.782811 -3668.493121 -3636.111919 -3708.730492
-3887.844186 -3905.365113 -3885.280496 -3790.041749 -3699.994257 -3692.753800 -3723.175099 -3749.915745 -3846.120858 -3995.578561 -4329.515854 -4346.183789 -4110.302110 -4144.905338 -4151.283556 -4162.128245 -4025.580496 -4048.866433 -4077.408406 -4111.586751 -4190.321406 -4877.400420 20.914782 -4848.390458 -4846.961663 -4847.544796 -4824.264105 -4798.910817 -4783.935013 -3936.382518 -3882.937324 -3867.231812 -3853.884000 -3832.992098 -3820.440454 -3789.952804 -3767.046588 -4617.572441 -4486.436594 -4195.503630 -4001.543552 -3463.107034 -3355.083717 -3276.687876 -3136.703675 -2903.015890 -2760.759766 -3392.601766 -3465.434511 -3579.522471 -3617.627346 -3619.745770 -3607.720819 -3602.404747
-3885.705516 -3914.036049 -3869.340258 -3775.525729 -3748.461115 -3765.282791 -3783.506897 -3843.473120 -3958.397596 -4281.826358 -4107.719396 -4139.601842 -4173.413406 -4207.922468 -4225.225251 -4246.349698 -4287.537328 -4143.248722 -4159.353343 -4189.302716 -4227.406337 -4944.477321 -4473.532902 -4918.832528 -4900.705269 -4877.468735 -4840.551581 -4805.101920 -4799.388938 -4754.822554 -3935.281320 -3916.960259 -3905.564554 -4824.836332 -4804.938860 -4694.053677 -4547.959512 -4371.436078 -4099.886236 -3532.251601 -3443.484896 -3365.074150 -3348.099889 -3254.096855 -3031.234706 -3306.461111 -2571.018985 -3460.899553 -3601.030110 -3653.200912 -3648.712035 -3632.944362 -3623.179459 -3616.573590
-3884.251994 -3894.869792 -3875.857602 -3863.135683 -3845.075196 -3838.549426 -3881.956928 -3978.708139 -4279.841409 -4308.010854 -4156.177733 -4204.377248 -4241.826602 -4273.314173 -4306.568346 -4155.899072 -4205.050046 -4231.162967 -4251.084634 -4428.999893 -4288.110497 352.060777 135.227365 -4965.238306 -4940.090015 -4905.578602 -4868.843653 -4844.839621 -4818.779714 -4781.337965 -4737.388968 -4807.491965 -4866.973844 -4843.837242 -4742.998134 -4481.488906 -3714.145755 -3637.497875 -3562.093708 -3489.961147 -3387.857659 -3323.048582 -3254.465336 -3213.210274 -3430.741559 -3442.084874 -3524.182428 -3620.071785 -3669.842947 -3679.353364 -3654.846622 -3637.394556 -3632.969110 -3637.114686
-3888.568171 -3936.624871 -3948.960834 -3949.725777 -3976.024455 -3995.687650 -4022.229950 -4076.848520 -4388.200456 -4397.252925 -4499.635739 -4234.656249 -4294.150106 -4338.910668 -4141.919718 -4228.538918 -4279.332389 -4305.100940 -4321.681480 -4317.152691 -4343.593994 322.734618 190.301242 -5019.512876 -4990.007240 -4959.627724 -4933.655601 -4900.748688 -4853.107477 -4822.873999 -4820.265547 -4004.978329 -4791.166635 -3855.944670 -3767.417027 -3702.987717 -3668.188483 -3616.846449 -3533.125344 -3433.638520 -3384.480107 -3279.354455 -3411.498503 -3387.317058 -3417.285599 -3557.564663 -3658.656877 -3699.098734 -3697.737018 -3680.280604 -3663.055177 -3651.602070 -3654.802381 -3662.981811
