geotop_simulations/templates/TEST_Venosta_3D_034_template/rec/SoilPressure0000L0004.asc
ncols         252
nrows         194
xllcorner     598250.000000
yllcorner     5144500.000000
cellsize      250.000000
NODATA_value  -9999.0
[rows 24 to 47 of 194, columns 54 to 107 of 252]
-9999.0 -9999.0 -9999.0 -9999.0 -9999.0 -9999.0 -3507.078007 -3543.463306 -3483.752551 -3496.935063 -3518.196550 -3528.134229 -3561.761948 -3744.471757 75.117632 4227.833197 -1874.829029 -1848.327776 -3667.842428 -3671.406336 -3625.693691 -3547.200801 -3326.920487 -3268.165136 -3445.096116 -3549.312257 -3530.470883 -3563.038865 -3541.904912 -3560.669229 -3560.007734 -3533.949792 -3564.819018 -3589.081911 -3595.097268 -3630.372996 -3616.910645 -3618.526487 -3582.416562 -3605.776261 -3664.581238 -3720.847251 -3338.512750 -3469.576568 -3433.072548 -3401.254089 -3418.238941 -3444.329436 -1389.973197 -1364.646495 -3553.060256 -3533.481668 -3548.814477 -3265.657959
-1444.964057 -1494.248476 -1500.154735 -3455.519995 -3485.912719 -3524.232327 -3594.840688 -3633.943970 -3533.161633 -3529.287011 -3564.429162 -3618.208179 -3587.956589 -3758.965004 -387.195484 8868.263707 1198.342562 -1850.997007 -3690.758281 -3691.901613 -3589.335570 -3379.042551 -3273.540287 -3385.014454 -3224.348889 -3251.925657 -3262.123046 -3251.292271 -3256.974837 -3295.193346 -3309.396720 -3310.791152 -3288.591692 -3346.590424 -3351.385430 -3092.870944 -3362.341609 -3381.895265 -3323.856165 -3455.528977 -3470.948684 -3433.512589 -3405.162343 -3443.469687 -3475.632652 -3419.496212 -3418.719241 -1365.347905 -1376.883624 -1355.737767 -3173.910792 -3204.378135 -3218.640435 -3263.346258
-1563.547725 -1584.976847 -1579.060997 -3481.767115 -3575.734596 -3563.598602 -3551.295219 -3597.995615 -3593.417034 -3557.302140 -3549.653762 -3558.272716 -3611.503226 -3542.762053 -3717.936631 4925.586449 6438.105271 -1840.657840 -3707.955298 -3720.819177 -3659.088700 -3365.604186 -3146.944776 -3348.221774 -3416.211668 -3428.367169 -3414.548425 -3407.962111 -3398.234449 -3408.719075 -3403.235036 -3403.747880 -3406.679226 -3456.327125 -3383.578757 -3396.900362 -3419.991074 -3367.941857 -3405.277795 -3669.769815 -3568.431998 -3115.766705 -3004.939831 -2964.707927 -2635.999204 -2405.362575 -3370.156413 -1251.996450 -1217.460840 -3389.367889 -3456.531677 -3387.398571 -1141.340582 -1205.456155
-3529.168699 -1602.096112 -3533.424424 -3546.197825 -3564.868133 -3574.991090 -3564.538000 -3472.459841 -3442.411557 -3609.705792 -3546.168992 -3549.935201 -3533.101124 -3568.956751 -3581.720202 -83.099561 6963.781448 7076.604270 -1874.146471 -3743.401164 -3690.358200 -3528.966986 -3242.901213 -3551.777172 -3404.558305 -3254.633148 -3608.081879 -3368.755061 -3225.671126 -3237.802647 -3242.003656 -3444.208048 -3439.435903 -3487.518343 -3361.716308 -3744.886176 -3750.845793 -3730.032761 5599.609195 -3684.182525 -3439.874180 -3353.138773 -3356.196240 -3280.111799 -3249.698137 -1365.404344 -1338.692202 -1252.230832 -3374.570366 -3334.082992 -3163.131128 -3133.876535 -1059.392199 -1032.117517
-1559.636634 -3473.420173 -3441.008586 -3427.186172 -3446.294263 -3463.129583 -3456.889215 -3436.123601 -3429.623739 -3427.101874 -3443.839143 -3461.613300 -3462.222678 -3453.098602 -3442.228773 -3522.741436 5093.647458 13068.270690 10064.355323 -1867.928508 -1830.076216 -1704.105070 -3480.273277 -3537.773000 -3531.454953 -3530.489136 -3551.866843 -3543.500490 -3418.608021 -3473.718481 -3447.908613 -3589.090609 -3580.641832 -3593.384453 -3525.877469 -3758.033821 -2607.113292 7305.593489 -2500.178489 -3465.955023 -3561.786997 -3418.215090 -3378.453073 -3377.490723 -3400.657547 -3517.870092 -3496.785841 -3485.304054 -3457.626924 -3301.078550 -1098.247573 -1062.538290 -1076.469045 -1044.169779
-1574.246265 -3406.797864 -3424.046250 -3442.385399 -3478.553921 -3510.223888 -3462.311955 -3434.136463 -3594.796368 -3456.371252 -3389.286150 -3374.850887 -3377.205685 -3400.607619 -3420.637754 -3615.471375 233.065469 12902.838633 17914.433094 7653.219620 -1898.506490 -1828.270066 -3299.970303 -3331.994866 -3342.401288 -3333.836136 -3310.926129 -3299.602518 -3097.160545 -3512.649087 -3398.469454 -2962.226896 -3091.315072 -3240.497338 -2972.417586 -2955.261563 -2498.957537 -2430.548274 -2397.058621 -2369.616091 -2693.274782 -3118.357942 -3289.207284 -3320.160674 -3316.115629 -3312.986337 -3633.451861 -3613.123004 -3577.256958 -3426.059187 -3413.965480 -1430.314724 -1419.477594 -1245.722037
-1579.110370 -1632.681732 -3205.035546 -3252.305558 -3276.843461 -3304.028746 -3218.463514 -3510.817855 -3259.435795 -3280.001304 -3511.464645 -3468.574217 -3445.216686 -3518.008811 -3374.753228 -3514.490904 174.543239 17858.890085 20321.380935 16567.611735 1449.311345 -1946.500856 -1908.311694 -3771.126062 -3796.342142 -3589.301187 -3413.504712 -3392.506907 -3451.890375 -3667.317771 -3679.843347 -3522.379781 -3452.267850 -3200.186344 -3131.903395 -2757.456332 -2937.306728 -2913.483397 -2833.846556 -2902.508157 -3062.937495 -3403.175700 -3290.592924 -3453.357510 -3513.452188 -3514.099902 -3509.637533 -3501.268034 -3564.888945 -3674.824109 -3636.138100 -3461.269057 -3497.762982 -1453.305000
-1551.430823 -1623.930603 -3612.619869 -3625.445846 -3625.604861 -3550.383772 -3736.271082 -3669.683018 -3575.797391 -3482.622051 -3655.357398 -3659.519572 -3545.786573 -3557.966886 -3562.138332 -3560.651051 -3577.293095 11216.004203 19088.662732 19567.588537 13999.351656 814.429596 -1968.791050 -3731.233514 -3751.598040 -3747.038015 -3733.588985 -3387.537404 -3433.237350 -3274.742314 -3584.226520 -3627.754119 -3608.579684 -3341.297504 -3441.439815 -3468.168808 -3458.064995 -3367.268683 -3391.545965 -3403.511677 -3461.789611 -3481.610374 -3481.802073 -3451.447402 -3478.279605 -3395.287980 -3542.550035 -3552.468536 -3379.566771 -3459.098817 -3379.367278 -3341.154288 -3273.344153 -3350.695285
-3413.577350 -1593.842166 -3464.661438 -3492.196914 -3701.180901 -3421.675763 -3571.259954 -3378.183954 -3418.592001 -3569.578962 -3495.621921 -3404.832123 -3534.546542 -3409.518183 -3583.220448 -3434.321265 -3448.149297 1595.344536 10696.344176 19133.138938 19134.232836 11477.175585 5038.211307 -3649.537372 -3650.436604 -3490.868103 -3433.744319 -3215.056161 -3118.537349 -3025.420769 -2932.717708 -3060.440458 -3034.927180 -3080.735351 -3157.761429 -3029.287371 -3191.767552 -3195.129403 -3245.040525 -3241.151557 -2948.846092 -3063.308163 -2692.589364 -2478.169476 -2286.993179 -3245.391107 -3332.968053 -3451.241748 -3494.971179 -3369.609204 -3338.798931 -3330.078804 -3339.504610 -1254.705819
-1565.710712 -3185.602298 -3201.930664 -3287.507963 -3607.270011 -3315.719775 -3507.145033 -3518.755001 -3421.865928 -3442.124791 -3545.743140 -3549.753946 -3423.193386 -3423.579272 -3011.219336 -3491.832708 -3356.646341 -564.291643 9943.872064 12755.179028 21026.601577 11356.579196 9369.726816 -3166.284756 -3285.283702 -3206.918702 -3143.998808 -2598.647832 -1312.051256 -1225.292367 -2584.009612 -2640.669488 -2653.016776 -3024.284350 -2924.191188 -2541.091781 -2851.702629 -3094.238472 -3155.740697 -2298.304131 -2899.853941 -2751.813827 -3108.120832 -2951.097415 -2751.012139 -3018.651605 -2696.438165 -2817.118193 -3335.170632 -3280.255889 -3261.358202 -3243.809816 -3156.742501 -1108.086961
-3172.035061 -3172.569326 -3163.494298 -3164.706670 -3372.698418 -3219.820312 -2443.752350 -2628.440151 -3214.227693 -3205.255845 -3182.248642 -2573.212594 -2574.725151 -2619.045738 -2582.148811 -2457.605368 -2487.202872 -2689.549206 10274.799426 28864.474270 27741.304933 14207.365023 4208.437120 -3322.795432 -2707.826181 -2465.137318 -2309.058782 -1936.762212 -1280.943359 -1705.791398 -1139.171516 -1118.805659 -1209.303112 -1287.590195 -1965.851387 -1997.619137 -1550.508841 -1615.018579 -1625.493952 -2622.094081 -2578.088354 -3015.494496 -3014.405744 -2198.225600 -3052.109749 -2831.678230 -1955.655968 -1139.817317 -1269.362594 -2653.341438 -2522.964117 -2389.406147 -2305.035469 -1500.924061
-3193.914460 -3210.954461 -3185.598486 -3090.584298 -3113.664509 -3113.811357 -2260.543504 -2461.735719 -3178.228457 -3177.668115 -3152.877243 -2386.890432 -2457.906949 -2507.379723 -2477.447082 -2458.176912 -2451.013116 -2513.072093 813.910468 22744.651506 32438.968967 23882.506368 4131.840795 -1680.096566 -2629.829708 -2415.808739 -2245.284005 -1804.700379 -1244.451793 -1763.699766 -1141.620874 -1165.738856 -1212.492328 -2186.927470 -2193.898344 -1825.169517 -2145.903891 -2155.540380 -2397.766868 -2486.364402 -2354.687202 -2733.870442 -3045.528424 -2094.224536 -2116.724192 -2837.269324 -2278.496670 -1135.959980 -1111.805538 -1254.698629 -2246.404513 -2009.698837 -1709.179628 -1408.458789
-3185.026419 -3189.907664 -3043.158702 -2821.546085 -2831.075004 -1863.482027 -2093.422803 -3055.554983 -3131.277175 -3129.126780 -3109.122531 -3072.041601 -2242.710795 -2332.520848 -2307.691196 -2369.964036 -2412.277675 -2418.500214 -1813.879302 17219.656316 38618.552890 28152.252532 6986.267620 -1629.055550 -3084.125623 -2349.802573 -2162.718770 -1786.195799 -2248.884649 -2057.851450 -1896.769670 -1276.851900 -2350.420962 -2214.310779 -2081.310367 -1901.370499 -2337.193551 -2427.395608 -2722.101780 -2614.787714 -2350.401199 -2319.177718 -2925.497382 -2852.404070 -2713.903076 -2649.619102 -2414.639773 -1735.993218 -1081.029993 -1111.542134 -1508.303748 -1582.920381 -1306.125427 -1109.014264
-3145.230510 -3143.997186 -2709.164674 -1583.152955 -1572.577326 -1622.568642 -2010.530215 -3020.280366 -3053.331370 -3040.056129 -2980.835718 -2921.922929 -1908.319429 -2044.895944 -2103.189054 -2179.679674 -2237.430983 -2296.953197 -3025.804450 11358.858332 21847.998452 29371.713381 9363.117881 -1580.417330 -2821.402773 -2811.947668 -1992.677108 -1706.276784 -2432.881889 -2237.534360 -1237.319351 -1332.445141 -2515.663223 -2304.465920 -2021.360625 -1970.711475 -2338.642263 -2458.871391 -2810.839451 -1277.772286 -1218.263597 -1959.611048 -2467.575098 -2756.500880 -2559.961292 -2557.678253 -2390.265853 -2249.913586 -1162.079295 -1085.634835 -1087.688357 -974.926043 -1081.859650 -1515.719922
-3378.770551 -2888.440677 -1509.998267 -1445.098778 -1427.414318 -2542.119541 -2702.086042 -2774.013957 -2703.589641 -2761.560830 -2825.911839 -2780.242359 -1693.629137 -1824.541374 -1919.876751 -1984.866082 -2026.810055 -2122.859882 -2264.380941 5194.869518 19099.906371 27724.121230 8021.496986 -1548.787165 -2730.558644 -2736.308496 -1832.895082 -1684.704396 -1535.498357 -2379.878215 -1330.925758 -1461.031600 -2834.926277 -1290.788029 -2206.397770 -1837.382669 -2035.531596 -2241.552855 -2707.733505 -2629.790062 -1258.356118 -2059.256444 -1971.649708 -2644.701688 -2396.360314 -2383.661545 -2180.347445 -2181.506562 -1245.237872 -1099.243833 -1041.148868 -904.544121 -1028.009834 -1348.774969
-3095.851645 -1541.848303 -1428.209030 -2201.359264 -2279.958799 -2301.102087 -2338.583664 -2423.962432 -2469.196755 -1252.665342 -2627.825399 -2613.744957 -2596.926429 -1601.003179 -1705.004137 -1770.522078 -1849.845609 -1925.545058 -2052.548000 4357.584030 21978.372713 27403.596452 6532.917944 -1526.241894 -2673.828821 -2704.994570 -1873.960368 -1684.228205 -2626.900168 -2722.781618 -1430.231467 -1473.216897 -1464.374842 -2811.216995 -2444.094430 -1674.719428 -1775.195418 -2069.568443 -1282.185611 -1290.040851 -2462.846439 -1968.104169 -1551.979194 -2397.813352 -2294.614339 -2087.820204 -1999.296156 -1258.557333 -1287.102153 -1090.697422 -959.882530 -813.689083 -983.032600 -1217.465115
-2795.587755 -1507.825362 -2334.263203 -2221.748832 -2049.623406 -1899.757118 -1184.128945 -2123.149116 -1368.584058 -1315.127925 -1294.805221 -2525.875417 -2449.888304 -2418.857428 -1477.950347 -1561.246864 -1665.194550 -1733.729510 -1854.514342 2839.738949 26244.857670 27004.949740 6118.435699 -1533.005155 -2629.452579 -2660.815431 -1843.343260 -1803.736502 -1820.757708 -2769.843175 -2781.047044 -2855.333207 -2766.714368 -2673.424697 -2672.001346 -2108.338803 -1647.312036 -1658.456126 -1206.428794 -1206.600327 -1198.212966 -1733.189981 -1494.893765 -2138.572121 -2120.565186 -1853.952861 -1247.587270 -1244.611571 -1213.963355 -1051.218573 -830.204887 -724.786142 -822.854063 -1027.383493
-2767.305762 -1525.227270 -2275.295022 -2034.427893 -1768.797033 -1577.714570 -1139.108468 -1823.189684 -2567.744470 -1307.515982 -1243.320808 -1240.001720 -2304.199726 -2274.739785 -1343.996838 -1416.688642 -1501.922005 -1567.513726 -1726.183963 614.114287 10276.014397 23390.651974 5633.528049 -1484.013992 -1379.364078 -2604.866849 -2672.778710 -1699.827707 -1702.430836 -1703.570077 -1704.473467 -2758.798037 -2593.945098 -2495.359564 -2532.603686 -2448.816670 -1846.016603 -1149.792246 -1160.951342 -1143.406561 -1133.941961 -1153.416859 -1174.477072 -2275.030888 -2482.073816 -2214.959816 -1276.954768 -1216.450298 -1143.330169 -1065.005326 -795.290219 -626.207763 -702.408081 -1022.355340
-2789.475570 -2432.914808 -2261.835178 -1927.615060 -1632.073529 -1414.679508 -1110.605336 -1124.710471 -2246.107140 -1231.441142 -1194.820991 -1160.527260 -1622.993885 -1924.548954 -1873.057203 -1338.014015 -1416.900200 -1472.482793 -1653.895337 92.183515 10072.235232 19177.775383 2393.459259 -1494.150837 -2577.490620 -2606.012650 -2649.163910 -2614.042974 -1631.348493 -1495.671912 -1477.843512 -1568.971579 -2644.697487 -2435.506632 -2466.562421 -2481.126326 -2592.511130 -2684.673893 -2571.641187 -2375.315469 -2165.237292 -1232.683592 -1229.829240 -2110.888331 -2477.710446 -2100.565517 -1828.540379 -1689.251627 -1417.190330 -1349.717919 -939.398333 -708.053214 -736.965582 -945.814315
-2749.621119 -2339.680236 -2271.491651 -2141.929857 -1753.892508 -1355.686072 -1066.106385 -1063.947655 -1139.912324 -1179.044705 -1173.672805 -1163.836124 -1186.471015 -1765.841132 -1707.676996 -1841.667511 -1395.936716 -1473.984578 -1646.155986 -1044.294887 5948.754124 13299.377281 3361.719554 -2231.146050 -2121.625155 -2492.678328 -2240.545254 -2058.808633 -1264.583811 -1237.036267 -1715.058116 -1758.239568 -2257.676039 -2366.659654 -2129.921195 -2280.058240 -2399.244005 -2431.847840 -2577.796805 -1423.679356 -2864.424190 -1383.162530 -2259.661066 -1904.526776 -1362.349649 -1178.450583 -1256.593151 -1257.110857 -1245.066044 -1197.417976 -1093.163479 -1062.458264 -1038.711236 -1056.077271
-2618.524540 -2205.776051 -2268.666897 -2290.848577 -2183.347272 -1659.573906 -1197.999868 -958.710363 -1054.006161 -1131.132677 -1169.440972 -1185.249057 -1229.242972 -1892.587549 -1930.829972 -1401.745181 -1432.708484 -1536.830004 -1691.650385 -1880.794991 1477.855245 8635.371442 -384.613611 -2055.601832 -1962.229276 -1732.851830 -2215.563461 -2227.666724 -2434.498620 -1393.206121 -1453.979147 -1424.385561 -2399.741627 -1206.402189 -1367.643067 -1350.412621 -1407.094337 -1124.953451 -1171.279492 -1362.683078 -1414.698819 -2740.760423 -2091.943709 -1742.442908 -1307.074372 -1066.890551 -999.578944 -1074.736690 -1325.201227 -1376.500085 -1038.647121 -1222.092345 -1153.966602 -1134.573385
-2576.960447 -1965.114148 -2064.209978 -2291.140646 -2002.826733 -1741.466676 -1145.617779 -1087.185864 -1028.491248 -1099.003512 -1148.316531 -1188.288954 -1235.264872 -1730.857619 -1737.522384 -1298.285354 -1331.426500 -1431.135329 -1561.507309 -1712.704741 49.867723 3089.015035 -2457.065049 -2481.963662 -1957.167386 -2478.709598 -2437.180871 -2431.491376 -1373.948685 -1372.193850 -1345.822023 -1330.792107 -2146.548978 -1178.720500 -1497.320844 -1252.268118 -1232.433991 -1099.802451 -1174.543456 -1208.068432 -1265.653434 -2440.553717 -2005.297817 -1839.606705 -1309.929773 -1086.473612 -1264.410312 -1177.115799 -1285.029623 -1143.339388 -1137.289975 -1243.285363 -1206.751724 -1266.189639
-2420.010127 -1765.196763 -1744.194446 -1869.058338 -1887.134023 -1971.422414 -2084.967851 -2269.114985 -1240.986352 -1175.470845 -1200.458966 -1244.557582 -1663.473335 -1621.719038 -1610.640589 -1197.940793 -1288.906304 -1394.960790 -1497.272151 -1614.451713 -427.366216 908.330698 -2457.414526 -1994.969617 -1953.562148 -2507.150429 -1700.889172 -2481.596486 -1411.456584 -1410.533386 -1371.215316 -2330.557911 -2433.785942 -1287.396790 -1227.874779 -1591.356969 -1488.122803 -1564.323536 -1215.057062 -1207.199116 -1243.597479 -2213.612196 -1579.064992 -1190.479379 -1235.696122 -1160.699694 -1361.987121 -1327.774576 -1217.215078 -1214.770321 -1203.360068 -1247.671345 -1300.091195 -1332.872176
-2385.510046 -1872.907114 -2069.002376 -2210.428866 -2355.425174 -2479.629968 -1288.843995 -1306.167127 -1264.652019 -1266.929121 -1262.279034 -1684.816222 -1658.410482 -1553.786471 -1220.969638 -1195.785709 -1268.613619 -1347.043005 -1582.101975 -1558.829431 143.502781 543.285158 -2435.889290 -1954.977578 -1892.545905 -2408.445701 -1706.556344 -1667.871987 -1593.060861 -1490.058566 -1488.895852 -1421.909075 -2553.029631 -2531.670987 -2332.426118 -2089.298334 -2064.085524 -1281.157152 -2341.368603 -1212.513169 -1241.407879 -2130.463378 -1327.276828 -1006.574507 -1099.651244 -1228.731781 -1310.325713 -1174.975282 -1245.812907 -1279.474965 -1285.415640 -1340.092815 -1364.959453 -1381.249678
