geotop_simulations/templates/TEST_Venosta_3D_034_template/rec/SoilTemperature0000L0006.asc
ncols         252
nrows         194
xllcorner     598250.000000
yllcorner     5144500.000000
cellsize      250.000000
NODATA_value  -9999.0
[rows 84 to 111 of 194, columns 186 to 247 of 252]
8.308278 8.189013 1.011386 0.883290 0.926386 1.146465 1.046315 1.275103 2.223335 2.452170 2.600928 3.539128 4.402392 4.749276 4.173663 3.262710 2.195569 1.366400 0.319694 -0.018048 -0.035959 -0.145617 -1.061247 -0.012714 -0.245902 -0.227181 -0.225052 -0.224090 -0.230953 -0.243332 -0.241880 -0.236846 -0.262405 -0.016092 -0.009176 -0.019461 -0.016618 -0.268487 -0.335820 -0.005612 -0.478808 -0.188818 -0.135518 -0.113196 -0.006925 -0.002064 0.654088 0.974083 0.952238 1.558992 3.391790 4.030438 3.476830 3.786315 10.415416 11.115640 -9999.0 -9999.0 -9999.0 -9999.0 -9999.0 -9999.0
6.450597 5.940660 -0.006474 5.200667 6.699809 8.449233 1.149820 1.136602 1.881495 2.334324 2.713088 0.155518 3.236474 3.655882 4.900692 4.024152 2.378538 1.181254 -0.010783 -0.018652 -0.026474 -0.114316 -0.010866 -0.297897 -0.239583 -0.240228 -0.236552 -0.230041 -0.241584 -0.256943 -0.249915 -0.257002 -0.346818 -0.177458 -0.373434 -0.563446 -0.839314 -0.781153 -0.303780 -0.477136 -0.763959 -0.114484 -0.116494 -0.120109 -0.002924 0.295213 0.793264 1.056472 0.603155 2.814946 3.754249 4.471441 3.781968 3.975481 11.132325 4.071105 4.055188 -9999.0 -9999.0 -9999.0 -9999.0 -9999.0
4.035876 4.375451 5.072477 5.990821 7.363329 8.511389 1.135387 1.017135 1.342177 1.679275 2.130642 -0.155504 -1.007874 2.931822 4.111103 4.290867 2.868521 1.435847 -0.010223 -0.022774 -0.039652 -0.115518 -0.008814 -0.011353 -0.258768 -0.248516 -0.237192 -0.246898 -0.271826 -0.277921 -0.350186 -0.370677 -0.007978 -0.693571 -2.039935 -1.955553 -0.787171 -0.636725 -0.469976 -0.129958 -0.113114 -0.067605 -0.032192 -0.003698 0.007966 0.435429 0.828633 0.979071 0.227874 0.815416 4.239037 3.588263 10.239078 4.081066 4.155859 4.140874 4.088728 3.765785 -9999.0 -9999.0 -9999.0 -9999.0
4.140541 4.934249 5.727778 6.377748 7.235745 0.710880 0.790682 -0.004142 0.600341 1.056283 0.724542 -0.164607 -1.318894 3.256307 2.703834 4.246489 2.802564 1.504986 -0.004358 -0.021994 -0.036339 -0.146477 -0.829297 -0.006673 -0.270740 -0.255232 -0.234792 -0.265626 -0.302088 -0.366966 -0.020079 -0.193590 -0.369193 -1.999413 -1.828925 -1.703429 -0.584707 -0.336602 -0.229684 -0.111362 -0.069919 -0.024448 -0.022446 -0.004005 0.444836 0.817607 0.817191 0.069352 0.233889 4.016313 3.318003 3.796951 4.054140 4.199593 4.222068 3.769802 3.743036 4.001805 -9999.0 -9999.0 -9999.0 -9999.0
4.600714 5.132594 5.440026 6.056074 7.041887 0.392702 -0.017055 -0.016733 -0.013763 0.587084 -0.188216 -0.935726 -0.158309 2.009627 1.592322 1.849691 2.783839 1.081743 -0.005163 -0.019912 -0.048617 -0.107034 -1.934016 -0.007056 -0.286449 -0.259665 -0.247317 -0.344294 -0.026728 -0.023608 -0.868257 -1.941213 -2.068837 -1.748840 -0.779475 -0.939120 -0.173732 -0.975795 -0.105254 -0.028876 -0.018402 -0.018713 -0.007721 0.361216 0.813280 1.287337 1.369869 0.084678 3.166511 3.062487 9.609177 8.195074 8.281571 3.754264 3.773188 3.727870 3.906584 3.854530 4.613550 -9999.0 -9999.0 -9999.0
3.231760 3.673939 4.766908 6.018021 6.820264 6.263673 -0.014847 -0.011122 0.178769 -0.003830 -0.009000 -1.292881 -1.543247 0.259877 0.791742 1.271280 1.475658 1.092249 0.777074 -0.020724 -0.041845 -0.077015 -1.864843 -0.014933 -0.311460 -0.270045 -0.269199 -0.396629 -0.224560 -1.857503 -2.084766 -1.930110 -0.747266 -0.652540 -0.620778 -0.666039 -0.532937 -0.032689 -0.025340 -0.014513 -0.014660 -0.011538 -0.001289 0.794252 1.264542 1.689352 1.742804 3.016320 3.918288 3.346038 3.466198 3.630180 8.293776 3.708609 3.725811 3.565481 3.756781 3.633522 4.264724 3.835168 -9999.0 -9999.0
4.328146 3.603224 4.427811 5.499572 5.899882 5.213478 4.739520 5.552981 -0.002563 0.083830 -0.003812 -0.006081 -0.188671 -0.010334 1.508590 1.838825 0.681984 1.941522 1.086499 -0.018337 -0.033411 -0.095763 -0.814285 -0.248269 -0.056764 -0.358345 -0.340881 -0.310834 -0.711372 -2.086603 -1.896958 -0.767949 -0.587567 -0.472331 -0.429419 -0.446726 -0.403877 -0.014533 -0.017527 -0.011732 -0.005197 0.083265 0.245375 1.095779 1.727158 2.100590 3.382676 3.859815 4.388593 3.433025 3.534069 8.193530 8.273551 3.636604 3.584381 3.694577 3.544964 4.323373 3.868549 4.987433 3.007199 -9999.0
4.928373 4.794887 4.874687 5.339328 5.334156 4.716311 4.614626 5.201498 -0.007982 -0.017249 -0.014915 -0.003362 -0.003118 -0.005304 0.708916 1.503113 1.378620 1.162703 1.297124 -0.009396 -0.029748 -0.044753 -0.138151 -0.585770 -1.733517 -0.290468 -0.343832 -0.469617 -1.959859 -1.943986 -1.732138 -0.698694 -0.453433 -0.307170 -0.238828 -0.205810 -0.208810 -0.012124 -0.010603 -0.003370 0.082782 1.634259 2.089431 2.535208 2.991787 3.451099 3.896756 3.285671 3.609366 3.422940 3.517587 3.561744 3.576148 3.564946 8.149658 3.620687 4.392755 3.931704 4.767207 4.626908 2.574601 2.227799
5.559237 5.051640 5.843343 5.751594 5.012213 4.002834 4.062926 4.712967 5.430513 -0.009532 -0.016661 -0.008152 -0.003405 -0.003192 0.640434 1.015099 -0.003497 0.692613 1.397127 0.570306 -0.025551 -0.049581 -0.172772 -0.386241 -0.617125 -1.977166 -1.857901 -1.945367 -1.898318 -1.748710 -0.912449 -0.633420 -0.514049 -0.199361 -0.167458 -0.123297 -0.095986 -0.016233 -0.000307 0.086261 0.208789 2.158408 1.140447 3.083829 3.500784 3.890878 2.895435 3.111302 3.286197 3.392122 3.457469 3.480663 3.483638 3.400634 3.641879 4.445380 4.008416 3.509246 2.999486 2.545297 2.145292 1.775698
6.916257 5.979929 5.907059 6.190421 5.679303 4.460073 4.377334 4.875908 5.352077 -0.006361 -0.005150 -0.012090 -0.006051 -0.003316 0.384835 0.398933 -1.210799 -0.130311 1.439390 0.917062 -0.013551 -0.030697 -0.116490 -0.248698 -0.462052 -0.596419 -1.088158 -1.805764 -1.696276 -0.987657 -0.798077 -0.531981 -1.095952 -0.161514 -0.109089 -0.054098 -0.026471 -0.014871 0.056817 0.182893 0.526612 2.585127 1.963182 2.363277 2.442759 2.689976 2.933961 3.123445 3.254274 3.314746 3.360676 3.408930 3.359840 3.685282 4.497233 4.084763 3.603694 3.069528 2.555042 2.105107 1.713706 1.371803
-0.005736 -0.010548 -0.014189 -0.012731 -0.013141 -0.016102 -0.016185 -0.013301 -0.011514 -0.005362 -0.004032 -0.013326 -0.008117 -0.004922 0.094860 -0.005068 -1.331640 -0.914004 1.372586 0.714227 0.242272 -0.015787 -0.027316 -0.033742 -0.095796 -0.413202 -0.514854 -0.653582 -0.851469 -1.427683 -0.737839 -0.491170 -0.931998 -0.775951 -0.060843 -0.038117 -0.017676 -0.005698 0.134379 0.258614 1.304234 1.866303 2.265570 2.189393 2.487695 2.723273 2.912136 3.069508 3.166251 3.226530 3.300162 3.283614 3.644474 4.567998 3.279597 3.755164 3.230069 2.688492 2.171444 1.732511 1.357099 1.044502
-0.004235 -0.004530 -0.007984 -0.007424 -0.013104 -0.012867 -0.012978 -0.012724 -0.006790 -0.006527 -0.005622 0.105687 0.236906 0.209286 -0.003357 -0.004370 -1.089211 -0.140736 0.692184 1.301941 0.351165 -0.001919 -0.026338 -0.027588 -0.029378 -0.210869 -0.326666 -0.513359 -0.681132 -0.742865 -0.668243 -0.425699 -0.767621 -0.569339 -0.142464 -0.018175 -0.010011 0.069086 0.201471 0.329722 1.494385 1.625319 1.956954 2.257697 2.479874 7.167118 2.846083 2.983646 3.072570 3.160344 3.169579 3.618001 4.529439 4.249360 3.918795 4.590386 2.964816 2.406189 1.876713 1.443552 1.085961 0.775304
0.957668 0.927081 -0.004134 -0.004788 -0.006331 -0.006376 -0.007971 -0.008487 -0.003997 0.149361 -0.004127 -0.003662 0.049798 0.035489 0.158060 0.159982 -0.009887 -0.004345 0.140376 0.915883 1.011521 0.546288 0.131061 -0.036227 -0.025739 -0.096058 -0.111281 -0.337707 -0.509673 -0.558076 -0.545080 -0.319341 -0.597639 -0.376464 -0.018887 -0.014146 -0.003504 0.078856 0.244137 0.667431 1.210523 1.641390 1.980573 6.741008 2.433538 2.618813 7.291348 7.445122 2.966889 3.025407 3.434722 3.378232 4.155760 3.827250 3.518655 3.200495 2.724658 2.173677 1.644332 1.213676 0.863311 0.558865
1.074094 1.202145 1.071370 -0.011269 -0.018458 -0.015074 0.440309 -0.004137 0.413890 0.417819 0.417605 0.484369 0.483217 0.386098 0.060780 0.268502 0.425190 0.396605 0.920989 0.850083 0.275340 0.210120 0.112090 -0.013559 -0.008819 -0.031575 -0.058873 -0.146729 -0.313473 -0.362878 -0.367249 -0.210122 -0.426817 -0.022287 -0.015114 4.718602 0.005693 0.117062 0.230676 0.584929 1.306598 1.669978 1.928430 2.160458 2.365934 2.549406 2.681953 2.767165 3.279209 3.290138 4.227286 4.014138 3.720695 3.392316 3.062112 2.796922 2.424710 1.927582 1.422599 1.018462 0.673393 0.397952
1.133762 1.255626 1.537887 1.350620 -0.004655 -0.005217 -0.007760 -0.012729 -0.010534 0.327325 0.566054 0.728672 0.792139 0.719505 0.378273 0.344137 0.569256 0.749722 0.706469 0.640998 0.283426 -0.002507 -0.003258 -0.006655 -0.409781 -0.013644 -0.014840 -0.018117 -0.114183 -0.118300 -0.162248 4.965468 4.267095 4.393756 4.580082 4.789566 0.036669 0.133362 0.237534 0.768146 1.333217 1.616288 1.878374 2.099642 2.284421 2.439867 2.987975 3.064804 3.997360 3.954275 3.849653 3.626403 3.304916 2.956769 2.652242 2.350400 2.063215 1.638221 1.179494 0.823908 0.508603 0.031385
1.810643 1.498238 1.678214 1.979351 1.813426 1.768341 1.655892 1.354156 0.883356 1.002425 1.064283 1.009876 1.185056 1.151417 0.733879 0.891159 0.392823 0.367759 0.908420 0.930349 0.563226 0.144727 0.077693 -0.007754 -0.014816 -0.018109 -0.008770 -0.009749 -0.016006 -0.028378 5.038908 4.219012 4.323581 4.452480 4.616757 4.806722 5.013642 5.244937 0.246967 0.704771 1.274442 1.570771 1.827168 2.025977 2.187569 2.747559 3.712053 3.663110 4.606894 3.476921 3.395674 3.241307 2.927484 2.562708 2.259456 1.954288 1.661955 1.297208 0.909774 0.606133 0.346927 -0.003214
2.079318 1.699056 1.826188 2.083535 2.795624 2.836562 2.656849 2.164962 1.818415 1.769613 1.731355 1.525210 1.601826 1.673769 0.654541 1.220828 1.543339 1.435621 1.400868 1.321169 1.079740 0.682007 0.173676 0.019112 0.031182 -0.000346 -0.003353 -0.007223 -0.011504 -0.012116 -0.014583 4.261532 -0.016092 4.462373 4.628929 4.814575 5.022371 0.147981 0.241180 0.572101 1.208476 1.504396 1.727562 1.895594 2.459562 2.537767 3.366850 3.237681 4.254152 2.975864 2.880403 2.857283 2.620049 3.731548 1.924107 3.500812 1.312341 0.978759 0.648950 0.434660 -0.002706 -0.003499
2.509303 2.425122 2.392359 7.482705 7.684768 3.606326 3.357271 2.985923 2.506092 2.483847 2.482979 2.350481 2.193520 2.232236 1.823511 1.762739 2.055355 1.960079 1.865151 1.716678 1.462991 1.115852 0.299756 0.607058 0.101947 -0.003398 -0.008155 -0.014559 -0.016426 -0.017863 -0.017902 -0.016769 -0.015047 4.492323 4.659436 4.837904 0.070498 0.146102 0.228180 0.467937 0.815809 1.594754 1.898687 1.972763 3.172607 3.158395 3.005493 2.814171 3.939292 3.953597 2.419728 2.398625 2.312020 2.028364 3.349814 3.228297 3.047786 0.716553 0.489667 0.277180 -0.003338 -0.003634
3.425785 3.305762 8.237828 8.105761 3.965049 4.267728 4.300408 4.084840 3.631050 3.633116 3.218547 3.108739 3.806514 2.854796 2.548524 2.448399 2.478283 2.428234 2.235851 1.600626 1.342877 0.764136 0.282247 0.188773 0.103866 0.014146 -0.005048 -0.011375 -0.007906 -0.015046 5.161790 -0.015693 -0.014492 -0.009915 -0.001787 4.853498 0.051603 0.181213 0.236044 0.288962 0.339550 2.354248 1.390819 2.614789 2.834802 2.802675 2.647065 2.434785 2.204602 2.042241 3.679857 1.895206 1.959318 1.762117 1.414574 2.965137 0.752246 0.526563 0.359251 -0.002969 -0.003491 -0.003768
4.153547 8.819401 8.814615 8.833829 8.819145 4.433460 5.070994 5.202818 4.941776 4.635537 4.539352 4.561105 4.543659 3.485977 3.080768 2.932330 2.856346 2.228241 2.053521 1.862357 1.627119 1.319154 0.653340 0.242706 0.220103 0.120049 -0.002557 -0.007481 -0.007811 -0.014398 -0.015044 -0.014824 -0.014177 -0.008759 -0.000232 0.038316 1.181236 1.322402 1.462507 1.621409 1.748380 1.876532 2.000119 2.106811 2.332600 2.354013 2.273000 2.098452 1.863129 3.297380 1.567314 1.458313 1.490277 1.400748 1.104460 0.769569 0.499298 0.324830 0.246307 -0.003002 -0.003301 -0.003631
4.848306 4.950184 9.492359 9.530458 9.441918 4.891517 5.616553 6.169113 6.032601 5.784980 5.475061 5.317385 4.264748 3.987259 3.558074 3.330377 2.605796 2.435068 2.241740 2.006906 1.747566 1.462342 1.316004 1.187308 0.262275 0.149393 -0.000962 -0.005620 -0.008079 -0.014172 -0.014379 -0.014255 -0.012146 -0.008608 -0.003185 0.015612 1.017387 1.038508 1.091270 1.190222 1.206227 1.336464 1.465130 1.574491 1.755497 1.058313 1.858543 1.734808 1.514928 2.964005 1.164526 1.094975 1.045501 0.947108 0.709431 0.427084 -0.003018 -0.003180 0.126562 0.187519 0.185329 -9999.0
5.538269 5.967624 5.813647 5.778672 5.907970 5.969541 6.221546 6.915454 6.914988 6.711898 6.515825 5.099913 4.690712 4.338569 3.258598 2.940554 2.771733 2.578336 2.349106 2.110556 1.849779 1.549695 1.573901 1.356653 0.774947 0.188472 0.096319 -0.004121 -0.007311 -0.009907 -0.013880 -0.012721 -0.012491 0.556385 0.631800 0.709534 0.780244 0.257849 0.225238 0.244178 0.602820 0.852652 0.973373 0.429702 0.899112 0.775916 1.429603 1.300904 1.093503 0.894364 0.744290 0.668578 0.574532 0.457924 -0.002737 -0.003896 -0.003843 -0.003787 -0.003310 0.256122 -9999.0 -9999.0
5.895232 6.610458 6.685224 6.535025 6.777967 6.978603 7.126715 6.958226 6.947806 6.648671 4.410918 4.176857 3.938209 3.676611 3.376413 3.070916 2.870464 2.642273 2.389923 2.102952 1.973774 2.013626 1.678366 1.340387 1.025705 0.226222 0.127228 -0.003255 -0.006263 -0.006888 -0.011271 0.080865 0.079895 0.159879 0.129645 0.107331 0.164535 -0.004495 -0.006834 2.017106 2.108305 2.215515 0.550407 0.668431 0.038146 1.071960 0.988479 0.847531 0.622989 0.407569 -0.002482 -0.002920 -0.003323 -0.004662 -0.005594 -0.005661 -0.004730 -0.004270 -0.003619 -9999.0 -9999.0 -9999.0
6.407542 7.194032 7.164599 7.187592 7.671856 7.799493 7.605071 7.473170 5.777535 4.701496 4.529516 4.322087 4.093106 3.815870 3.514981 3.135686 2.866642 3.235951 2.904670 2.470333 2.065181 2.660668 1.409695 1.059624 0.501811 0.535280 0.134965 -0.002185 -0.005766 0.182350 0.146262 -0.003410 -0.005860 -0.008225 -0.007840 -0.006620 -0.003282 -0.012535 1.627665 1.761793 1.871549 -0.005174 -0.002920 0.213660 0.097507 0.651739 0.539912 0.344040 -0.003459 -0.005975 -0.008590 -0.009657 -0.009140 -0.008343 -0.007749 -0.006691 -0.005595 -0.004637 -9999.0 -9999.0 -9999.0 -9999.0
7.408406 7.678389 7.777422 7.913964 8.008851 7.990537 7.397548 5.402060 5.034676 4.834115 4.661832 4.436894 4.180174 3.893451 3.861283 3.834432 3.427854 3.973333 3.538887 3.095754 2.679652 2.309408 1.972784 1.677300 1.415321 1.196249 0.098086 -0.001390 0.229528 -0.003839 -0.004977 -0.016366 -0.010566 -0.020815 -0.014732 -0.012822 -0.012555 -0.004045 -0.033667 -0.036257 -0.024966 -0.022022 -0.014798 -0.003799 -0.003139 0.259447 -0.003743 -0.007695 -0.018132 -0.017887 -0.017570 -0.017276 -0.013668 -0.010491 -0.008974 -0.007720 -0.006972 -0.005262 -9999.0 -9999.0 -9999.0 -9999.0
8.238420 8.219599 8.312696 8.311846 8.307227 6.057715 5.297487 5.192296 5.067149 4.910501 4.738049 4.494170 4.173622 4.651581 5.219558 3.782014 4.118875 3.571804 3.096742 2.654684 2.258224 1.899916 1.597472 1.337258 1.121107 0.616129 0.491340 0.941403 -0.006460 -0.009337 -0.010295 -0.013530 -0.012452 -0.027893 -0.018596 -0.014945 -0.012049 -0.005088 -0.036849 -0.059276 -0.032587 -0.026714 -0.023310 -0.025261 -0.179490 -0.002133 -0.021662 -0.020005 -0.019311 -0.019192 -0.018930 -0.018487 -0.017224 -0.014968 -0.013185 -0.010732 -0.007765 -9999.0 -9999.0 -9999.0 -9999.0 -9999.0
8.832687 6.583307 5.547183 5.562555 5.547209 5.477506 5.375530 5.255732 5.109104 4.941346 4.740800 4.434173 5.877880 4.717951 4.978035 3.547041 2.942185 3.099569 2.637721 2.216532 1.835659 1.507450 1.234788 1.004394 0.854080 0.450206 0.204958 0.910476 1.486689 -0.011231 -0.009880 -0.138026 -0.013833 -0.042864 -0.026718 -0.020940 -0.016736 -0.006751 -0.004366 -0.545021 -0.056305 -0.040386 -0.031738 -0.030466 -0.289053 -0.301368 -0.023065 -0.021974 -0.021143 -0.020468 -0.020045 -0.019898 -0.019795 -0.019285 -0.017340 -0.010640 -9999.0 -9999.0 -9999.0 -9999.0 -9999.0 -9999.0
5.441105 5.496957 5.531156 5.557381 5.537554 5.424512 5.685538 7.842118 7.528554 7.022183 6.424446 5.835671 6.506358 4.740986 4.664726 4.007075 3.295406 2.676307 2.225913 3.413927 1.470315 1.168901 0.914752 0.712927 0.614698 0.097112 0.123671 0.866893 1.437770 -0.007321 -0.004845 -0.008340 -0.167416 -0.287114 -0.054024 -0.030452 -0.024812 -0.012864 -0.287015 -0.383993 -0.883219 -0.693730 -0.049113 -0.044702 -0.064451 -0.334730 -0.026080 -0.024636 -0.023889 -0.022071 -0.021276 -0.005324 -0.020347 -0.019474 -9999.0 -9999.0 -9999.0 -9999.0 -9999.0 -9999.0 -9999.0 -9999.0
