geotop_simulations/templates/TEST_Venosta_3D_034_template/rec/SoilPressure0000L0003.old.asc
ncols         252
nrows         194
xllcorner     598250.000000
yllcorner     5144500.000000
cellsize      250.000000
NODATA_value  -9999.0
[rows 72 to 95 of 194, columns 162 to 215 of 252]
-1702.796699 -2228.141082 -2768.681026 -2963.218398 -3123.575728 -3212.141035 -3390.414946 -4083.573904 -4104.354630 -4118.713011 -4050.424113 -3972.682358 -3955.814703 -3937.839615 -3919.108700 -3838.856453 -3893.185723 -3894.170612 -3883.166244 -3900.913202 -3888.385446 -3850.114133 -3825.277907 -3843.954245 -3877.595508 -4444.074339 -4419.114581 -3878.177058 -3844.314976 -3812.667674 -3767.794307 -3750.104003 -3697.002782 -3641.152586 -3529.193649 -2883.211402 -2387.508046 -1852.593135 -1511.267742 -1379.723982 -1276.852008 -826.575068 -656.434664 -477.238789 -275.232686 -9.740637 -4995.028532 -4546.884926 -4758.333177 -4730.399551 -1321.387251 -296.974091 -303.264720 -41.880823
-1835.136801 -2056.121564 -2390.720510 -2731.601280 -2978.304150 -3993.753303 -4031.312762 -4062.615671 -4074.662403 -4009.504621 -3894.201035 -3856.287029 -3843.474768 -3828.214044 -3764.238713 -3660.198777 -3776.124737 -3757.498644 -3739.111441 -3790.214175 -3800.722546 -3771.799866 -3732.507896 -3753.170879 -3969.082738 -4064.970164 -4222.366280 -4348.189791 -4366.242163 -3830.979239 -3784.324015 -3762.589429 -3706.644132 -3596.828313 -3463.247842 -3112.556836 -2471.653247 -1897.145687 -1303.889277 -1562.873447 -1060.510505 -602.605916 -673.458352 48772.881442 102677.103461 -37288.680044 -21058.436885 -5061.112458 -33.203704 -206.177401 -5921.400295 -2096.874290 -1943.742345 -1465.731285
-1734.263877 -1797.016567 -1912.931424 -2162.806960 -2416.383246 -2730.803547 -3955.813522 -3991.073494 -3939.486523 -3835.028647 -3793.325234 -3747.773988 -2327.712160 -3650.833234 -3267.644654 -3306.219880 -3584.124654 -3650.610156 -3661.543875 -3672.793664 -3699.600846 -3718.051989 -3732.845036 -3766.388380 -3715.494408 -3570.529840 -3617.294492 -3699.789490 -3720.307193 -3751.740360 -4281.955763 -4277.701873 -4200.051133 -3562.982939 -3397.463604 -3084.274979 -2534.383342 -2136.440989 -1669.632090 -1982.834883 -927.940796 -518.399817 -18.526219 22150.171685 90919.695628 -33895.191810 -236094.617003 -694.297394 -4121.832587 30.862751 -29448.861841 -5068.648585 -3559.874608 -7838.378454
-1603.968092 -1510.664491 -1614.294619 -1999.077261 -2517.905465 -2770.908867 -3915.655290 -3859.092002 -3735.993407 -3702.868611 -3723.677915 -3631.969354 -2459.265959 -2466.297128 -3678.774263 -3650.570986 -3343.386747 -3661.014372 -3656.618726 -3656.580751 -3657.315876 -3791.444596 -3806.034047 -3721.378302 -3659.017169 -3392.164923 -3397.521470 -3848.065859 -3887.518060 -3959.337635 -4109.761173 -4209.457489 -3639.570723 -3546.858348 -3431.106632 -3264.982947 -3030.611967 -3133.485681 -2809.248120 -1523.016179 -628.222435 -277.479944 11.454351 22546.000652 55190.293617 -241469.582071 -366820.401036 -10250.092116 -301803.946884 -7009.407592 -15412.295520 -32077.012769 -28583.273113 -52822.896770
-1676.430600 -1550.788456 -1660.996979 -2299.622687 -2666.037098 -3860.177979 -3849.934480 -3683.601316 -3493.693001 -1906.492477 -2059.341996 -2354.110274 -2503.388591 -2315.638129 -3752.212388 -3670.875457 -3672.911074 -3440.385798 -3601.802082 -3682.546482 -3640.954618 -3836.391705 -3798.645993 -3639.686961 -3595.246864 -3165.698168 -3216.956251 -3409.507167 -3655.895452 -3322.340076 -3104.205293 -3492.226058 -3657.853058 -3614.561004 -3565.511772 -3498.231156 -3327.974745 -2718.150246 -2043.984902 -878.289754 -485.606623 -206.634982 11.259467 25515.167856 30416.294607 -75573.281631 -467717.036278 -484603.306301 -57.554628 -88000.735774 -15533.249935 -54534.440999 -49660.648989 -38639.495950
-1943.286337 -2250.410264 -2284.201448 -2539.878882 -2942.249639 -3798.878271 -3551.467641 -3100.391077 -1669.061250 -1686.051719 -1827.213115 -2012.907715 -2036.924747 -3480.229273 -1941.361924 -3374.727517 -3543.820308 -2218.930305 -2503.589163 -3768.176208 -3825.525761 -3815.754127 -3705.186933 -3401.410332 -3446.791220 -2860.710694 -2790.121095 -2865.339954 -2838.009619 -2547.781760 -1487.415835 -2259.436845 -3546.659770 -3621.756897 -3557.242782 -3484.366865 -3320.721914 -1795.084341 -978.281380 -560.465013 -293.822368 5.195185 -46.054344 31226.430119 48500.610067 1353.617786 -64710.554321 -95227.718376 -26.064663 -17593.770409 -18382.719949 -54020.494622 -54466.775292 -49896.488887
-2082.058286 -2367.003728 -2456.827539 -2670.212169 -3721.558175 -2718.031860 -2449.248487 -1558.855250 -1588.943666 -1637.637548 -1682.354761 -1665.918517 -1595.720267 -1618.016938 -1651.704362 -1653.204250 -1890.474750 -2450.687135 -2744.615409 -3811.093042 -3807.923449 -3748.642988 -3272.813725 -3157.869588 -3110.152063 -2469.488488 -2439.183657 -2506.376933 -2536.419718 -1967.672827 -1032.928968 -1116.645164 -2194.415332 -3314.361637 -3484.807134 -3273.334376 -1709.138137 -917.922133 -642.969738 -426.523974 -308.452675 25.827342 -1103.914658 46090.906902 49980.266453 86626.267201 53315.810707 -27872.447300 6.703262 -75771.237984 -2454.994909 -12894.831255 -69775.138675 -53794.048790
-1588.270570 -1693.212980 -1865.654889 -2395.820351 -951.628966 -1651.781632 -1862.610973 -1679.888525 -1754.179370 -1694.161932 -1605.934527 -1486.432332 -1333.992282 -1386.957866 -1409.404498 -1531.508966 -1782.610365 -2287.628543 -2470.584146 -3738.481126 -3712.826330 -3129.387841 -2924.549027 -3319.760014 -3349.759933 -2403.756136 -2495.354633 -2262.551317 -2031.771246 -1597.819442 -1158.060992 -1265.958800 -1020.964062 -1401.799983 -2041.550125 -1730.679640 -1264.925647 -999.485541 -737.028988 -526.057500 -494.950765 -528.105668 -2138.532784 47048.676231 72668.266834 84563.671986 77697.869934 -323754.939518 -371242.078274 -430853.486184 -8498.084027 -3868.744584 -64917.823695 -50043.931268
-1420.491542 -1518.953615 -1104.947632 -781.537007 -713.746422 -1267.465675 -1305.211691 -1434.144370 -1523.198128 -1464.160085 -1481.805762 -1335.638550 -1137.335707 -1203.539848 -1322.594272 -1570.862265 -1976.256943 -2253.574700 -2545.538855 -3667.929123 -3425.600784 -2541.894479 -2096.113307 -2567.474438 -3003.219598 -2902.599061 -2953.303860 -2630.627492 -1439.554072 -1240.727019 -1070.648508 -1011.881692 -872.438784 -775.764493 11288.666298 607.023950 -1252.935875 -996.385923 -800.590369 -687.657752 -905.924680 -497.903265 -1938.928615 17261.843617 32371.703194 68854.764220 -291789.014965 -323634.676005 -383081.138314 -217186.908882 -3734.106863 -37923.653972 -50128.574242 -49562.927489
-1064.759570 -1143.110718 -667.202343 -602.048660 -907.665075 -1158.973583 -1209.588612 -1263.346061 -1365.884177 -1535.315586 -1402.161665 -1158.966422 -946.386320 -1071.609563 -1440.459252 -1692.655574 -2072.272696 -2541.996430 -3668.739521 -3621.656068 -2708.030300 -2100.644073 -1821.282431 -2349.325620 -1685.689129 -1664.604123 -1688.428070 -2023.550061 -1155.698516 -1061.617624 -938.104057 -819.807738 -711.039171 -605.242909 -1008.529216 2904.360047 -1534.359319 -1161.278605 -1039.577193 -938.976790 -695.124340 -386.063793 -98.359943 18.420047 11452.980858 60232.767148 196638.724712 40466.283183 -327034.539758 -9042.510878 -69105.588689 -52395.287061 -51189.825687 -50399.736827
-679.489072 -814.727557 -484.456198 -553.019228 -633.172090 -632.664913 -990.554295 -1256.728136 -1249.314497 -1705.013101 -2190.054204 -2207.999807 -2126.870696 -2039.696141 -2216.662468 -2144.145684 -2447.199805 -3641.095331 -3624.820260 -2208.879992 -2123.387786 -1735.793439 -2525.189272 -1802.771710 -1902.224842 -1618.443566 -1468.751580 -1563.613827 -1597.492153 -1064.809133 -881.796491 -775.907859 -679.683002 -654.030696 -737.110094 7081.153166 -1939.146772 -1514.621554 -1396.882922 -1261.569243 -953.663053 -554.367925 -427.472346 17.226135 -578.813870 75508.324020 74471.413914 -411240.563128 -18233.230976 -72592.249274 -54250.645540 -53200.460992 -49406.526379 -46220.793449
-517.486366 -573.841356 -301.258169 -424.803357 -395.517468 -280.820098 -624.207011 -715.198445 -725.423298 -1551.282120 -2169.136845 -2148.293893 -2054.117700 -2069.333562 -2243.055864 -2406.779294 -3597.736198 -3595.644478 -3364.265192 -1818.145942 -1454.133834 -1592.316861 -1724.510559 -1755.231327 -1678.227383 -1370.354258 -1330.074729 -1349.969722 -1059.361300 -1391.954967 -764.043142 -708.844845 -697.718727 -581.765338 -588.540746 -999.021024 -2052.767620 -1950.535194 -1680.999490 -1264.845025 -858.053675 -594.586155 -545.435495 -258.154893 9112.475371 67815.080770 -19724.007685 -43623.257640 -70230.015260 -51824.779301 -49875.962645 -49648.557183 -48663.719411 -50855.081183
-435.561294 -488.734579 13.353018 -283.527515 -173.015248 -40.245349 -582.251407 -1028.401182 -1423.996578 -1624.642682 -1708.139868 -1785.124675 -1989.767922 -2141.750792 -2308.103484 -3509.228753 -3525.583036 -3503.598707 -1821.368335 -1451.070538 -1462.539180 -1386.450081 -1302.987251 -1585.834624 -1391.020556 -1281.759654 -1152.980952 -1207.933386 -1250.361185 -976.859633 -656.075471 -612.431664 -662.718132 -606.011986 -559.745449 -605.678112 -1049.096064 -2105.238344 -1809.449792 -1460.333034 -1001.901550 -730.845636 -339.811600 -1225.737449 40059.519638 94277.552693 -306073.680195 -30782.253201 -54238.123307 -49953.074681 -49347.382174 -49114.495852 -50850.149615 -53853.463994
-700.295564 -415.950217 -270986.279723 -154561.837218 -147337.237386 -371.441245 -639.161066 -1634.683874 -1902.145145 -1901.558278 -1769.624969 -1678.403567 -1907.937977 -2081.437210 -2221.403054 -3421.230693 -3381.723162 -2057.516392 -1483.608743 -1340.627096 -1475.000181 -1428.925065 -1383.847955 -1316.126939 -1196.088067 -1131.612918 -960.439465 -996.470879 -1163.958461 -1174.981461 -716.746362 -598.386492 -642.099539 -634.626711 -607.014011 -442.970113 -518.965376 -858.334950 -2195.197252 -1800.999277 -1341.178648 -659.677289 -363.522277 -2168.779129 79926.358808 59139.278562 -7991.438215 -60535.774147 -53213.157010 -53458.675238 -52320.568451 -50657.923912 -53483.493022 -57337.099797
-890.310823 -453.737051 -352.510011 -514.960718 -1025.824372 -1238.003930 -1466.515547 -1588.466723 -1826.348972 -1933.969231 -1748.439175 -1723.978397 -1887.710535 -2044.562919 -2127.436805 -3314.716705 -3271.818018 -755.406790 -1004.740903 -1129.222446 -1414.436584 -1246.621274 -1161.381197 -869.794664 -753.881656 -784.569576 -894.209543 -1038.568121 -1068.646402 -1063.056007 -679.860459 -596.920669 -606.643343 -588.716231 -561.973460 -100786.692175 -272355.439232 -593.983861 -2120.201862 -2085.575903 -1312.752237 -670.322931 -321.511214 -2193.955959 95888.449496 17803.535876 -7366.759715 -30687.748797 -56801.112312 -55767.480675 -52356.834063 -54982.947925 -61033.275031 -61198.884072
-908.087655 -861.304396 -835.568492 -1014.647688 -1109.745292 -1341.923003 -1504.731832 -1493.560322 -1702.406023 -1681.979001 -1635.570397 -1720.814505 -2708.116640 -2786.114562 -2961.604540 -1867.644360 -757.226550 -728.559168 -953.346848 -942.442682 -933.038565 -931.230772 -812.617075 -718.763756 -654.234602 -701.506955 -815.897222 -883.020486 -896.625052 -646.758650 -618.841136 -693.249022 -730.447474 -533.339956 -457.478408 -87045.282847 -281183.468102 -472.755124 -177.337951 -1827.180680 -1078.340570 -578.659614 -321.493712 -1390.873350 61365.004021 87802.242521 -262349.182873 -22455.451258 -58900.788504 -57067.000820 -52084.046325 -59467.103596 -65541.878146 -70754.859039
-574.720405 -508.382250 -478.125771 -654.247865 -712.461290 -987.976793 -1343.224155 -1415.785415 -1477.217847 -1558.403189 -1553.848337 -1972.913198 -1880.778159 -1248.841528 -1369.650915 -1315.412087 -721.235772 -782.165690 -883.442525 -911.429852 -842.643967 -763.375073 -630.184216 -632.690166 -639.126506 -652.251361 -702.661518 -763.883030 -766.676248 -599.574527 -1220.663862 -1126.193669 -666.541811 -500.672206 -74397.802666 -134560.325578 -53689.292187 -408.085984 42.651278 227.008320 -854.009429 -397.038827 20.191176 -1657.003846 89193.770568 136476.398053 -334240.597636 -21076.423513 -61458.605458 -57956.217189 -55047.821155 -72643.620624 -32158.422577 -8167.188118
-6.580108 -41.459547 -263.296063 -397.171581 -610.457194 -877.206564 -1164.474488 -1340.800128 -1350.763140 -1484.208786 -1592.800094 -1568.443986 -1020.185330 -1174.272856 -1149.614324 -1051.584206 -674.278513 -573.487693 -694.757119 -753.354444 -688.220080 -628.247576 -628.330417 -616.208922 -552.391376 -541.041582 -604.610999 -680.850095 -744.577217 -796.374507 -1325.927179 -946.692393 -592.090995 -637.085133 1273.398614 -203113.266978 -271775.621177 -436.294799 155.695969 722.955057 489.459161 -345.245878 26.390501 -2189.769914 60037.438487 145108.564165 -322166.597913 -17176.493709 -64646.075995 -59727.243841 -59752.840500 -75164.659574 -38776.553391 -370216.231198
-102164.014829 -67216.080753 -313.075424 -523.659595 -660.120840 -761.692231 -985.408962 -1180.924862 -1245.082552 -1276.262721 -1326.237776 -1313.666703 -1177.759228 -1092.504328 -885.522231 -732.676029 -581.291319 8930.987919 7188.982461 -579.913037 -453.296273 -409.682659 -666.331073 -753.631788 -728.514604 -571.426312 -564.554627 -598.570419 -750.024315 -869.122936 -823.060115 -782.934978 -619.545984 -517.687868 -944.352210 -750.295730 3356.333989 -248.909843 -380.436324 17074.322206 36461.960847 -364.633005 23.966513 25.680627 1042.170964 127750.421265 -278329.954868 -110563.994887 -25230.254948 -72407.331390 -71129.585448 -52883.798139 -265344.893921 -396505.673966
-101446.020602 -502644.115388 22.713925 -546.226015 -647.340289 -693.836913 -807.678468 -958.766661 -1100.537437 -1128.855573 -1166.181806 -1191.568296 -1065.519492 -910.528359 -785.925339 -675.601700 -587.626332 -525.652931 -483.651256 -396.570924 -284.839890 -252.615975 -589.065591 -878.236097 -827.508070 -752.227616 -718.511888 -709.596512 -789.981673 -854.695554 -828.502350 -743.774828 -631.007478 2928.501261 -1445.951800 -557.053891 -538.500152 -574.888070 -378.703117 -409.862342 16650.190186 3930.643266 -120.239969 22.897127 -1909.000249 128238.953128 87742.086680 -166377.896841 -352406.146548 -75128.200758 -65955.211047 -203780.170790 -379350.228582 -374967.952592
-235061.355572 11.497846 -400.557595 -499.718805 -575.062035 -634.316016 -690.231693 -849.581070 -1023.203047 -1092.058781 -1126.227358 -1037.190953 -842.555438 -761.753846 -687.706590 -641.543647 -532.886941 -516.969017 -476.849199 -518.540331 -705.180154 -851.388166 -703.258063 -826.920588 -1009.167880 -927.491875 -1044.218588 -887.659187 -818.976320 -740.495339 -741.188045 -719.867032 -661.063878 -826.919220 9928.817402 -556.581254 -558.920566 -544.117664 -426.601170 -438.052237 -480.076247 2112.282988 -179.118179 22.004418 -32.844908 92627.670219 150934.122484 91770.618366 -94277.358414 -376792.046100 -368365.755922 -373736.563548 -366755.695661 -347291.138261
12.359435 -439.296647 -517.397098 -567.249368 -626.227124 -683.188056 -765.311682 -844.042872 -942.760230 -993.594549 -908.893374 -804.104536 -732.628225 -668.229180 -615.017104 -527.236381 -467.118985 -586.381206 -733.276091 -1116.663703 -930.419279 -998.564477 -899.416087 -1095.121308 -1231.092381 -1107.877364 -1094.109017 -1175.976771 -1110.786428 -851.223242 -786.974098 -761.290880 -732.405570 -733.482594 -861.452020 -1623.343606 -635.374057 -550.508099 -522.791327 -479.275430 -161816.261966 -2086.370490 -152.834236 21.619782 25.310611 24506.178724 182281.635836 153306.174115 88052.552142 -35629.629759 -286795.382397 -352615.576631 -339222.325139 -231556.663828
-467.571964 -507.347932 -539.872723 -613.075339 -662.173624 -715.060428 -850.636210 -936.843941 -921.954574 -1119.552592 -1415.573120 -1295.856244 -819.780629 -602.026512 -491.191619 -420.674960 -407.990100 -642.860782 -716.429311 -984.192612 -1152.403872 -1200.929081 -1287.303754 -1289.152219 -911.921013 -782.420372 -938.378111 -914.515971 -962.862914 -1188.783111 -1123.576614 -948.302888 -646.197775 -717.371208 -723.615825 -2076.960399 -1156.212176 -643.905662 -534.251124 -552.173386 -174952.166702 -55705.161378 -317.418197 25.904524 25.014100 26.450823 -19.079305 55771.354424 233523.851343 149341.474250 -3815.569109 -102373.362743 -176098.153583 -294770.747050
-529.966633 50041.108870 42406.963686 50450.970253 -694.157361 -759.436031 -897.129181 -905.237339 -761.479557 -1106.445468 -1359.209324 -1185.007927 -838.218240 -1082.843983 -684.681066 -533.038088 -488.939569 -600.669695 -656.341947 -761.395512 -931.576366 -1334.868399 -941.106755 -997.795864 -854.326653 -848.314615 -767.093484 -918.325699 -892.530509 -960.817089 -950.079244 -780.075951 -656.124092 -681.256230 -743.842204 -665.415811 -643.729623 -623.822524 -596.206203 -685.231945 -81457.593175 19772.811870 -483.871146 -213.347698 27.308137 29.444255 28.444340 -328.549187 37361.193560 514970.169140 200444.294496 57918.842022 -84539.297195 -11360.410262
