geotop_simulations/templates/TEST_Venosta_3D_034_template/rec/SoilTemperature0000L0006.asc
ncols         252
nrows         194
xllcorner     598250.000000
yllcorner     5144500.000000
cellsize      250.000000
NODATA_value  -9999.0
[rows 56 to 83 of 194, columns 186 to 247 of 252]
8.769918 7.835029 8.757017 9.024009 8.745390 9.164008 9.086230 9.504009 10.351289 11.656793 12.954091 3.437778 2.394775 0.009282 0.510484 -0.006609 -0.012524 -0.006644 -0.012949 -0.014172 -0.013015 5.540373 -0.013984 -0.036024 -0.010969 -0.034279 -0.044525 -0.094214 -0.148146 -0.177793 -0.202426 -0.210754 3.004436 -0.757761 -0.114580 -0.541364 -0.041339 -0.025209 -0.044110 -0.322142 -0.009857 -0.008563 -0.010745 -0.010393 -9999.0 -9999.0 -9999.0 -9999.0 -9999.0 -9999.0 -9999.0 -9999.0 -9999.0 -9999.0 -9999.0 -9999.0 -9999.0 -9999.0 -9999.0 -9999.0 -9999.0 -9999.0
9.691837 8.577440 9.399779 9.942253 9.396735 9.711968 10.643864 11.228897 4.001044 4.296237 4.345630 3.907887 2.867736 2.887182 0.669051 -0.007074 -0.014075 5.985083 4.803735 -0.018816 -0.015798 4.613575 4.673741 -0.089777 -0.236752 -0.012958 -0.106465 -0.160131 3.098836 -0.229175 3.084145 3.084403 2.714419 -0.001733 -1.278813 -0.059597 -0.012181 -0.104940 3.513581 3.475863 3.207806 -0.008176 -0.010850 -0.009588 -9999.0 -9999.0 -9999.0 -9999.0 -9999.0 -9999.0 -9999.0 -9999.0 -9999.0 -9999.0 -9999.0 -9999.0 -9999.0 -9999.0 -9999.0 -9999.0 -9999.0 -9999.0
10.402249 10.083535 10.444152 10.962238 10.625584 10.582323 11.338034 4.158571 4.409079 4.700402 4.771954 4.596806 3.935291 2.396599 0.617056 -0.005981 -0.008784 5.618909 4.190684 -0.048449 -0.025297 4.797544 4.727513 4.352785 3.262232 -0.066584 -0.184855 2.694390 2.514495 1.113789 -0.003882 -0.406986 -0.043097 -0.010774 -0.009114 -0.009938 -0.002737 5.292753 5.261729 4.058876 3.092936 -0.034339 -0.009904 -0.009139 -9999.0 -9999.0 -9999.0 -9999.0 -9999.0 -9999.0 -9999.0 -9999.0 -9999.0 -9999.0 -9999.0 -9999.0 -9999.0 -9999.0 -9999.0 -9999.0 -9999.0 -9999.0
11.412958 11.528600 11.615001 12.042463 4.456286 4.432447 4.606003 4.803605 4.984825 5.163456 5.234770 4.523731 3.171114 0.822189 -0.004358 -0.020302 -0.016714 -0.033916 3.459974 -0.103855 4.045562 4.564880 4.265627 3.899951 2.865586 -0.114677 -0.227002 1.042213 -0.970710 -0.284300 -0.013598 -0.089594 -0.022237 -0.011599 -0.010076 1.756120 5.045117 6.093895 5.226395 2.335032 -0.004104 -0.008998 -0.010995 -0.009877 -9999.0 -9999.0 -9999.0 -9999.0 -9999.0 -9999.0 -9999.0 -9999.0 -9999.0 -9999.0 -9999.0 -9999.0 -9999.0 -9999.0 -9999.0 -9999.0 -9999.0 -9999.0
11.954496 12.676423 5.278093 5.305072 5.311251 5.294856 5.383351 5.532311 5.566096 5.591366 5.685948 4.414697 2.912579 0.590180 -0.009571 -0.024886 -0.036856 -0.050028 3.104741 -0.138283 2.841987 2.894270 3.469524 3.551254 1.979695 -0.120915 1.204576 -0.247648 -0.011371 -0.012372 -0.023464 -0.011840 -0.205863 1.730358 4.292126 5.041252 5.760624 6.372153 -1.408184 2.006749 -0.003353 -0.075285 -0.011702 -0.012399 -9999.0 -9999.0 -9999.0 -9999.0 -9999.0 -9999.0 -9999.0 -9999.0 -9999.0 -9999.0 -9999.0 -9999.0 -9999.0 -9999.0 -9999.0 -9999.0 -9999.0 -9999.0
10.789220 12.246071 13.394904 14.256402 5.822863 5.880118 5.951039 5.999405 5.943143 5.804734 5.709562 4.823623 3.564392 1.636002 -0.007656 -0.025967 -0.052708 -0.086895 2.578960 1.856062 -0.006385 1.233575 3.532358 3.356818 1.537048 2.820844 -0.293321 -0.304336 -0.017519 -0.052155 -0.015524 -0.011424 -0.003282 4.115009 4.993672 5.632115 6.104649 -0.027243 -1.484154 -1.352517 -0.259199 -0.005835 -0.007391 -0.012488 -0.010724 -9999.0 -9999.0 -9999.0 -9999.0 -9999.0 -9999.0 -9999.0 -9999.0 -9999.0 -9999.0 -9999.0 -9999.0 -9999.0 -9999.0 -9999.0 -9999.0 -9999.0
10.383358 9.959806 10.320040 3.862812 4.408298 4.701469 4.601358 4.454908 4.402425 4.551016 5.583436 5.152199 4.179356 2.723644 0.422928 -0.019097 -0.055273 -0.133504 -0.004503 -0.031014 -0.926461 -1.005989 1.113618 -0.004488 0.416987 -0.001892 -0.015756 -0.344990 -0.012867 -0.010379 -0.012459 -0.002972 3.569969 4.662701 5.211943 5.721972 -0.040155 -0.034922 -1.518508 -0.353207 -0.231424 -0.300876 -0.012205 -0.011809 -0.010877 -0.010769 -9999.0 -9999.0 -9999.0 -9999.0 -9999.0 -9999.0 -9999.0 -9999.0 -9999.0 -9999.0 -9999.0 -9999.0 -9999.0 -9999.0 -9999.0 -9999.0
11.651189 10.942512 10.264167 9.313164 2.809739 2.725260 2.541481 2.141563 1.706524 1.649645 5.034957 5.476259 4.427543 3.084673 0.706943 -0.014389 -0.038162 -0.131690 -0.012807 -0.244396 -0.309806 -0.012392 -0.207222 -0.988292 -0.030425 -0.263238 -0.024386 -0.022824 -0.012171 -0.030127 -1.335801 0.933883 3.779845 4.525053 4.652543 -0.165684 -0.149353 -0.093400 -1.436747 -0.203174 -0.276728 -2.101644 -0.017275 -0.011800 -0.010827 -0.011376 -9999.0 -9999.0 -9999.0 -9999.0 -9999.0 -9999.0 -9999.0 -9999.0 -9999.0 -9999.0 -9999.0 -9999.0 -9999.0 -9999.0 -9999.0 -9999.0
12.280945 12.444844 5.449736 4.719687 8.500183 3.081417 2.883595 2.951121 2.880731 -0.006223 4.387421 5.528986 4.560988 3.186066 0.716366 -0.007339 -0.030298 -0.086846 3.181378 -2.067576 -0.012470 -0.012886 -0.012415 -0.014116 -0.011661 -0.011985 -0.214604 -0.011092 -0.012727 -0.012492 -0.011901 -0.262487 -0.030950 0.758336 3.199863 4.107079 -0.077747 -0.040086 -1.176855 -0.194375 -0.209584 -1.280993 -1.681296 -0.203105 -0.008411 -0.011204 -0.010960 -9999.0 -9999.0 -9999.0 -9999.0 -9999.0 -9999.0 -9999.0 -9999.0 -9999.0 -9999.0 -9999.0 -9999.0 -9999.0 -9999.0 -9999.0
6.152957 6.006339 5.679267 5.195545 4.503359 4.000946 4.165596 4.511765 4.078023 0.075668 4.783629 5.610534 4.500157 3.180560 1.165078 -0.003940 -0.021494 -0.047625 -0.181133 -0.222653 -0.554484 -0.012816 -0.012317 -0.012772 -0.012751 -0.011468 -0.269310 -0.262710 -0.065291 -0.019141 -0.012484 -0.310241 0.834513 2.576145 4.301159 5.332032 6.135214 -0.036042 -0.661609 -0.548705 -0.189103 -0.228415 -0.384118 -0.015677 -0.008406 -0.008637 -0.010481 -0.009943 -9999.0 -9999.0 -9999.0 -9999.0 -9999.0 -9999.0 -9999.0 -9999.0 -9999.0 -9999.0 -9999.0 -9999.0 -9999.0 -9999.0
6.727530 6.425271 5.959323 5.450668 4.938902 4.767316 4.939395 5.100753 4.328106 0.063322 5.287971 5.534024 4.695880 3.739562 2.449775 0.464465 -0.019831 -0.029100 -0.149452 -0.205309 -0.258232 -0.204495 -0.013592 -0.014797 -0.018052 -0.040376 -0.266556 -0.011922 -0.011492 -0.012799 -0.238763 1.326197 4.065470 4.593519 5.189291 5.836169 -0.011795 -0.012501 -0.011832 -1.435253 -0.160162 -0.187445 -0.262601 -1.254707 -2.026749 -0.213803 -0.005717 -0.008517 -0.011829 -0.010433 -9999.0 -9999.0 -9999.0 -9999.0 -9999.0 -9999.0 -9999.0 -9999.0 -9999.0 -9999.0 -9999.0 -9999.0
7.322107 6.897495 6.367451 5.804689 5.258160 5.158701 5.226599 5.192869 4.161940 0.018726 5.244918 3.891642 3.240541 2.308178 0.890219 -0.019936 -0.035541 -0.049572 -0.112167 -0.187860 -0.316301 -0.134947 -0.311672 -0.017418 -0.013328 -0.010781 -0.013200 -0.013167 -0.012634 -0.493188 1.704597 4.396526 4.875821 5.198109 5.359240 -0.024060 -1.596351 -1.429569 -0.389120 -0.011083 -0.150634 -0.140627 -0.167320 -0.281140 -1.898066 -0.016319 -0.010900 -0.005634 -0.007327 -0.009169 -0.008146 -0.006863 -9999.0 -9999.0 -9999.0 -9999.0 -9999.0 -9999.0 -9999.0 -9999.0 -9999.0 -9999.0
7.946077 7.458273 6.876625 6.240994 5.737866 5.608339 5.601213 5.357104 3.997659 0.004747 3.448419 3.099801 2.402085 -0.014876 -0.038018 -0.041152 -0.046405 -0.091774 2.947140 2.313401 -0.005583 -0.307625 -0.293690 -0.013769 -0.013133 -0.012984 -0.012737 -0.012655 -0.195052 -0.034501 2.135046 4.234124 5.058500 5.016538 -0.275650 -1.807321 -1.717343 -1.375087 -0.403629 -0.009390 -0.061726 -0.950756 -0.144430 -0.240971 -1.875763 -2.075107 -0.012359 -0.007039 -0.005126 -0.772231 0.124201 1.653578 -9999.0 -9999.0 -9999.0 -9999.0 -9999.0 -9999.0 -9999.0 -9999.0 -9999.0 -9999.0
12.886203 12.316599 7.456622 6.817106 6.350239 6.131837 5.990152 5.903551 5.111185 0.068986 3.741096 3.910671 4.342703 2.941613 -0.004200 -0.014214 -0.039585 -0.157859 -0.271496 -0.002448 -0.619457 -0.031012 -0.284004 -0.013379 -0.013113 -0.012978 -0.012698 -0.012590 -0.014505 -0.049143 2.157247 3.044741 -1.810203 -0.125219 -0.126092 -1.974627 -1.134050 -0.152794 -0.097705 -0.043002 -0.006226 -0.006162 -1.184800 -0.211312 -0.239521 -0.258720 -0.003446 3.400523 4.241822 4.103278 4.061352 3.984664 4.499447 -9999.0 -9999.0 -9999.0 -9999.0 -9999.0 -9999.0 -9999.0 -9999.0 -9999.0
13.408558 12.914798 12.180185 7.465351 7.002260 6.731266 6.481813 6.450280 6.058994 2.538859 3.976320 3.865754 4.280909 2.882300 1.675556 -0.004854 -0.015871 -0.119003 2.634859 1.094060 -0.237006 -0.044323 -0.037105 -0.013222 -0.013503 -0.011513 -0.017881 -0.013383 -0.012819 -0.040025 2.227664 2.438401 -0.435157 -2.203444 -2.146567 -0.715683 -1.969968 -0.239443 -0.113239 -0.119213 -0.052076 -0.024595 -0.008089 -0.134918 -0.140863 -0.171019 3.822065 4.790285 4.963481 -0.167347 -0.158500 4.332560 4.679046 -9999.0 -9999.0 -9999.0 -9999.0 -9999.0 -9999.0 -9999.0 -9999.0 -9999.0
14.017622 9.345153 8.821057 8.171970 7.724501 7.384469 7.061605 6.984832 6.694398 5.561502 5.568211 4.776164 4.024112 2.787406 1.324188 -0.014943 -0.013036 -0.019766 -0.104074 4.327315 3.159423 -0.232615 -0.013482 -0.013317 -0.014658 -0.259563 -0.015339 -0.013460 -0.012910 -0.632324 -0.011055 -2.210413 -0.470793 -0.219996 -0.014295 -0.010482 -0.659287 3.918370 -0.113946 -0.128544 -0.124437 -0.004347 -0.046279 -0.075340 -0.083500 -0.116873 -0.031981 5.827584 -0.040820 -0.054750 4.982262 4.675139 4.918479 -9999.0 -9999.0 -9999.0 -9999.0 -9999.0 -9999.0 -9999.0 -9999.0 -9999.0
8.612794 13.681036 13.491233 8.856418 8.461725 8.093024 7.708416 7.574022 7.150032 6.813375 6.308289 5.161514 3.903306 2.460724 1.364030 -0.004832 -0.005371 -0.013255 5.368475 4.831849 3.834224 1.145905 -0.011795 -0.013666 -0.013823 -0.014019 -0.013806 -0.013467 -0.013239 -0.012530 -0.012604 -0.012949 -0.013346 -0.013514 -0.010041 -0.007835 3.002652 4.629928 -0.116457 -0.125984 -0.133170 -0.004905 -0.096754 -0.035180 -0.026792 -0.019594 5.626944 -0.009090 -0.014899 -0.027391 -0.039769 5.157243 5.071301 -9999.0 -9999.0 -9999.0 -9999.0 -9999.0 -9999.0 -9999.0 -9999.0 -9999.0
9.926138 10.795442 12.301108 13.197694 13.303388 8.697066 8.344308 8.153942 7.635396 6.885132 6.043368 4.952043 3.684238 2.361263 0.430797 1.291486 0.342395 -0.007041 -0.025499 -0.078420 -0.197199 -0.440421 -0.214698 -0.011379 -0.013101 -0.013364 -0.014086 -0.013720 -0.013499 -0.013314 -0.013374 -0.014484 -0.018514 -0.013110 -0.007108 -0.029885 2.822919 -0.127252 -0.122417 -1.364083 -0.476991 -0.216155 0.002715 -0.049970 -0.017685 -0.014738 -0.004694 -0.004369 -0.004378 -0.012700 -0.033918 -0.004214 -0.028301 5.725066 -9999.0 -9999.0 -9999.0 -9999.0 -9999.0 -9999.0 -9999.0 -9999.0
7.098024 6.734802 7.176722 7.790283 8.024775 8.190926 13.013468 12.990181 12.426453 6.806754 5.804115 4.716685 3.605802 2.582979 0.673490 2.058611 0.960190 -0.005739 -0.025737 -0.043963 -0.171384 -0.332756 -0.592223 -0.009348 -0.008752 -0.009636 -0.018294 -0.013945 -0.013792 -0.013942 -0.030076 -0.262797 -0.014297 -0.012582 -0.201832 -0.058745 -2.043854 -1.879414 -1.691314 -1.410445 -0.456416 -0.288083 -0.213330 0.036097 -0.004922 -0.003485 0.234235 0.165732 -0.004391 -0.032123 -0.027606 0.175388 -0.024953 -0.016806 -9999.0 -9999.0 -9999.0 -9999.0 -9999.0 -9999.0 -9999.0 -9999.0
6.449403 5.928580 6.286381 9.782645 10.251865 10.910790 12.070169 12.720962 7.671277 6.822618 5.879535 4.935626 4.054732 3.958745 3.283926 2.171148 1.139346 -0.008432 -0.022458 -0.046331 -0.157418 -0.697385 -1.570953 -0.187921 -0.686501 -0.009651 -0.012658 -0.033998 -0.037735 -0.245101 -0.217203 -0.214624 -0.016437 -0.013314 -0.011318 -0.013016 -0.335907 -0.002644 -1.889353 -1.635683 -1.535422 -1.275368 -0.330276 -0.005187 0.204430 0.578745 0.540423 0.486772 0.718712 0.451984 0.523307 0.457905 -0.003589 0.525744 -9999.0 -9999.0 -9999.0 -9999.0 -9999.0 -9999.0 -9999.0 -9999.0
5.814181 5.205299 5.579210 6.224110 9.178446 6.529139 6.435353 7.389709 8.075586 7.590750 6.911771 6.102910 5.198242 4.276627 3.439998 2.071187 1.323712 -0.004779 -0.028486 -0.057372 -0.182486 -0.282699 -1.855000 -2.374673 -0.021786 -0.237919 -0.010030 -0.249798 -0.226937 -0.182272 -0.212377 -0.206417 -0.264381 -0.016985 -0.013913 -0.013254 -0.008899 -0.009445 -0.206937 1.952488 -1.049231 -1.075128 -0.950325 -0.133469 0.044191 0.801963 1.129262 0.707060 0.817653 0.819445 0.869560 0.864067 0.839486 0.867129 -9999.0 -9999.0 -9999.0 -9999.0 -9999.0 -9999.0 -9999.0 -9999.0
5.011232 4.448687 4.614653 4.992682 5.237672 5.212797 4.617129 5.746251 7.548750 7.871027 7.213704 6.465707 5.654896 4.341433 3.005044 2.163496 1.310848 -0.008256 -0.037239 -0.056207 -0.131203 -0.201880 -0.272542 -0.345370 -0.007098 -0.186407 -0.011784 -0.268227 -0.251162 -0.224091 -0.238577 -0.198096 -0.222334 -0.233566 -0.261168 -0.260378 -0.022464 -0.023872 -0.008727 -0.497257 -1.135472 -1.138329 -1.106634 -0.150933 -0.004966 0.568984 1.253129 0.760419 1.128435 1.715420 1.769007 1.248944 1.257955 1.497525 -9999.0 -9999.0 -9999.0 -9999.0 -9999.0 -9999.0 -9999.0 -9999.0
4.139533 3.643595 3.801083 4.107729 4.453480 4.370806 3.795148 4.473082 5.902399 6.885628 7.161954 6.511790 5.170178 3.800793 2.952431 2.104664 -0.004938 -0.025215 -0.040118 -0.045708 -0.145500 -0.158965 -0.198696 -0.284053 -0.003163 -0.229942 -0.007624 -0.012221 -0.315240 -0.245247 -0.257410 -0.207305 -0.192731 -0.203091 -0.187114 -0.202614 -0.226071 -0.247296 -0.036471 -0.008135 -0.003580 -0.951132 -0.918252 -0.172474 -0.133341 -0.007251 0.473554 0.296916 2.139451 2.207606 1.669285 1.707728 1.758994 -9999.0 -9999.0 -9999.0 -9999.0 -9999.0 -9999.0 -9999.0 -9999.0 -9999.0
3.762261 2.985491 3.227904 3.422440 3.708037 3.781593 3.772604 4.273072 3.519277 4.444243 5.372224 5.770208 4.755795 3.952862 2.912004 1.890685 -0.004169 -0.013491 -0.027944 -0.042638 -0.116258 -0.119546 -0.175082 -1.555453 -2.208867 -1.019629 -0.171173 -0.008427 -0.296663 -0.231160 -0.241008 -0.279221 -0.201841 -0.201351 -0.199214 -0.177790 -0.172675 -0.222706 -0.061349 -0.009209 -0.010883 -1.118453 -0.177321 -0.180826 -0.153877 -0.179408 -0.004375 -0.004712 0.974413 2.539633 2.744369 2.832070 2.793637 -9999.0 -9999.0 -9999.0 -9999.0 -9999.0 -9999.0 -9999.0 -9999.0 -9999.0
2.730650 2.585944 2.845759 3.109779 2.787903 2.917830 3.130228 3.528937 3.879738 2.882411 3.284863 2.852453 4.637401 3.768835 2.936791 2.117204 1.334742 -0.014162 -0.029033 -0.039351 -0.048427 -0.099307 -1.660122 -1.917688 -2.178727 -0.510832 -0.013195 -0.121962 -0.230557 -0.227343 -0.235472 -0.210533 -0.205039 -0.240145 -0.238715 -0.235164 -0.222452 -0.216058 -0.277954 -0.010049 -0.006780 -0.861315 -0.143203 -0.150176 -0.151698 -0.148647 -0.011500 0.575330 1.637399 2.490718 3.035904 3.289765 2.715913 3.410624 -9999.0 -9999.0 -9999.0 -9999.0 -9999.0 -9999.0 -9999.0 -9999.0
6.866711 8.370664 9.660372 2.695649 2.060345 2.193500 2.460754 2.884196 2.904684 1.412146 3.923620 2.750144 5.348032 3.945106 3.248804 2.456362 1.513059 -0.013759 -0.028988 -0.021476 -0.042347 -0.076694 -0.110938 -0.134156 -0.951938 -0.013134 -0.312001 -0.241156 -0.233157 -0.227961 -0.218762 -0.210610 -0.241186 -0.251124 -0.250441 -0.246644 -0.239008 -0.217989 -0.277860 -0.009718 -0.009060 -0.047374 -0.120843 -0.122874 -0.127005 -0.004001 0.010528 0.898554 1.660420 1.984720 2.607190 3.517443 3.763625 3.875856 -9999.0 -9999.0 -9999.0 -9999.0 -9999.0 -9999.0 -9999.0 -9999.0
8.613089 9.539217 9.612092 2.061576 1.989481 1.764435 2.123173 2.527751 2.398647 0.234730 4.084188 2.736998 5.609135 4.357186 3.668044 2.896741 1.783630 -0.004608 0.346018 -0.017929 -0.005038 -0.020813 -0.201071 -2.366497 -0.021562 -0.330760 -0.247443 -0.240704 -0.224721 -0.211731 -0.223258 -0.243163 -0.236200 -0.242301 -0.234651 -0.238391 -0.241498 -0.233406 -0.232294 -0.009438 -0.175698 -0.833596 -0.121623 -0.072592 -0.004691 -0.002038 0.432103 0.961091 1.674876 2.068467 2.059751 3.211885 3.112172 4.272015 -9999.0 -9999.0 -9999.0 -9999.0 -9999.0 -9999.0 -9999.0 -9999.0
8.999181 9.146316 9.000095 1.592843 0.380249 1.546604 1.687863 1.992344 2.546136 1.945443 2.829128 4.488862 5.111866 5.119595 3.987570 2.941440 2.038264 1.286214 0.611365 -0.008223 -0.033415 -0.104393 -0.354769 -0.191738 -0.334362 -0.236617 -0.228616 -0.225941 -0.221577 -0.231152 -0.239510 -0.235099 -0.238208 -0.303284 -0.271908 -0.234179 -0.235601 -0.237782 -0.235082 -0.006668 -0.277351 -0.717236 -0.143075 -0.052360 -0.016827 0.001318 0.537035 0.800926 1.037710 1.635623 1.716514 1.573631 3.101662 3.552233 10.165150 -9999.0 -9999.0 -9999.0 -9999.0 -9999.0 -9999.0 -9999.0
