geotop_simulations/templates/TEST_Venosta_3D_034_template/rec/SoilTemperature0000L0006.old.asc
ncols         252
nrows         194
xllcorner     598250.000000
yllcorner     5144500.000000
cellsize      250.000000
NODATA_value  -9999.0
[rows 112 to 139 of 194, columns 0 to 61 of 252]
-9999.0 -9999.0 8.859701 8.406155 8.256625 8.832611 3.642337 4.730027 5.529606 5.802400 6.166305 6.573414 6.721362 11.632720 11.907331 12.232645 12.342783 12.331498 12.416770 12.236205 11.383496 5.463272 5.121573 4.705510 4.276032 3.889376 4.869931 4.504983 4.183813 3.996620 3.851967 3.608815 3.205616 2.906716 3.143849 3.292291 3.290587 3.442134 3.693840 4.033963 4.295196 4.540070 4.956139 4.109125 4.644895 5.168329 5.729131 6.391737 6.966360 7.518280 7.901450 8.909382 13.103247 10.690292 9.769903 6.262867 5.542957 4.721662 3.987915 3.718706 3.595949 3.291207
-9999.0 -9999.0 7.850824 7.950720 8.817144 10.078614 11.304146 4.256990 5.023020 5.493868 5.764613 6.012624 6.233284 10.587123 10.912809 11.383911 11.744750 10.501073 12.277082 11.858220 6.055750 5.750717 5.423638 5.105761 10.895764 10.721910 10.273882 4.992092 4.709046 4.422692 4.289081 4.075290 3.794627 3.583603 3.681737 3.807242 3.788205 3.889347 4.150763 4.479791 4.760797 4.941666 3.947528 4.500094 5.138527 5.699384 6.195729 7.219616 7.283217 7.725945 15.593151 6.792941 10.930795 9.864579 6.418517 8.664837 5.246597 4.586118 3.866797 3.207964 2.913622 2.759668
-9999.0 -9999.0 5.784309 6.329220 7.998952 10.224032 11.533916 11.807997 4.658947 4.554437 5.415622 5.651607 5.361996 5.583254 5.745437 10.207588 5.287197 2.340400 6.059127 6.628186 11.447478 5.989718 5.686662 5.403354 10.926892 11.051087 10.717593 4.204955 3.850613 4.920099 4.774716 4.590991 4.261603 4.054024 4.173062 4.274668 4.240825 4.367060 4.638051 4.951747 5.238588 5.446193 5.458328 4.712984 5.424940 6.119772 6.689033 7.129966 7.804086 11.914812 15.415028 11.264984 10.194204 8.782436 5.743238 5.257298 4.859285 4.353680 3.727471 2.973126 2.293772 2.290717
-9999.0 -9999.0 4.004944 5.209202 7.912719 10.434533 11.256335 10.886586 3.481695 3.880445 4.253011 4.544597 4.812476 5.123409 5.306123 5.444484 5.631492 5.870524 2.276716 2.340295 11.755753 6.281879 6.049860 5.764401 5.506837 11.230889 10.982756 10.789431 4.434541 4.089743 3.825211 3.613998 4.701777 3.120321 4.706426 4.745624 4.696126 4.722911 3.584196 4.002543 10.922853 11.067537 6.133550 5.996605 5.447443 6.266909 6.999843 12.035399 11.934910 11.842672 15.299711 10.660567 9.391427 6.234128 5.578309 4.912912 4.340744 3.927661 3.422827 2.904924 2.240129 1.730785
-9999.0 -9999.0 4.055972 5.875372 8.228628 9.196846 8.634904 8.588245 2.906220 3.120763 3.516057 3.879467 4.203674 4.535414 4.825188 5.052297 5.249980 5.450347 5.710989 5.969422 6.314758 12.155140 6.388759 6.161262 5.960074 5.752812 5.520568 11.413623 11.081875 4.670898 4.389783 5.525033 3.901663 3.716478 3.648523 3.602238 3.619637 3.686542 3.874043 4.336552 4.881557 11.483964 5.610542 5.913970 6.099232 6.586932 7.297290 12.313248 11.267835 12.060632 11.280994 9.954974 6.557311 5.949843 5.342844 4.748820 4.152273 3.492703 3.406663 2.455819 2.428964 1.538939
-9999.0 -9999.0 -9999.0 8.870063 9.209619 8.564206 8.113602 2.301589 2.817798 2.969529 3.363960 3.381851 3.740097 4.044139 4.345541 4.655887 4.940996 5.192061 5.440641 5.671688 5.972959 6.407613 12.279559 6.542486 6.393727 6.232228 6.049954 5.823982 5.515470 5.199338 4.917896 4.663581 4.431452 4.264945 4.186168 4.111201 4.051261 4.069843 4.065331 4.298002 5.027205 11.759804 6.137788 6.489893 6.738556 7.069317 7.627288 12.574707 7.347921 10.625890 10.778425 9.718938 6.307942 5.629608 4.879608 4.252887 3.851612 4.076543 3.366107 2.146604 2.589818 2.229503
-9999.0 -9999.0 -9999.0 10.274019 9.989432 9.915606 9.820251 9.417105 2.466094 2.703545 2.962663 3.336972 3.359733 3.687346 3.988755 4.277051 4.592863 4.949819 5.274039 5.547332 5.756715 6.157779 6.525133 12.284569 12.347432 12.445022 6.479646 6.293687 6.010357 11.470138 5.439736 5.219442 5.034793 4.866295 4.737787 11.288469 4.505951 4.484475 4.522646 4.490351 4.944648 5.683796 12.171035 12.583476 7.202897 7.391203 12.499131 12.408291 12.062276 11.091366 10.163626 6.688773 6.021533 5.259025 4.513898 4.237808 3.848522 3.091331 2.796329 2.215853 3.166990 3.025059
-9999.0 -9999.0 -9999.0 8.970319 9.496473 9.491451 8.483270 7.695340 6.766241 6.942625 7.736426 2.787772 3.419770 3.984178 3.623494 3.927046 4.219219 4.559701 4.924274 5.236309 5.455361 5.735143 6.172047 6.498988 5.961237 10.549274 6.695871 6.601379 11.983259 6.189056 11.864605 5.820725 5.670645 5.460925 5.313792 11.671696 11.346714 4.984668 5.072121 5.134499 5.364023 5.814363 6.436820 7.126909 12.775465 7.705549 12.392759 12.120444 11.443015 10.559418 6.973581 6.465942 5.772855 4.990513 4.170715 3.397431 2.829885 2.530502 3.143596 3.139638 2.991264 2.711634
-9999.0 -9999.0 -9999.0 6.820684 7.620841 7.272622 5.797187 4.719677 4.530967 5.205559 7.053643 8.445009 2.997855 3.599558 4.051060 3.607217 3.856862 4.162823 4.501017 4.817202 5.094436 5.316179 5.658939 6.110159 6.395150 10.871812 2.561958 10.899426 12.081002 11.971354 12.336047 6.379681 6.238793 5.998670 5.856615 12.110731 11.872351 11.812519 12.064500 12.252927 5.905504 6.374758 6.884138 12.672160 7.723927 12.654952 7.916154 7.746424 10.869930 7.075826 6.555665 6.031557 5.522416 4.869470 4.018892 3.278767 3.254923 2.624423 2.434311 2.504596 2.317869 2.053480
-9999.0 -9999.0 -9999.0 7.000394 5.650248 4.522206 3.461306 3.086323 3.828070 5.061865 6.724020 8.317086 9.178319 9.874726 10.164806 4.061764 3.517534 3.748049 4.032657 4.323216 4.699648 5.009900 5.272495 5.614536 6.017772 6.281165 6.450097 11.457573 11.771162 12.165204 12.667884 6.792894 6.684459 11.722293 12.281495 12.644323 12.493183 6.231931 6.235591 12.754543 12.795588 6.873115 7.441958 13.298511 12.895799 12.361321 7.802610 11.341622 10.500950 6.672627 6.028444 5.423386 4.983908 4.712502 4.863352 4.405240 2.940195 3.567371 3.043194 2.566250 7.174318 6.952233
-9999.0 -9999.0 -9999.0 -9999.0 -9999.0 3.144101 0.757351 1.833010 4.159987 5.750043 6.974801 8.200518 8.953006 9.413896 9.535592 3.596855 3.783408 3.370377 3.531805 3.830778 4.179077 4.544275 4.878595 5.196354 5.631272 5.965524 6.174350 6.329020 6.489213 11.602718 12.014325 11.908856 12.384863 12.633351 6.992308 13.189052 6.935925 12.839417 6.935634 7.028858 13.383021 7.402765 7.817563 8.014442 10.751996 11.979837 11.636886 11.187868 10.443690 6.394057 5.676459 4.966610 4.326323 4.100114 4.044124 3.661534 3.167001 2.640985 3.670383 3.126002 8.170938 7.806823
-9999.0 -9999.0 -9999.0 -9999.0 -9999.0 -9999.0 -9999.0 -9999.0 -9999.0 -9999.0 8.463818 8.316773 8.298539 8.643277 3.123204 3.213192 9.032557 3.472091 3.175634 3.322445 3.674325 4.706502 5.058490 5.336584 5.205562 5.542837 5.738100 5.888926 6.089495 6.370757 11.081926 6.628832 11.749394 7.036526 7.378667 13.336884 13.276592 13.319394 13.304584 7.654139 7.734545 7.887837 12.663004 6.698379 12.868198 11.741951 11.394268 10.731124 9.913943 6.046296 5.372147 4.650161 4.031939 3.585289 3.365630 3.363112 3.904726 3.396727 3.215954 2.995097 8.524155 8.039162
-9999.0 -9999.0 -9999.0 -9999.0 -9999.0 -9999.0 -9999.0 -9999.0 -9999.0 -9999.0 -9999.0 -9999.0 8.669536 8.252611 8.033324 8.155679 8.469534 8.704313 3.093249 3.355713 3.092142 3.588343 4.781947 4.408339 4.707344 5.012624 5.306959 5.589312 5.873613 6.122625 6.336610 6.554751 11.300212 11.721783 12.230756 12.655452 12.926287 16.403101 16.392851 16.486901 10.666116 6.582499 13.325871 13.553931 15.110235 11.463694 10.608286 9.407976 6.097552 5.575200 4.997469 4.350340 3.860489 3.403895 3.004770 2.857104 3.077866 2.803941 2.521299 1.870022 7.056786 6.987405
-9999.0 -9999.0 -9999.0 -9999.0 -9999.0 -9999.0 -9999.0 -9999.0 -9999.0 -9999.0 -9999.0 -9999.0 -9999.0 8.076128 7.214171 7.433617 7.611441 7.535834 2.333830 2.536189 2.928982 3.492624 3.967013 3.840981 4.138291 4.886844 4.956717 5.319578 5.670973 5.850086 5.923816 6.058376 6.255242 6.517434 6.872370 7.229954 12.098621 12.336675 12.183294 15.188720 11.952445 7.849269 11.916661 11.891633 14.663517 10.946757 9.830511 6.181640 5.566294 5.006816 4.470823 3.904154 3.414553 3.044129 2.743137 2.576787 3.139776 2.565071 6.978398 5.908685 5.146499 4.795183
-9999.0 -9999.0 -9999.0 -9999.0 -9999.0 -9999.0 -9999.0 -9999.0 -9999.0 -9999.0 -9999.0 -9999.0 -9999.0 -9999.0 7.627350 8.137902 8.291557 8.392074 2.352462 2.359368 2.312564 2.684529 3.289064 3.688227 4.163517 4.811823 5.362559 5.625674 5.238242 5.419817 5.551369 5.699604 5.854068 6.051327 6.337515 6.657627 7.006157 7.216706 7.373302 11.133941 7.507312 7.526294 7.548448 11.362504 7.235997 6.716565 6.241107 5.815090 5.305185 4.645069 4.005581 3.446958 2.894443 2.526646 8.686056 8.751064 3.130169 2.620675 1.817058 5.795233 4.905775 5.550550
-9999.0 -9999.0 -9999.0 -9999.0 -9999.0 -9999.0 -9999.0 -9999.0 -9999.0 -9999.0 -9999.0 -9999.0 -9999.0 -9999.0 6.703269 6.768213 7.508895 8.539742 9.286048 9.667695 2.726190 2.727184 3.023205 3.455469 4.028037 4.590669 4.998082 4.598479 4.800678 4.993625 5.212455 5.444313 5.640688 5.838171 6.064052 6.233449 6.502697 6.775265 6.928597 6.896210 6.859588 6.875122 6.921879 6.932312 6.817326 6.333450 5.739050 5.263382 4.861272 4.924911 3.723998 3.030528 2.405149 2.904201 8.486099 8.321591 2.583673 2.532840 1.688242 7.453333 6.843800 7.277646
-9999.0 -9999.0 -9999.0 -9999.0 -9999.0 -9999.0 -9999.0 -9999.0 -9999.0 -9999.0 -9999.0 -9999.0 -9999.0 6.400536 5.286979 4.146919 4.232889 5.266088 6.827061 8.417626 9.347756 9.257634 8.692349 2.929409 3.346193 3.747765 4.062197 4.042118 4.358342 4.580527 4.797899 5.069676 5.284274 5.442854 5.693384 6.033743 6.421694 6.660575 6.509499 6.310519 6.206228 6.202718 6.167689 6.113031 6.200355 6.036594 5.467585 4.779134 4.188279 3.759677 3.653960 2.544819 2.912725 2.775240 8.194501 7.688749 1.784386 1.844240 0.766526 8.828674 8.602475 8.234771
-9999.0 -9999.0 -9999.0 -9999.0 -9999.0 -9999.0 -9999.0 -9999.0 -9999.0 -9999.0 -9999.0 -9999.0 -9999.0 -9999.0 5.843453 4.837304 4.008363 4.043506 4.678779 5.759616 6.487319 6.822496 1.832844 2.059732 2.523351 3.071549 3.497606 3.952884 3.864835 4.820721 4.414539 4.698940 5.072973 5.510234 5.890976 6.173304 6.187261 6.156623 6.000184 5.815150 5.649465 5.609233 5.527219 5.386877 5.463700 5.724381 5.310651 4.705132 3.959540 3.251204 3.072012 2.705906 2.253450 1.885579 6.802960 6.492212 6.366149 6.488726 0.518564 0.680789 8.154290 7.650853
-9999.0 -9999.0 -9999.0 -9999.0 -9999.0 -9999.0 -9999.0 -9999.0 -9999.0 -9999.0 -9999.0 -9999.0 -9999.0 -9999.0 -9999.0 -9999.0 3.966330 3.469993 3.773628 4.348418 4.259097 4.272401 4.835120 5.630617 6.639340 2.477700 3.084602 3.554893 3.828130 4.196124 4.117411 4.663638 5.240432 5.745726 6.064656 5.887467 5.798747 5.617669 5.486163 11.313677 5.002582 4.849990 4.821902 4.808913 4.827736 5.256258 5.305997 4.792658 4.099211 3.346737 3.306572 2.437860 6.105323 5.424340 5.138348 5.093144 4.770321 4.791198 5.177702 5.632798 5.464895 5.095184
-9999.0 -9999.0 -9999.0 -9999.0 -9999.0 -9999.0 -9999.0 -9999.0 -9999.0 -9999.0 -9999.0 -9999.0 -9999.0 -9999.0 -9999.0 -9999.0 -9999.0 -9999.0 5.145347 3.174989 2.288205 2.586432 3.214758 4.003042 4.737544 5.448985 6.436375 2.946043 3.692584 4.542554 5.384915 4.848238 5.316224 5.712697 6.477124 5.486667 5.212492 4.807896 4.473800 9.607836 9.486793 4.047652 4.044207 4.053112 4.111488 4.564729 5.023990 4.892642 4.305596 3.606779 2.813654 3.047915 7.160034 6.139027 5.591897 4.663941 3.563158 3.474170 3.505502 3.410230 3.135559 3.988909
-9999.0 -9999.0 -9999.0 -9999.0 -9999.0 -9999.0 -9999.0 -9999.0 -9999.0 -9999.0 -9999.0 -9999.0 -9999.0 -9999.0 -9999.0 -9999.0 -9999.0 -9999.0 -9999.0 -9999.0 6.126616 6.243885 7.093318 7.683171 7.465469 7.232997 8.202647 9.783628 4.688075 5.437773 4.483476 4.923879 5.359275 5.373124 5.620763 4.952050 4.576593 4.067507 7.483801 7.412267 7.881249 8.025710 7.678816 8.138164 9.354131 4.023367 4.525833 4.849711 4.503387 3.898837 3.090905 3.454754 2.967413 8.082757 7.722308 6.571425 5.150933 4.359316 3.246797 2.409177 2.585658 4.497959
-9999.0 -9999.0 -9999.0 -9999.0 -9999.0 -9999.0 -9999.0 -9999.0 -9999.0 -9999.0 -9999.0 -9999.0 -9999.0 -9999.0 -9999.0 -9999.0 -9999.0 -9999.0 -9999.0 -9999.0 -9999.0 9.086376 9.989587 10.584845 10.622788 10.590336 11.353827 12.751465 5.278744 4.139907 4.628969 5.015655 5.307938 5.265322 9.661062 4.187338 3.830819 8.599090 7.844659 6.341046 5.795415 5.934677 6.571275 8.467265 3.149765 3.600130 9.194119 4.367638 4.562025 4.085941 3.340646 3.671612 3.370937 3.037617 2.657029 8.233727 8.070949 8.550418 8.042809 7.075832 6.206532 6.400914
-9999.0 -9999.0 -9999.0 -9999.0 -9999.0 -9999.0 -9999.0 -9999.0 -9999.0 -9999.0 -9999.0 -9999.0 -9999.0 -9999.0 -9999.0 -9999.0 -9999.0 -9999.0 -9999.0 -9999.0 -9999.0 10.036839 10.475509 11.027672 11.310459 11.529685 11.872616 12.509719 13.947423 5.502942 4.731027 4.328717 4.653013 4.688385 3.957467 7.081328 2.811975 7.011724 6.843395 5.826542 4.623036 4.602962 6.598353 8.465991 2.538130 7.421281 8.777293 3.926603 4.406088 4.352425 3.331936 2.903042 3.841000 3.539625 3.093141 2.821333 3.070287 10.118767 2.792443 2.203469 7.442967 7.646151
-9999.0 -9999.0 -9999.0 -9999.0 -9999.0 -9999.0 -9999.0 -9999.0 -9999.0 -9999.0 -9999.0 -9999.0 -9999.0 -9999.0 -9999.0 -9999.0 -9999.0 -9999.0 -9999.0 -9999.0 -9999.0 11.833164 11.652710 11.950813 12.257039 12.538064 13.500314 14.199849 14.306739 4.435806 3.970044 4.349933 4.808790 4.258526 7.830733 6.063170 4.626335 4.279960 4.397473 4.640233 4.698113 5.688596 7.154978 7.029754 6.360387 7.588680 10.288886 3.675346 3.947185 3.553928 3.728347 3.885743 4.077121 3.960428 3.487632 3.175753 3.168319 2.932985 2.412062 1.881072 7.326532 9.084995
-9999.0 -9999.0 -9999.0 -9999.0 -9999.0 -9999.0 -9999.0 -9999.0 -9999.0 -9999.0 -9999.0 -9999.0 -9999.0 -9999.0 -9999.0 -9999.0 -9999.0 -9999.0 -9999.0 -9999.0 -9999.0 12.582437 12.465866 12.833513 4.440022 4.850553 5.183066 4.167560 4.016854 3.727577 3.568317 3.607616 4.125892 8.814962 7.855157 6.343600 5.178263 4.071011 3.343437 3.578346 5.377259 7.368055 7.603158 7.273424 7.964706 10.086644 12.282434 3.647656 3.705918 3.159032 2.984325 2.967325 3.250621 3.499067 3.565843 3.165058 2.811176 2.339561 1.614238 1.692444 8.765143 11.082738
-9999.0 -9999.0 -9999.0 -9999.0 -9999.0 -9999.0 -9999.0 -9999.0 -9999.0 -9999.0 -9999.0 -9999.0 -9999.0 -9999.0 -9999.0 -9999.0 -9999.0 -9999.0 -9999.0 -9999.0 -9999.0 4.429782 4.509646 4.621997 4.694224 4.844531 3.794863 10.668287 8.097051 6.305537 2.379093 2.658814 3.006207 7.595652 7.329280 6.765845 6.082201 4.242156 3.365149 5.202760 7.478164 8.662215 9.208629 9.730433 10.925167 12.482180 2.528416 3.525874 3.878520 2.740165 2.545111 1.771983 1.657307 2.206664 2.891736 2.797930 1.796456 0.668684 0.507158 6.317301 8.695917 10.592190
-9999.0 -9999.0 -9999.0 -9999.0 -9999.0 -9999.0 -9999.0 -9999.0 -9999.0 -9999.0 -9999.0 -9999.0 -9999.0 -9999.0 -9999.0 -9999.0 -9999.0 -9999.0 -9999.0 -9999.0 -9999.0 4.477858 4.533318 4.610063 3.370963 0.575157 7.404459 6.364627 4.888624 4.348180 4.797145 5.638741 5.884230 5.941184 6.278901 6.105522 6.176635 6.272232 6.615716 7.340354 7.168722 6.636412 6.867796 8.123918 9.512316 10.756908 2.417040 3.301731 3.413992 2.199844 2.159286 1.522844 1.035449 1.278598 1.978611 2.695961 0.878638 0.626501 5.169404 5.413123 6.921878 8.001835
-9999.0 -9999.0 -9999.0 -9999.0 -9999.0 -9999.0 -9999.0 -9999.0 -9999.0 -9999.0 -9999.0 -9999.0 -9999.0 -9999.0 -9999.0 -9999.0 -9999.0 -9999.0 -9999.0 -9999.0 -9999.0 3.369023 3.036003 2.660070 2.473456 2.756328 6.044899 4.950452 4.589246 5.518859 7.406740 7.859217 7.513949 7.123642 0.731321 6.764313 8.177239 8.909060 8.648518 7.458076 5.494756 3.926611 3.672419 4.351015 6.061533 8.502375 2.506570 3.737680 3.279708 2.596841 2.007089 1.589219 5.462103 5.557593 1.743471 2.407594 0.795832 0.482309 -0.005103 4.857860 5.612999 5.867699
