geotop_simulations/templates/TEST_Venosta_3D_034_template/rec/SoilPressure0000L0002.old.asc
ncols         252
nrows         194
xllcorner     598250.000000
yllcorner     5144500.000000
cellsize      250.000000
NODATA_value  -9999.0
[rows 72 to 95 of 194, columns 162 to 215 of 252]
-2699.120802 -3596.295806 -4187.183386 -4333.650227 -4426.812856 -4490.271984 -4579.647256 -4115.646889 -4133.646878 -4147.893126 -4080.007077 -4016.637290 -3996.073198 -3973.024675 -3955.954180 -3910.748684 -3953.766290 -3952.046569 -3930.692686 -3940.162790 -3927.721426 -3887.536101 -3856.839000 -3872.224331 -3905.358606 -4495.241200 -4480.694984 -3919.257775 -3884.830716 -3851.776131 -3808.503626 -3787.953386 -3732.394576 -3676.535027 -3577.443513 -3405.170165 -3178.466131 -2665.636233 -2117.510144 -1540.737185 -1564.513793 -1054.389532 -732.952791 -534.867956 -293.061603 -19.350623 -5086.681642 -6274.093169 -6180.416661 -6122.436523 -2310.625355 -821.417782 -1546.557211 -136.472269
-3023.180410 -3421.585207 -3858.572928 -4164.799533 -4334.940241 -4030.857860 -4067.522031 -4096.088451 -4104.955049 -4041.292901 -3952.226494 -3919.381741 -3895.873133 -3876.453085 -3840.258500 -3810.686657 -3873.849865 -3858.355016 -3814.278029 -3842.816394 -3851.717073 -3816.588977 -3769.957818 -3784.797737 -4006.960906 -4100.882006 -4273.140084 -4402.876244 -4425.086105 -3866.799885 -3822.860917 -3798.623829 -3740.173808 -3635.308995 -3541.776559 -3423.442688 -3198.612769 -2712.977806 -1736.605296 -2024.489024 -1160.326542 -714.069413 -795.677721 5018.373673 96202.770353 59902.075440 -21563.453813 -6619.915261 -44.179372 -492.300973 -7464.445719 -3261.904489 -3385.448150 -3167.177337
-2852.923186 -2956.705419 -3164.227253 -3526.558079 -3822.669935 -4109.762725 -3990.780436 -4024.069531 -3973.686515 -3887.562938 -3855.897867 -3835.780357 -3528.571151 -3755.040704 -3594.849877 -3665.549215 -3784.855567 -3788.933592 -3751.775204 -3754.499587 -3768.446777 -3762.843258 -3767.788150 -3797.261069 -3748.450050 -3622.891763 -3666.355005 -3740.595992 -3757.894261 -3779.728047 -4337.570191 -4334.796067 -4255.295140 -3608.479093 -3508.586228 -3393.801724 -3207.534395 -2938.726989 -2370.793134 -2756.857302 -1001.369007 -597.564074 -28.744134 289.800964 91373.444065 53870.393546 -254499.926571 -1408.267066 -3342.953926 19.173798 -31264.981399 -6569.775717 -5008.467954 -9289.336350
-2600.073529 -2288.148121 -2544.810731 -3273.674789 -3941.205331 -4142.053228 -3951.467391 -3898.294541 -3798.974148 -3781.967409 -3802.595841 -3770.019736 -3723.193373 -3750.498443 -3754.560006 -3737.654702 -3696.066790 -3746.258248 -3700.234998 -3700.686608 -3721.785306 -3817.699640 -3831.929626 -3758.027886 -3703.781336 -3497.979213 -3511.656206 -3918.826479 -3953.910643 -4021.078896 -4166.586799 -4260.182096 -3675.881552 -3598.037794 -3517.106491 -3432.921008 -3342.219059 -3355.649256 -3231.321189 -2096.314761 -677.633165 -290.863238 0.637766 2348.184007 63060.171364 -231394.906745 -386606.187788 -11367.319499 -324728.758305 -5886.622871 -17332.720435 -33900.727816 -30109.253142 -53578.299198
-3552.959341 -2303.680408 -2650.001887 -3653.356892 -4075.555177 -3900.675693 -3885.456157 -3758.923005 -3673.987778 -3048.809102 -3297.833733 -3674.767988 -3834.372219 -3672.980055 -3815.935221 -3753.506039 -3730.626571 -3643.256512 -3651.470848 -3717.689231 -3698.564611 -3864.188813 -3826.275518 -3696.720596 -3655.353825 -3369.026522 -3412.057342 -3539.714373 -3791.736181 -3479.983921 -3332.605834 -3575.862809 -3694.595191 -3657.187641 -3610.899250 -3550.209550 -3444.911334 -3240.674326 -2808.560313 -962.046869 -514.466240 -217.421651 0.996407 3373.809474 56199.639531 -47983.902776 -472387.636325 -502076.612634 -73.294441 -97290.821801 -17492.770255 -55611.473488 -50566.354814 -39198.361094
-3234.507426 -3615.969069 -3623.173768 -3865.686550 -4219.930628 -3834.981468 -3684.315068 -3563.884491 -2629.279910 -2641.580661 -2896.903363 -3225.393024 -3292.533904 -3629.907458 -3157.274544 -3600.175306 -3645.672443 -3426.023515 -3700.626116 -3797.966518 -3855.177670 -3844.394053 -3743.191613 -3599.050351 -3567.737482 -3246.824351 -3249.701014 -3320.457017 -3311.508100 -3120.697710 -1826.038095 -2825.933046 -3602.781595 -3661.063218 -3603.541920 -3540.170579 -3442.224117 -2556.996637 -1130.867229 -586.126795 -310.530523 -4.552285 2.649697 3811.574702 57372.469264 39805.346167 -18925.772682 -48109.861491 -37.884021 -20397.757740 -20457.335814 -55805.217761 -55388.099741 -50724.570825
-3481.124956 -3789.438007 -3821.588377 -3955.293731 -3761.192007 -3412.058297 -3302.022478 -2417.380960 -2474.481577 -2570.969053 -2646.560846 -2629.564387 -2511.258620 -2568.276111 -2621.577331 -2600.418523 -3014.717867 -3729.292372 -3981.659345 -3843.362449 -3838.868908 -3777.280090 -3555.008356 -3515.171473 -3442.789389 -3107.368213 -3116.098779 -3160.833403 -3171.358501 -2641.328263 -1096.019696 -1213.053278 -2865.895791 -3455.443996 -3544.960544 -3452.080604 -2450.630613 -1040.328545 -681.331402 -444.480990 -323.112356 15.073223 -576.051891 12975.719725 121321.584674 121883.263950 118846.822748 60050.507247 -5.002921 -84052.029313 -2725.745213 -13874.061369 -71822.591700 -54724.547934
-2608.016052 -2824.671951 -3111.947541 -3750.541138 -1082.113382 -2430.888309 -2759.715883 -2708.764797 -2864.567237 -2733.003834 -2561.071252 -2293.010645 -1906.946954 -2032.764036 -2074.669144 -2328.483626 -2835.060499 -3568.739719 -3746.098047 -3776.654057 -3744.247544 -3483.459584 -3440.777298 -3489.368252 -3464.241209 -3084.421089 -3146.368869 -2997.612427 -2772.935435 -2118.463261 -1289.618431 -1481.754928 -1090.164218 -1741.554417 -2479.910006 -2483.626597 -1648.649035 -1192.259725 -803.015116 -549.483508 -516.049076 -570.333976 -1441.919877 13532.017451 53492.041334 53202.440184 74412.421393 -337631.034966 -314481.013938 -458079.456198 -9299.262483 -4843.576459 -66869.143362 -50875.337836
-2206.412866 -2443.968490 -1489.952279 -886.498969 -788.182535 -1671.056381 -1877.168207 -2184.339061 -2379.887857 -2145.378529 -2064.437041 -1764.517947 -1393.870509 -1542.026881 -1843.164476 -2447.370297 -3194.056998 -3563.399819 -3784.684627 -3704.861231 -3534.135221 -3286.311853 -2978.953151 -3220.415720 -3317.035616 -3226.822048 -3246.540594 -3119.823859 -1874.407005 -1480.935622 -1188.146493 -1098.027132 -909.319656 -796.166491 11279.258303 598.535693 -1622.454775 -1152.803573 -872.525010 -731.194454 -1018.037394 -536.962264 -856.747607 2325.322544 3005.659641 24865.821922 -367401.860443 -393644.344179 -394573.473308 -234120.428525 -4097.851336 -39896.250453 -51107.533617 -50407.802408
-1384.758124 -1569.956364 -732.110916 -648.268889 -1020.142476 -1570.609233 -1672.079240 -1793.572086 -1991.717593 -2263.597452 -2559.568361 -1685.800900 -1200.697224 -1309.578248 -2117.989392 -2738.987361 -3354.412483 -3855.847293 -3710.481113 -3654.592296 -3330.894508 -2983.156212 -2655.880647 -3091.751474 -2608.424991 -2565.478973 -2647.806237 -2707.212127 -1377.302797 -1212.922112 -1016.787162 -855.497286 -727.958848 -617.802414 -1087.282397 2893.576406 -2179.491786 -1432.421637 -1219.924211 -1060.357856 -736.303076 -420.141943 -34.463753 8.370411 594.703168 17358.134073 65637.431477 72920.287775 -346980.915154 -9222.709880 -71036.358163 -53398.812409 -52063.933091 -51211.284522
-734.174615 -934.179427 -512.871217 -590.726609 -690.587490 -698.917997 -1197.032557 -1786.574469 -1760.859691 -2604.904698 -3136.420845 -3202.148357 -3114.968381 -3260.430902 -3532.048344 -3446.965557 -3751.893880 -3685.528328 -3662.428434 -3035.632787 -2986.781465 -2535.223316 -3218.654821 -2870.452914 -3017.878055 -2520.658613 -2219.595619 -2151.328908 -2208.314541 -1236.879032 -944.014398 -805.679875 -695.378034 -725.259885 -759.585639 7069.384784 -2752.972182 -2067.441042 -1851.367075 -1645.759628 -1093.513655 -582.102998 -470.783769 6.562916 -463.952660 22225.165149 86806.833787 -420745.997581 -18750.669795 -74525.025740 -55257.186326 -54010.812712 -50181.759437 -46905.536054
-563.831597 -626.121277 -338.415058 -483.588602 -454.897227 -297.622784 -766.932045 -914.472127 -960.911791 -3397.611652 -3190.235774 -3300.355023 -3360.585541 -3390.035425 -3574.899163 -3721.544467 -3646.439039 -3639.461519 -3499.856916 -2631.283180 -2050.984495 -2255.136746 -2485.926644 -2811.636400 -2677.547751 -1993.867887 -1899.499748 -1683.528390 -1237.708672 -1813.648598 -796.928803 -730.386643 -717.772144 -592.946850 -600.507887 -1071.985518 -2777.104757 -2726.890369 -2334.115559 -1614.549356 -934.934205 -619.706376 -588.611716 -194.322691 2056.575961 84969.256869 78721.613851 -49063.478181 -71882.789827 -52690.066761 -50701.226324 -50342.114867 -49413.856624 -51509.258615
-499.817670 -576.564817 2.557820 -297.266812 -184.022280 -50.712594 -696.315382 -1466.282372 -3234.578734 -2993.120614 -2488.977029 -2837.662545 -3281.394704 -3468.106291 -3628.480318 -3578.804011 -3576.165735 -3549.516671 -2595.698476 -2012.652275 -2057.363422 -1601.789459 -1416.386528 -2468.748122 -2080.393740 -1798.326377 -1256.441474 -1338.089788 -1419.628431 -1040.703117 -673.558995 -625.338991 -682.301201 -620.028705 -571.358305 -620.650364 -1194.293752 -2790.228385 -2499.548898 -1948.262859 -1124.947277 -764.699973 -372.172958 -743.181151 13416.560554 163445.271661 -320986.349269 -31819.771332 -55125.510097 -50707.479342 -50047.283248 -49796.587973 -51581.069222 -54732.970292
-912.330922 -447.740894 -289439.281909 -160670.483543 -152712.715037 -406.028057 -771.785005 -2648.225190 -3042.112142 -2891.942789 -2522.367791 -2667.077402 -3111.290197 -3385.321905 -3535.502164 -3511.126576 -3471.100304 -2810.942868 -2058.694045 -1800.586367 -1963.090784 -2182.822159 -2012.542391 -1818.181049 -1568.522805 -1413.878356 -1084.606172 -1150.237723 -1514.673540 -1556.093438 -757.741216 -612.460440 -661.721210 -653.004205 -622.859798 -484.670249 -531.124228 -923.577492 -2906.781918 -2517.638982 -1698.001084 -687.510324 -388.031098 -1604.573014 31778.735322 180830.088144 -9769.991871 -61870.453708 -54058.274741 -54277.423034 -53128.638422 -51337.406250 -54309.148633 -58308.141887
-1267.994088 -519.582618 -395.245527 -588.568867 -1830.270970 -2672.726511 -3002.689768 -2658.963209 -3095.359574 -2794.233048 -2848.776497 -2807.572631 -3095.153031 -3330.202829 -3416.343630 -3439.144046 -3396.608248 -819.098001 -1106.165041 -1508.856724 -1565.989866 -1760.892956 -1497.712520 -1010.921909 -874.555980 -890.858033 -1011.710797 -1231.010589 -1327.720624 -1339.802686 -722.111615 -613.949041 -626.365611 -605.894383 -575.964843 -135924.496499 -282323.206983 -613.146897 -2745.073428 -2794.038987 -1694.112036 -708.577081 -343.929187 -1564.792840 39178.065992 54463.365543 -8090.844678 -31933.444677 -57838.335816 -56624.434493 -53215.990015 -55868.546932 -62102.452400 -62223.149877
-1364.340003 -1310.087852 -1271.231692 -1836.925421 -1891.081903 -3542.782721 -3219.189104 -2435.180531 -2443.859291 -2671.787768 -2651.508735 -2807.086364 -3000.006453 -3263.872701 -3334.707957 -2564.919351 -825.756809 -810.380324 -1156.731686 -1108.122881 -1080.187505 -1085.596193 -972.635511 -869.544594 -767.471466 -792.311426 -915.696579 -1001.504541 -1023.154830 -707.685057 -671.987585 -736.128997 -763.175415 -547.614000 -478.974153 -110861.824732 -278103.378396 -485.470056 -190.199775 -2524.983494 -1275.093869 -604.882222 -339.616328 -820.655079 25215.630796 214067.248998 -276835.204349 -23466.080820 -60054.206580 -58025.777585 -52839.623708 -60441.708319 -66512.779717 -72021.055327
-712.604020 -586.029750 -528.420733 -855.333263 -888.499642 -1382.403482 -2275.519813 -2009.697547 -2141.931717 -2475.362793 -2457.693571 -2845.508809 -2254.006020 -1405.254787 -2009.514407 -1876.609391 -819.561640 -889.586468 -1041.299668 -1065.997115 -953.145777 -883.122982 -785.299842 -789.504520 -748.523571 -737.975655 -781.327353 -840.741925 -838.136732 -670.495126 -1265.024463 -1184.624325 -718.317148 -520.346226 -101843.893640 -189866.976840 -82821.959622 -418.807226 25.408733 213.745539 -931.879677 -410.324090 11.202514 -850.279114 27923.391589 205907.995147 -342143.012163 -22225.753716 -62644.419707 -59066.061650 -55967.577707 -73909.498404 -33348.222164 -7910.097059
-18.683543 -54.893813 -310.178720 -453.624710 -725.752473 -1093.549855 -1548.217977 -1862.935063 -1909.019492 -2281.285700 -2523.382153 -1630.250476 -1126.145364 -1571.321218 -1499.875159 -1289.095977 -726.546380 -666.641895 -761.823160 -841.757033 -771.853123 -734.762213 -791.261793 -775.101256 -669.992890 -642.373229 -680.923568 -735.916676 -808.617660 -872.531643 -1490.237968 -1055.751769 -663.835310 -679.197076 -101.870016 -243976.577498 -217737.083665 -466.041831 142.964952 697.885011 476.215328 -357.660820 16.007862 -915.072447 15865.554025 163292.291610 -330020.592768 -18787.028603 -65649.582874 -60846.477977 -60914.193007 -76364.958603 -41507.586725 -384001.296523
-104138.989383 -69958.320540 -333.121670 -632.531408 -785.818863 -908.378440 -1200.203496 -1507.094517 -1643.904538 -1748.984616 -1919.926570 -1895.549995 -1586.079315 -1376.177133 -1008.810033 -813.199915 -637.356856 -1527.422671 -1418.890098 -656.018875 -526.431828 -474.826546 -840.969344 -981.400748 -909.249591 -691.917050 -642.441989 -643.106466 -813.926214 -968.703383 -909.064584 -849.568664 -705.153107 -583.548925 -1054.750215 -850.500870 -55152.486089 -207.309812 -390.625204 17072.402284 36465.103472 -378.459278 14.069130 16.026212 -768.952188 78469.161566 -283039.939394 -120653.028690 -26520.113673 -73912.117888 -72655.828303 -54329.757985 -282436.078776 -409009.459054
-103795.438473 -531876.466540 10.789969 -665.577006 -782.622996 -828.634587 -962.402949 -1140.203191 -1350.014583 -1440.195368 -1534.733120 -1595.702014 -1317.583829 -1054.074894 -891.280972 -766.678895 -670.317920 -615.755796 -569.309889 -443.587797 -299.882670 -265.688855 -728.345331 -1078.825126 -1031.404870 -911.504393 -827.191816 -776.820634 -868.478688 -962.069482 -927.238697 -805.037411 -721.044252 -2080.569950 -1587.777548 -596.458549 -569.544894 -668.394714 -390.510159 -420.284061 16649.957375 3917.332095 -130.826527 13.965867 -1164.186885 66639.015193 114848.962007 -165933.530487 -365461.268836 -80417.826302 -68068.447318 -219173.963388 -391901.855229 -386967.928874
-254000.063213 -0.732573 -453.101743 -592.066846 -698.533855 -764.865983 -815.250178 -989.987816 -1232.967871 -1357.470171 -1399.990908 -1220.457600 -959.778551 -867.036844 -792.509893 -744.460665 -628.938566 -612.913495 -533.708277 -611.334646 -874.181295 -1083.067589 -816.303251 -942.071739 -1208.906427 -1124.443221 -1221.828023 -997.953216 -916.672944 -857.531411 -851.885224 -792.207746 -697.808949 -1065.669527 3491.487978 -597.809857 -597.673529 -586.283625 -438.666880 -448.729529 -510.903497 2089.902604 -191.244160 13.093841 -23.630040 30172.189062 111406.030304 227939.809891 11147.842170 -388209.814388 -381129.654474 -385670.062359 -378373.012201 -358640.345608
0.391964 -507.813239 -622.882913 -678.828924 -739.692642 -807.082999 -895.146461 -979.309157 -1104.105323 -1165.969281 -1095.227519 -971.536106 -855.898605 -776.820288 -722.165398 -624.590280 -546.097285 -724.594011 -885.779654 -1364.191997 -1098.366394 -1192.754109 -1044.756799 -1349.863821 -1648.508081 -1350.515200 -1310.083786 -1431.720594 -1280.529126 -984.063238 -904.472164 -843.779053 -786.723424 -939.845104 -1063.650935 -1497.598266 -677.553678 -584.616406 -541.887407 -497.328986 -101924.324639 -24666.186846 -165.527328 11.992184 15.593933 6261.908609 70966.042917 172660.841061 284176.319039 140258.555290 -292121.808799 -363926.177662 -350435.392327 -232012.342725
-550.491725 -589.822700 -623.628730 -715.451397 -761.231707 -819.232532 -995.931162 -1098.013944 -1185.143836 -1332.606251 -2102.334999 -1661.751962 -958.831946 -716.701810 -582.034377 -465.231796 -444.234662 -804.562191 -829.434972 -1151.028641 -1448.486330 -1585.604770 -1796.859193 -1830.445332 -1088.333381 -949.059308 -1189.225293 -1129.065500 -1217.710352 -1767.757641 -1500.400221 -1120.996587 -745.817089 -817.517134 -812.931073 -1911.217978 -1177.634339 -680.774208 -562.009212 -631.674660 -110726.256606 -19003.849301 -330.150383 15.018961 15.377716 16.654419 -515.357199 21031.843185 206062.726067 340130.105730 179253.161895 -507.621553 -123206.900720 -304998.080985
-598.809018 -1432.022005 -1290.565596 -1286.855427 -782.018103 -848.305208 -1181.590466 -1183.649232 -925.164580 -1404.142292 -2216.683999 -1602.402843 -1072.323546 -1573.664358 -825.404380 -644.754748 -551.839344 -732.618700 -739.924484 -844.106544 -1166.486561 -1912.290382 -1119.487295 -1170.619466 -986.338127 -973.753129 -900.434852 -1074.714417 -1083.795798 -1182.906909 -1160.038057 -920.984368 -750.890261 -779.951734 -838.805806 -738.763561 -702.353909 -677.628265 -628.978138 -706.375088 -139363.060899 -23675.280609 -495.671655 -225.971479 17.135434 18.970334 18.414556 -467.920268 15756.075155 218645.708579 279248.161831 235168.604712 40347.138955 187446.463295
