geotop_simulations/templates/TEST_Venosta_3D_034_template/rec/SoilPressure0000L0007.old.asc
ncols         252
nrows         194
xllcorner     598250.000000
yllcorner     5144500.000000
cellsize      250.000000
NODATA_value  -9999.0
[rows 72 to 95 of 194, columns 165 to 219 of 252]
-544.789155 -561.352738 -567.849639 -576.552495 -787.343733 -805.384973 -828.221178 -787.334750 -977.543487 -965.013942 -959.610340 -938.869967 -832.679817 -861.082048 -874.634047 -900.261735 -944.718747 -960.809043 -956.630775 -969.260460 -1001.661155 -1046.668464 -715.711231 -712.584644 -822.018237 -814.062228 -806.597092 -798.736089 -783.010252 -752.497245 -729.157685 -815.012284 -663.806144 -609.545850 -557.669572 -432.761722 -461.359584 -534.874414 -907.755324 -218.085074 -131.008704 36.027032 305.968563 -44.002788 -355.114927 -299.591008 -343.424217 -373.012879 -336.298406 -25.163914 736.279754 1191.995742 1382.161551 843.572344 202.487317
-514.826355 -535.994086 -760.237205 -774.758631 -793.695616 -808.875667 -767.533867 -917.815026 -893.540200 -899.408095 -895.811944 -826.451260 -758.387175 -801.752305 -803.555498 -830.873204 -884.654217 -908.545544 -913.148156 -919.280979 -950.860102 -661.136425 -674.322697 -647.580725 -715.803632 -713.733826 -825.968984 -818.338076 -802.102770 -766.127518 -951.776382 -837.415414 -708.803706 -621.703561 -552.166115 -547.649311 -422.336215 -436.195327 -544.253605 -3189.647053 -4816.259683 -26588.961515 -47416.335860 611.597539 -130.575459 -305.570613 -133.754982 -403.359451 -296.400784 70.414688 876.312176 1068.324649 920.953583 204.528365 -161.148274
-467.372113 -488.565951 -515.247516 -705.931547 -742.518385 -714.145207 -692.567452 -695.746249 -839.909222 -527.346448 -799.239145 -688.629245 -678.691575 -733.941478 -772.264293 -810.406369 -827.705809 -855.623909 -898.317970 -929.742804 -975.785244 -953.025424 -864.300644 -871.138243 -911.059884 -936.594299 -1069.355072 -714.724413 -707.370951 -697.081834 -928.905405 -811.784882 -705.069277 -627.558086 -579.666925 -451.995926 -474.999976 -357.145767 -623.350965 -3405.861558 -4582.782982 -21072.598310 -39790.668199 739.152892 232.386254 158.784982 387.755048 280.999626 58.254537 -115.012996 514.550895 498.934952 56.099797 -324.556580 30.377710
-459.212712 -494.713751 -519.250100 -696.828909 -693.424238 -654.410625 -651.501659 -654.351419 -781.402747 -517.781960 -511.206016 -611.191812 -608.020374 -681.807515 -825.447135 -680.185769 -683.668644 -849.707781 -731.307671 -739.522989 -959.083799 -908.434406 -790.108153 -778.251239 -614.081739 -615.187293 -618.896686 -631.930365 -706.316608 -1006.538591 -922.133195 -836.649374 -752.381725 -695.044449 -571.838028 -543.930370 -432.769190 -238.908930 -435.108711 -1783.372137 -5406.850506 -19220.322553 -116763.398769 -136764.313264 242.737823 50.410088 410.264586 822.569125 323.629660 -321.881917 -189.988066 -297.421558 -416.769327 -398.064475 388.845208
-487.563125 -511.334348 -677.462035 -712.172533 -638.515125 -605.945460 -486.801853 -490.948518 -503.680834 -504.819634 -483.828130 -620.119289 -611.239031 -666.412248 -740.397363 -664.693256 -696.685984 -857.258656 -729.765492 -752.630402 -882.984120 -861.696193 -725.213296 -726.245371 -762.015872 -591.688582 -741.476337 -708.863107 -802.295071 -777.928537 -751.534633 -720.984201 -683.745565 -722.611931 -611.024922 -478.916020 -317.802791 -133.173266 -453.761356 -2383.972543 -7221.974521 -32176.165231 -40959.476968 -194578.184345 -192610.880476 46.840121 514.560758 668.398049 115.628830 -429.271103 -442.967088 -446.438027 -442.446374 -389.143867 418.490884
-514.277801 -536.421806 -693.979267 -601.491772 -554.397694 -463.427138 -464.008176 -475.874418 -475.267619 -467.369320 -576.534278 -455.899385 -569.140773 -628.819075 -508.824665 -526.021361 -712.841360 -723.802433 -736.715455 -689.972818 -740.002137 -778.614605 -674.880452 -660.946510 -662.073788 -659.406630 -637.347824 -576.521381 -624.511309 -774.538424 -748.569131 -711.463327 -671.825052 -598.289659 -509.445988 -342.030333 -183.966778 26.135501 -479.475127 -4643.082823 -7093.108167 -13079.589796 -27606.383979 -39111.430299 -43957.427632 219.354908 468.657928 674.701864 315.578544 -214.814322 -452.566136 -2196.858081 -463.007457 -419.628921 -227.760226
-523.315892 -671.851521 -502.591906 -506.430858 -446.201514 -444.755765 -442.890081 -449.206695 -438.011603 -425.702531 -421.442954 -429.617067 -444.746354 -475.759563 -506.617996 -531.059266 -711.956212 -725.256887 -752.385111 -698.322949 -689.347015 -683.299284 -623.061425 -615.947184 -622.702690 -624.658155 -582.979998 -516.838615 -523.467182 -596.811343 -682.189431 -783.746575 -571.716660 -435.578015 -341.530179 -225.331082 -82.715741 -546.224638 -414.586801 -5751.570525 -5945.644115 -15887.229352 -18917.623565 -27198.543275 -37027.713792 342.154393 333.448223 344.688844 581.953782 866.200584 530.497310 -1563.584684 -770.098825 -452.970379 -437.427890
-491.421718 -298.298025 -419.056070 -446.976602 -439.919017 -439.413533 -431.523797 -414.589730 -397.797594 -386.835441 -390.208888 -401.255035 -433.097752 -454.862236 -490.278035 -510.226076 -675.396603 -705.506914 -674.500021 -656.651840 -600.989186 -609.190931 -611.916556 -620.340409 -592.266252 -571.361539 -549.554370 -517.427505 -520.390467 -466.259898 -498.785467 -565.029141 -490.352801 -414.424847 -346.708091 -252.365517 -153.494231 -511.406356 -853.970453 -3852.331078 -5348.884763 -11455.203735 -11529.266057 -23092.084869 -148374.727601 -176857.327934 -41.896572 486.231928 593.280839 2090.975836 1772.469205 15.821284 -7395.130368 -618.915857 -617.367162
-226.294017 -624.538142 -290.310130 -374.771541 -391.052800 -410.906750 -397.482715 -380.335382 -369.856582 -358.484981 -364.516753 -382.564081 -421.123008 -461.161429 -485.575124 -519.692070 -673.507982 -598.002720 -612.548062 -566.872712 -536.615149 -563.096809 -557.322179 -558.563309 -528.764074 -506.884700 -493.039416 -471.942992 -466.379008 -451.456979 -400.959283 11563.885745 856.305986 -415.020890 -360.033111 -299.058504 -252.962509 -385.011098 -1010.181643 -4063.511561 -5242.347003 -6505.488278 -10186.865839 -129386.490412 -152002.835837 -175167.377864 909.923749 1416.414606 1584.759602 2366.547269 1319.091456 -749.903354 -1117.082457 -547.998987 -629.593281
-145.000411 -3233.525777 -335.365166 -342.743879 -345.168901 -369.635094 -384.479918 -366.058263 -352.427078 -337.088015 -351.290835 -385.300666 -424.421828 -473.448511 -512.706980 -666.794668 -694.034487 -633.936479 -567.409550 -533.006197 -515.915286 -457.553199 -454.707205 -444.398519 -477.866024 -443.104586 -430.395870 -422.644182 -414.522061 -391.358073 -354.905299 -438.696989 3214.577101 -478.795870 -402.560019 -380.846126 -359.000304 -265.134919 -863.602085 -4149.943163 -648.790642 -5160.288373 -7122.070226 -449.449801 -1778.732804 143.066323 1340.601912 1287.850724 1427.746145 303.358060 -807.604795 -840.948716 -574.060486 -1080.126201 138.565481
-112.036219 -164.079158 -174.572408 -280.857806 -322.636041 -324.189201 -396.641114 -452.658944 -458.483430 -458.464592 -466.004732 -481.781830 -482.478457 -509.779370 -664.001621 -679.833253 -567.879288 -581.060535 -527.359681 -514.359471 -463.448252 -463.267630 -436.766330 -402.985757 -433.831687 -510.941468 -407.969382 -399.463805 -392.546960 -370.625275 -417.535641 -377.369642 7417.059175 -545.304669 -471.946835 -455.635199 -432.475204 -359.296778 -534.732811 -98.788618 -533.894341 -366.494561 -227.171177 -26249.638662 -199905.152814 613.608288 626.886289 777.893575 -248.185935 -546.088150 -492.189343 -850.699785 -2059.953352 -75.084100 1210.127723
-62.915042 -42.983958 43.963446 -210.632971 -256.468243 -256.942442 -375.290395 -455.027659 -466.949049 -468.687152 -473.168298 -490.143366 -505.908889 -655.818024 -664.392512 -582.671861 -547.536266 -450.177425 -439.614785 -447.201941 -449.451518 -425.939708 -389.159589 -373.752300 -402.796465 -474.291637 -483.635645 -370.881591 -366.482098 -359.397501 -312.254514 -307.280984 -430.401795 -542.675176 -554.715505 -505.795992 -439.713452 -347.900483 -219.444973 -185.711723 -374.357484 -4301.739558 -9064.001508 -31856.463660 279.725593 -126.354166 -112.648466 -409.063948 -535.774956 -948.990368 -558.249067 -547.081092 -442.358353 119.660269 1078.108640
22.583999 -2740.727516 -6196.223844 -177.408874 -310.709922 -354.961857 -378.897904 -404.539572 -428.379898 -456.597239 -472.830454 -490.712674 -624.456059 -646.568654 -655.450353 -442.631920 -508.176035 -371.527259 -385.249395 -371.090111 -408.703718 -370.484564 -357.370425 -384.639468 -394.788585 -405.412641 -371.150471 -333.644596 -317.352013 -324.325173 -306.782063 -282.464658 -291.127391 -405.468290 -556.960349 -529.310098 -480.174165 -392.397548 -271.254820 -11.690297 -507.389539 -3878.440260 -15492.466109 -447.851580 83.778002 -357.204871 -401.095770 -448.008188 -478.546059 -480.087392 -457.584510 58.934281 -257.349255 41.485963 605.484462
-442.166855 -409.158446 -817.704479 -171.124976 -382.586790 -415.340246 -413.380101 -415.321437 -431.443743 -452.597681 -463.497305 -478.972619 -609.200320 -609.806915 -467.578805 -408.555911 -374.861303 -524.229842 -383.077106 -362.063171 -353.689655 -335.063565 -325.866211 -358.071679 -318.792507 -341.848688 -358.988735 -333.894908 -293.785534 -299.978497 -299.146162 -288.431768 -153.837502 -222.735682 -338.168034 -595.782932 -549.527423 -463.260859 -248.025780 -493.024126 -640.655162 -548.729419 -1018.215363 49.283424 -39.987099 -151.849669 -330.392836 -444.468491 -456.723932 -380.242621 105.771194 370.684854 -110.475552 -47.883458 334.181234
-108.264611 -294.065060 -326.325959 -368.168839 -384.435093 -405.551106 -421.430895 -433.433697 -441.638490 -452.312518 -459.380432 -467.665277 -589.848156 -592.819954 -251.822717 -361.264909 -317.160741 -510.013441 -336.043783 -314.267847 -274.440709 -268.181937 -266.793142 -283.388469 -310.878889 -327.234173 -337.322826 -304.195508 -261.724785 -257.942459 -260.723006 -256.418571 -564.095037 -82608.795707 -213.527995 -573.508557 -594.540426 -457.005792 -252.171065 -518.930952 -2592.205273 -3776.588046 -1394.046110 210.983563 330.783944 423.012649 -154.982160 -406.121431 -412.035726 -437.454734 384.902110 681.736558 221.684633 210.145255 118.819270
-296.412173 -314.696578 -346.699254 -365.316478 -370.594077 -389.350476 -412.214655 -424.694394 -435.614744 -511.523125 -523.044974 -540.302685 -450.778262 -250.361240 -361.960079 -275.459818 -279.575476 -276.337712 -279.603681 -265.724255 -226.222824 -210.374662 -222.485533 -243.958389 -264.743503 -294.163041 -279.816124 -260.134732 -464.254891 -332.929240 -226.402256 -203.411807 -1329.805160 -102138.997068 -157.666302 168.395212 -557.905525 -411.118651 -212.830170 -302.376649 -1754.163463 -3694.475506 -14945.598445 187.238166 417.823670 536.026513 -235.457543 -444.850695 -406.663228 58.989681 439.176835 495.174595 532.535894 338.112588 -166423.865790
-181.290093 -212.892253 -278.332933 -333.220774 -353.372644 -374.081146 -395.924683 -406.577553 -453.062763 -438.753244 -376.644869 -367.305461 -359.928639 -285.030968 -205.863578 -244.539768 -257.604871 -247.431809 -242.236099 -212.721959 -186.129472 -192.438307 -199.349346 -210.317366 -231.145522 -251.719406 -249.328217 -740.728770 -693.919826 -491.999594 -204.812084 -825.351288 -62015.761058 -1728.975760 -122.193533 519.593239 593.206709 -350.730204 -92.553663 -401.938633 -568.971341 -4351.820011 -9186.850409 -158929.227172 505.431295 228.113735 -401.526595 -441.782817 -353.036895 245.455215 666.737839 -1714.167573 -158728.542439 -171943.263888 -147806.271476
5.720539 -163.836999 -251.897292 -304.317525 -340.917202 -356.977481 -380.456987 -409.390172 -425.003756 -338.884718 -319.326606 -321.723086 -308.940588 -194.024042 -887.845050 -185.270419 -209.738398 -191.208907 -176.389518 -198.764188 -173.942467 -147.303115 -152.442679 -185.068215 -211.375019 -239.162422 -258.512374 -396.488100 -282.297544 -243.955551 -379.005174 -508.161949 -100191.967732 -118505.535879 -173.582614 510.514070 1406.636491 867.987682 -42.843692 319.310192 -680.445851 -4262.720228 -6250.110309 -149356.823876 358.027161 -281.565144 -402.717338 -415.440107 -266.389736 324.329724 -149871.937704 -172376.521402 -157342.026767 -59291.358746 -53878.462763
-102.619621 -184.779276 -219.454846 -273.844242 -311.846897 -328.460396 -339.693591 -350.617329 -346.341781 -307.063673 -295.257188 -265.048001 -236.009995 -177.172095 -4021.164065 -4192.128782 -152.266084 -63.706183 -19.887964 -203.614402 -238.923438 -221.647508 -160.069259 -180.158417 -201.307254 -248.078898 -272.573765 -267.970235 -263.906865 -268.831563 -204.846981 -294.300309 -465.708756 -1134.956197 -453.774419 -104.320668 17152.544862 36411.570147 -47.380448 303.117013 -644.437389 -3848.321062 -1876.110826 -149708.563214 122.115386 -51.062620 -359.630523 -395.179449 -77.668534 -329.888804 -172881.862561 -154979.377823 -60214.478813 -48760.619894 -42138.173141
-116.279696 -174.288984 -197.158596 -237.103038 -272.734666 -299.838299 -310.223283 -315.316780 -314.810850 -288.010533 -256.536505 -231.636997 -200.635485 -171.035448 -142.491200 -117.326123 -45.994931 49.333791 -303.115422 -155.101783 -266.165865 -266.431259 -227.165172 -243.904481 -266.238505 -275.552046 -270.085953 -264.692882 -255.697643 -279.222488 -585.109375 -461.349388 -281.687277 -251.405818 -382.257316 -117.043073 -129.969630 16683.159920 4306.529262 167.646020 -485.334669 -3344.507004 -4268.294574 -6570.556160 -63184.661756 -140773.469867 119.685348 -222.541882 -283.896963 -162422.715117 -160151.674453 -140832.207294 -56060.512479 -40528.313720 -32138.375099
-84.475370 -135.972978 -169.878271 -200.048166 -250.477441 -285.228964 -301.457297 -308.754332 -303.050969 -256.300469 -224.235550 -196.861092 -173.857515 -119.992979 -125.459494 -110.359564 -122.924598 -219.262823 -265.219677 -208.547008 -268.896020 -304.010361 -299.697860 -309.664445 -294.059042 -283.171832 -245.710621 -244.179200 -249.026356 -246.727413 -276.548865 -513.369752 -416.648720 -284.712810 -258.620261 -150.077824 -155.237727 -222.867195 2698.228411 143.627429 273.384993 -2774.344824 -3787.810999 -21220.329239 -37018.126949 -50097.224226 -162271.399331 -151865.850142 -160773.116197 -156051.438784 -141319.819958 -70276.550280 -50915.441371 -65226.837667 -23947.245675
-131.592102 -167.223012 -191.369056 -224.072413 -253.915852 -276.172361 -294.167758 -295.008128 -276.335035 -238.662035 -192.297627 -161.539639 -104.692272 -66.119711 -154.928191 -215.428971 -316.392741 -288.586277 -312.635095 -287.779398 -330.795758 -341.575889 -333.635671 -333.341790 -334.582130 -321.251533 -269.090638 -252.919665 -256.850179 -262.197412 -277.475319 -340.221448 -407.007097 -392.187176 -273.194850 -230.454729 -195.858148 -96679.926498 -853.675525 195.408762 293.139505 -531.326571 -2893.041159 -7482.862013 -28417.200138 -40100.974227 -48383.498175 -139763.118978 -147889.640176 -137280.168573 -77900.910843 -61652.952339 -45535.748786 -85406.449860 -19767.802023
-182.638727 -196.947697 -215.449029 -252.113712 -268.613576 -602.789631 -307.422718 -359.732269 -338.547307 -251.485222 -164.655670 -90.568424 -35.321753 -23.587279 -180.420161 -223.718647 -303.672383 -324.784346 -333.984688 -356.723049 -356.234460 -435.659834 -730.153888 -425.127218 -722.248867 -587.129065 -583.944403 -521.341659 -424.016260 -313.392169 -308.385290 -313.902134 -398.568015 -393.096958 -359.957836 -230.071361 -379.921935 -106255.297416 -72466.452114 30.121978 332.817199 14.582036 -635.154287 -2826.104672 -3261.775517 -6188.656669 -36990.532068 -43980.810805 -53222.717409 -66315.400125 -113524.404715 -57749.091032 -44497.013628 -72242.770899 -59640.807036
-5464.369452 -203.140138 -234.182342 -3206.470488 -925.107959 -779.317829 -883.020083 -745.173240 -693.552173 -769.595960 -814.226980 -197.542236 -111.519949 -89.110118 -154.530170 -215.607073 -245.689180 -450.485659 -353.433081 -370.341800 -436.358125 -367.193484 -385.987166 -727.669730 -652.549715 -622.120984 -545.800895 -499.694251 -422.258273 -301.599208 -315.332087 -354.883411 -289.279001 -281.873871 -268.469212 -258.288239 -355.245069 -87160.139370 -943.523457 -163.543408 135.259478 60.491106 54.941903 -2992.656870 -2966.124907 -2674.653031 -25214.807330 -32513.356273 -44086.394101 -54319.469108 -58459.952408 -53677.732242 -40714.953240 -59823.578266 -46405.866768
