geotop_simulations/templates/TEST_Venosta_3D_034_template/rec/SoilTemperature0000L0005.asc
ncols         252
nrows         194
xllcorner     598250.000000
yllcorner     5144500.000000
cellsize      250.000000
NODATA_value  -9999.0
[rows 112 to 139 of 194, columns 63 to 125 of 252]
3.196224 3.176659 3.034988 3.051497 3.548802 3.830769 3.883195 4.135123 4.288563 4.155995 4.141282 4.490497 4.955309 5.619741 6.308236 6.809900 7.208663 7.412361 7.460187 7.513766 7.597125 7.812283 8.176618 8.619226 9.098015 9.584186 10.113017 10.603535 10.975906 10.000279 9.852055 10.265870 14.633533 14.409557 8.495093 5.683539 5.671163 5.637779 5.583955 5.534153 5.487712 5.420868 5.375913 5.330050 5.278100 5.232631 5.192377 5.162497 5.143183 5.131312 5.129173 5.002964 5.008336 5.156531 5.174381 5.171408 5.171929 5.164700 5.146387 5.118401 5.097854 5.068996 9.222543
2.148084 2.707540 2.671277 2.825885 3.326727 3.588897 3.773603 3.939631 3.849985 3.613118 4.009434 4.504952 5.050732 5.691082 6.208483 6.635560 6.821472 6.892710 6.888372 6.834383 6.936848 7.220562 7.643584 8.124261 8.635256 9.196561 9.752197 10.211312 10.799221 15.547510 9.799903 9.881162 14.338959 14.352939 5.682253 5.692903 5.664470 5.622491 5.578814 5.532531 5.486870 5.434825 5.381653 5.330805 5.273862 5.227425 5.209747 5.029322 5.178131 5.166198 5.011494 5.032016 5.036447 5.209681 5.244138 5.252298 5.258363 5.262612 5.257208 5.234723 5.206997 5.174134 5.102108
2.172483 2.149148 2.377954 3.140742 3.574717 3.666196 3.597362 3.678467 3.594541 3.474978 3.916547 4.381144 4.943416 5.493876 5.854406 6.166767 6.303726 6.329680 6.223386 6.215023 6.427615 6.830919 7.290231 7.731087 8.236203 8.850692 9.485725 9.968765 10.594967 10.888762 14.089722 14.201656 14.240030 14.213274 8.656915 5.688071 5.660895 5.625416 5.586630 5.536246 5.495454 5.454546 5.393524 5.323221 5.259566 5.035282 5.040145 5.218362 5.201435 5.193041 5.205515 5.218288 5.226888 5.248808 5.274675 5.278196 5.286778 5.292313 5.288312 5.279479 5.260961 8.480624 8.421299
1.551286 1.417337 2.251258 3.033841 3.357795 3.319851 3.318918 3.259530 3.055408 4.235753 4.671605 4.221610 4.671188 5.106495 5.438757 5.747592 5.876187 5.816037 5.700524 5.796374 6.093872 6.536522 7.023835 7.509806 8.034924 8.632668 9.326502 9.926992 10.461515 10.809142 9.482168 14.154453 14.273398 14.332909 6.859643 5.669915 5.626657 5.598200 5.553307 5.510417 5.479726 5.441597 5.379874 5.306550 5.233296 5.016378 5.036026 5.218499 5.222619 5.214351 5.219383 5.225934 5.238056 5.249723 5.261234 5.261348 5.259699 5.265094 5.278271 5.285971 5.281422 5.267343 5.220315
0.607646 1.072048 6.084628 6.988490 2.518572 2.585700 2.619575 2.880864 3.589227 4.087014 4.379689 3.994358 4.321692 4.715157 5.112514 5.495549 5.640340 5.581824 5.523497 5.690565 6.013044 6.499674 7.028428 7.559806 8.110701 8.659501 9.372306 9.934202 10.434640 10.784967 9.311267 13.898315 14.192215 12.374443 8.984580 7.211659 5.588883 5.546157 5.489959 5.457767 7.052022 6.977016 6.926834 6.837208 5.157744 5.155206 5.179985 5.184024 6.797943 6.764400 6.767597 6.773491 6.784233 6.795504 6.760742 5.043084 4.940781 5.024663 5.161397 5.224900 5.257432 5.247805 5.209325
0.760422 5.125115 5.658183 5.752765 1.872661 2.109153 2.322098 2.791212 3.416620 3.805389 3.915047 3.654174 3.999493 4.478764 5.044016 5.614240 5.882583 5.913502 5.878417 5.988590 6.297210 6.859518 7.434382 7.917567 8.351169 8.908417 9.763542 10.192798 10.409175 10.713175 14.831488 10.530589 12.594590 12.615543 12.681560 12.719447 8.665266 8.531715 12.094225 11.875610 11.538077 11.451106 6.448415 5.081872 5.022936 5.031369 5.968646 6.476490 6.483645 6.494582 6.523376 6.532183 6.566435 6.438883 10.724292 10.348135 8.853389 8.768070 8.908888 9.017009 5.048316 5.106173 5.115347
6.355738 6.817151 6.838054 6.720435 2.113358 1.951556 2.349219 2.904879 3.119158 3.248618 3.398438 3.829909 3.889002 4.472514 5.136169 5.840899 6.273339 6.400441 10.908054 6.534420 6.768024 7.190625 7.872011 8.378028 8.801225 9.259452 9.885162 10.234028 10.342222 10.325440 10.233048 10.202539 10.203054 12.295214 12.174343 9.960156 11.678136 9.597598 9.402656 9.172923 9.025226 8.929583 8.830146 8.778387 8.750411 8.647396 8.385688 8.514404 8.377234 8.353811 8.445331 8.561870 8.679668 10.322011 8.645850 9.627252 9.757949 9.757610 9.713412 10.011722 8.833048 8.969429 8.792293
6.969823 7.617604 8.017164 8.219888 3.012376 2.662863 2.446696 2.667196 2.928135 3.233280 3.762435 4.418005 5.010228 5.433975 5.166062 5.869847 6.511823 11.312727 11.201636 11.763957 7.988865 7.979730 8.600623 9.096235 9.114373 9.774983 10.045223 10.130031 10.091287 9.888527 9.847887 9.888125 9.831755 9.805132 11.144648 9.256529 9.069972 8.867666 8.705733 8.489442 8.376715 8.353414 8.204572 8.041451 7.942981 7.959964 8.194142 7.929501 7.701791 7.561044 7.599849 7.668599 7.821556 8.298823 8.232411 9.398961 9.081706 7.661828 7.680733 7.947553 8.103735 8.229121 8.425161
7.187982 8.143292 8.908493 3.386137 3.385937 3.294579 3.291139 3.349988 3.558410 4.048843 4.655047 5.174185 5.539289 5.800467 5.369963 5.934290 6.592669 11.144489 7.579485 12.256275 8.383035 8.310201 8.551130 9.440676 9.211349 9.926890 9.867804 9.689841 9.693591 9.640721 9.462725 9.469152 9.367777 9.302172 8.919865 8.671016 8.416304 8.562559 8.109939 8.259172 7.709454 8.057006 7.614657 7.470532 7.747071 7.712610 7.690094 7.397735 7.089388 6.907770 6.905487 6.896747 6.963309 7.601397 7.610979 7.408154 7.177618 7.003281 7.010003 7.252128 7.361414 7.484961 7.712219
7.303768 8.324029 3.196689 3.435481 3.467075 3.593149 3.923535 4.115960 4.258346 4.557672 5.007954 5.490870 4.898783 5.418783 5.867275 6.261914 6.744454 7.292277 7.967124 12.711626 8.702093 8.953052 9.583681 9.747523 4.320007 9.557340 9.587391 9.393402 9.296954 9.154479 8.969095 8.926872 8.913705 8.604380 8.388003 8.136951 8.090750 7.866526 7.726152 7.597071 7.136138 7.386085 7.280334 7.188164 7.070016 6.999383 7.167117 6.890030 6.464332 6.200514 6.207271 6.234469 6.388959 6.947382 6.908902 6.809665 6.652582 6.420396 6.361723 6.545942 6.632320 6.762613 7.042994
6.701929 2.479273 2.707925 3.165679 3.623749 3.912166 4.238664 4.440783 4.640557 4.820835 5.152176 4.824731 5.455629 5.986092 6.429054 6.809404 7.164172 7.565987 8.149856 12.633792 9.203943 9.643666 9.684148 9.636727 9.328809 9.198250 9.016527 8.960208 8.787586 8.632965 8.524993 8.525116 8.420269 8.207431 7.941447 7.680661 7.408804 7.147987 6.916886 6.788188 6.688063 6.550849 6.397356 6.338799 6.285871 6.194777 6.611433 6.503693 6.029069 5.614026 5.546196 5.622036 5.894003 6.396229 6.325821 6.193014 6.055256 5.831084 5.713725 5.861900 5.968655 6.101546 6.395734
5.929702 2.115908 2.397749 2.705940 3.596127 4.215805 4.529391 4.797273 5.051231 5.264860 5.427790 5.304337 6.002018 6.567497 6.999090 7.360496 7.726859 8.074593 12.076835 12.365864 12.445345 9.546287 9.572719 9.246616 9.086536 8.885716 8.644352 8.365893 8.188995 8.071954 7.959531 7.955777 7.849001 7.588595 7.281401 7.006471 6.727442 6.443269 6.176061 6.066878 6.001929 5.815991 5.633430 5.575843 5.602287 5.499429 5.997137 6.168008 5.695030 5.205333 4.975493 5.001507 5.361968 5.796680 5.696893 5.554602 5.472296 5.352481 5.269357 5.358759 5.482929 5.645949 5.897954
5.857226 6.805317 2.650119 2.987848 3.418718 4.384038 4.940918 5.254069 5.527820 5.835254 5.958736 6.287290 6.375512 6.983757 7.425391 12.106315 12.471733 12.815923 12.887038 12.740383 9.648195 9.567290 9.273132 8.993113 8.659256 8.443023 8.153403 7.872963 7.621800 7.468124 7.379256 7.358107 7.257306 6.946375 6.585208 6.307704 6.040187 5.753347 5.463159 5.339622 5.286050 5.081823 4.908981 4.796693 4.851920 4.808785 5.261350 5.800577 5.362716 4.828933 4.517602 4.453928 4.763231 5.141621 5.064701 4.942492 4.907476 4.866068 4.890541 4.964428 5.058201 5.272456 5.331127
6.082668 7.661381 9.211624 3.436161 3.633102 4.136246 8.320457 9.016393 9.515888 6.065018 6.245988 9.579064 9.202054 6.944887 7.422805 10.764838 11.710881 12.427121 12.924690 12.704975 11.549855 9.350095 8.897517 8.665739 8.318711 7.973893 7.619072 7.278549 6.993277 6.815936 6.737660 6.709084 6.620339 6.263990 5.857770 5.609157 5.392370 5.085277 4.741546 4.579018 4.523499 4.277070 4.051677 3.932539 3.969570 4.086394 4.551564 5.377552 5.056343 4.495629 4.105010 3.927806 3.965151 4.121562 4.322660 4.217214 4.220107 4.209774 4.256512 4.357851 4.505040 4.779691 4.772063
6.795913 7.957965 2.513106 3.145786 3.509138 3.631285 5.767589 6.527211 7.330052 7.567817 7.505463 5.822590 6.272020 6.748250 7.255368 7.840626 8.486810 11.958248 12.423907 9.602282 9.444655 9.054144 8.594649 8.255999 7.896526 7.479528 7.048695 6.672873 6.389699 6.193882 6.112760 6.064227 6.016695 5.670192 5.253294 4.994549 4.844607 4.505527 4.105025 3.843145 3.824901 3.609139 3.285955 3.176720 3.313740 3.472835 3.655700 5.006624 4.718792 4.109382 3.591786 3.355593 3.316675 3.397429 3.557092 3.381836 3.369727 3.470765 3.545655 3.695879 3.945968 4.295927 4.450209
5.790148 5.852778 1.692095 2.355886 2.846530 3.144374 3.532721 4.034833 4.584295 4.938104 5.392658 5.860312 6.353289 6.848604 7.354413 7.933962 8.578804 11.920591 12.089744 9.526984 9.178081 8.671336 8.152913 7.749724 7.425071 6.968394 6.448202 6.018391 5.743267 5.562235 5.505694 5.459051 5.471462 5.141559 4.750401 4.417967 4.268997 3.941551 3.556413 3.329105 3.177509 3.178350 2.637803 2.574861 3.163692 3.066173 3.468314 4.491615 4.358236 3.722444 3.132496 2.798208 2.664382 2.972657 2.912994 2.716002 2.668186 2.807534 2.937292 3.189203 3.593822 3.980313 3.990545
3.761888 4.197405 1.096934 1.684288 2.337273 3.182022 3.935759 4.532946 5.207952 5.331521 5.920041 6.427175 6.886980 7.312598 7.712844 8.166140 11.715532 10.285754 11.028205 9.342343 8.808202 8.164232 7.610875 7.163824 6.857499 6.414173 5.861711 5.359480 5.053256 4.910621 5.000048 4.911289 4.976346 4.666731 4.338586 4.010450 3.899502 3.378622 2.993568 3.003167 2.564654 2.512412 1.982184 2.338784 2.739444 2.557507 3.244184 3.964211 3.911832 3.257105 2.575149 2.108386 1.692952 2.144334 2.158597 1.891428 1.777163 2.023584 2.357900 2.922383 3.416152 3.753350 3.142573
5.372193 5.755075 6.055851 6.254756 3.200797 4.021173 4.809653 5.512354 6.121540 5.752605 6.322123 6.833097 7.315260 7.742320 8.124050 8.504428 11.997746 9.790606 8.739977 9.079132 8.404473 7.622286 7.025134 6.529773 6.190923 5.819601 5.302491 4.739362 4.373275 4.260130 4.370763 4.430804 4.752291 4.309931 3.985344 3.910952 3.409755 2.989568 2.516525 2.395847 2.086898 1.853154 2.014204 2.558546 2.737857 2.469007 3.060679 3.340638 3.390262 2.613263 1.841220 1.366789 4.785989 1.327528 1.494571 1.391902 3.605606 4.288339 6.254966 3.157715 3.640078 3.708582 3.722403
6.406815 7.499226 8.710531 9.742036 4.368871 4.833334 5.381082 6.024227 5.630036 6.176206 6.677262 7.110310 10.890848 10.554341 10.682230 8.599111 9.098824 9.771226 9.345338 8.811781 7.999679 7.088648 6.391223 5.863518 5.481446 5.150832 4.783365 4.246261 3.691727 3.655078 3.844685 4.045065 4.362602 4.073651 3.685928 3.387767 2.979894 3.029007 2.130557 1.962475 1.728361 2.174855 2.854930 3.240923 3.130389 2.904559 2.994915 3.020740 2.754563 1.800583 4.527571 4.993547 4.405606 0.396480 4.026282 3.898646 4.529754 6.054422 7.542307 3.020533 3.157498 3.719879 3.969543
5.141851 6.318494 8.286660 10.184127 4.530516 5.018618 5.544661 5.459146 6.026205 6.530540 6.856137 7.037842 7.957524 7.451512 7.897737 8.480147 9.107396 10.131941 9.279906 8.615677 7.692866 6.696454 5.849178 5.210464 4.750633 4.377549 4.043270 3.610018 3.178813 5.203147 5.961525 3.287223 3.409839 3.422217 2.964650 5.011610 2.447824 5.199234 5.107449 5.865860 6.811893 8.118899 3.335984 3.308909 3.064150 3.071258 2.525248 2.737734 2.049382 0.765332 3.862598 4.019366 3.111514 2.456430 2.613351 3.761217 5.588211 7.224678 2.745316 3.142293 3.392656 3.540038 3.613145
6.300018 7.515062 2.710781 3.373841 4.157512 4.686311 5.233526 5.771795 6.185002 6.415537 7.973236 7.238736 6.842039 7.208095 7.804180 8.436337 9.083724 10.135178 10.866460 8.509286 7.521310 6.501574 5.568308 4.779623 4.174491 3.718889 3.399421 4.992252 2.738421 5.081654 5.166796 2.538041 2.534941 2.673978 2.361898 4.302669 1.485058 1.538269 5.358808 6.455524 7.193948 2.390752 2.418293 2.446260 2.349802 1.686717 1.846867 5.961499 0.864936 4.554036 3.901812 3.006116 2.025776 1.864414 2.783807 4.611086 6.375258 7.570644 2.644923 3.031485 3.261641 3.512084 4.079929
6.901774 2.619160 2.975981 3.272493 3.687273 4.053336 4.672269 5.297849 5.748449 6.104970 6.290456 6.520208 6.910450 7.400966 7.973220 8.543365 9.153272 11.459359 9.277439 8.492523 7.467731 6.433791 5.488230 4.657631 3.997962 6.403338 5.409408 4.764972 4.708144 4.610393 4.460654 4.725170 4.788372 1.974324 1.751152 4.688552 3.764067 3.921910 4.755006 4.600984 4.605854 5.215076 5.481916 5.940166 1.787605 5.750723 5.658414 4.905605 0.058432 0.011153 -0.013574 2.395401 3.348238 4.771280 5.802128 6.740530 7.692379 8.749610 2.799133 3.132502 3.334117 3.802921 4.370738
6.035491 2.081158 2.546229 2.935228 3.347107 3.896429 4.539806 5.069947 5.584841 5.905242 6.297754 6.855432 7.423546 8.625573 8.868954 8.829219 9.338803 11.520536 9.351093 8.609726 7.629342 6.617396 5.655862 4.821467 4.167948 3.547239 2.861121 5.436872 4.893514 4.441820 3.815630 3.645715 3.875528 3.968191 3.658155 3.185196 2.384461 2.254507 3.007619 3.340422 2.847250 2.845452 2.836473 3.284231 4.119813 3.718889 3.599950 2.670810 1.577919 -0.035971 0.120417 0.592104 3.289438 5.828517 7.020536 8.129289 9.011734 9.811861 2.979529 3.323864 3.390558 4.054222 3.970052
2.668887 3.052464 3.452678 3.623883 3.762285 3.997488 4.447700 5.001657 5.374603 5.997117 6.703928 7.930837 8.287247 8.834760 8.870411 9.205826 8.733436 10.373788 10.792575 8.787165 7.968483 7.011131 6.042322 5.218972 4.535083 3.842143 3.087664 2.339952 5.984190 5.018057 3.856772 2.910396 2.320253 2.367699 2.217962 2.231473 2.013027 1.636884 2.107593 2.299787 1.799368 1.433307 1.588864 2.231902 2.873910 1.865853 1.883731 1.267802 0.241911 -2.028433 -1.399255 -0.822480 2.092297 4.092088 6.454315 1.602579 1.985445 2.633071 3.166119 3.425965 3.680128 4.347252 4.424397
3.323494 3.725758 4.095097 4.448433 4.694875 4.702023 4.779739 5.384376 6.279625 6.477991 7.511075 7.659343 8.524548 8.857189 9.088129 9.068485 9.024058 8.958042 8.950584 8.851881 8.514630 7.449869 6.523510 5.727946 4.987513 4.201376 3.391534 2.508437 2.629729 5.004192 3.777431 2.725655 1.579559 0.945347 0.922420 1.295810 0.700441 0.557650 0.500744 0.478881 0.120609 -0.062189 0.812872 2.074989 1.980152 1.286064 1.364382 1.415513 0.607173 -1.798588 -0.786765 -2.017024 2.134816 3.367268 5.512533 7.481311 1.799318 2.588814 3.373515 3.440462 3.706110 4.313705 4.310555
3.069474 3.271246 3.706793 4.479935 5.089772 5.337922 5.432754 5.821148 6.691559 6.255467 5.603124 8.443720 8.754207 8.795914 8.723385 8.525588 8.365312 8.288845 8.389147 8.560038 8.547735 8.042162 7.057304 6.254375 5.422635 4.601326 3.762502 2.837944 1.491473 0.855637 3.641208 2.291722 0.662005 -2.382067 -1.450726 -1.244652 -0.554398 -0.687500 -0.842930 -0.677241 -1.156384 -0.721139 -0.584619 -0.958194 -2.295392 0.063917 0.524819 1.677020 1.991707 1.664934 1.006661 2.607210 3.053446 3.505973 5.429337 1.144140 1.687974 2.588631 3.505007 3.659542 3.739338 3.909223 3.426521
5.941786 7.120271 8.926817 4.542826 5.223539 4.780456 6.116203 6.385950 6.263319 6.338303 8.178128 8.379503 8.458531 8.274479 7.986724 7.659858 7.467456 7.431943 7.654145 8.000004 8.192865 8.105202 10.132817 6.721785 5.797245 4.886088 3.925722 2.892922 1.851817 0.620451 1.090540 4.673543 3.693900 2.092983 0.173976 -0.741059 -0.043879 2.169743 2.786401 1.958631 -0.720591 -0.543264 -0.503670 -1.105468 -1.058372 -0.603785 -0.556929 -0.557325 -0.534982 -0.740094 2.082167 3.537022 3.758099 4.518755 6.362996 8.073175 9.610391 2.513663 3.384247 3.808272 3.441534 3.087229 3.356494
6.636348 8.825603 4.158795 4.626165 5.132409 5.130690 5.670153 6.687088 4.966215 7.608607 8.270164 8.316907 7.977145 7.541900 7.099178 6.706295 6.506811 6.531037 6.841662 7.327564 7.702199 7.938964 7.739548 9.350495 6.060571 5.024898 3.970156 2.965800 2.478710 2.018875 1.925895 6.678190 5.722593 4.490445 3.910960 4.531299 4.591782 5.174050 5.065339 3.087716 0.918267 -0.614353 -0.580993 -0.527384 -0.646256 -0.687434 -0.625667 -0.477641 -0.456643 -0.709600 2.471935 3.683420 4.148334 4.605531 6.188868 7.997206 1.551552 2.184406 3.016068 3.641459 3.283931 3.478073 2.647070
