geotop_simulations/templates/TEST_Venosta_3D_034_template/rec/SoilPressure0000L0001.asc
ncols         252
nrows         194
xllcorner     598250.000000
yllcorner     5144500.000000
cellsize      250.000000
NODATA_value  -9999.0
[rows 144 to 167 of 194, columns 54 to 107 of 252]
-18558.774328 -7980.805646 -5286.938117 -10556.494261 -41888.323668 -49122.454401 -36211.365461 -4219.094658 -4199.930710 -4276.022464 -4375.087148 -4385.108260 -4596.480595 -4290.919104 -4398.877135 -4488.923179 -4770.993842 -5418.912281 -5919.538179 -5999.643720 -6020.586465 -6017.612714 -5936.195956 -5127.430708 -5098.647299 -4987.347574 -4837.845539 -4782.643887 -4761.106437 -4881.062134 -4816.886285 -5073.180894 -5232.632398 -5253.858278 -5447.642473 -5276.364308 -5088.840262 -4912.592116 -4358.447210 -3858.816887 -3639.636395 -14323.495058 -13245.624718 -14847.654324 -24741.705096 -495061.934694 -248467.847734 -91434.285199 -34007.828774 -49926.107105 -42143.209423 -48764.790786 -52854.104616 -1820.082507
-3843.058370 -5731.283750 -7135.643021 -35163.909275 -47632.820053 -13807.501880 -4199.890741 -4304.997342 -4318.945736 -4484.415474 -4502.682286 -4426.183989 -4121.413148 -4303.970903 -4498.190087 -4579.219122 -5015.089581 -5642.513367 -5879.144320 -5817.589280 -5785.415702 -5761.460349 -5703.751019 -5080.875764 -4970.125915 -4742.058468 -4687.086073 -4730.567663 -4678.528481 -4830.962996 -4813.327089 -4985.509810 -5239.485777 -5238.642035 -5333.077111 -5218.470709 -5050.245901 -4886.313931 -4415.761959 -3912.104333 -14833.126523 -28575.792117 -18251.740721 -38390.329042 -362314.409807 -120409.877518 -21948.863994 -76456.423855 -17461.982157 -12652.672766 -35780.229229 -43522.035751 -20549.692682 -4306.110253
-6181.180396 -2739.101049 -12888.227769 -42820.457023 -54260.863262 -11934.767834 -4191.420574 -4352.917294 -4389.191371 -4084.517942 -4635.869057 -4064.341323 -4128.662021 -4320.148874 -4532.905473 -4218.755219 -5195.374800 -5643.890668 -5758.442183 -5777.229807 -5782.149445 -5257.885475 -5139.580602 -4995.201980 -4860.150155 -4599.820585 -4520.323765 -4653.697417 -4688.637560 -4573.354736 -4632.011470 -5002.596114 -5264.234550 -5214.044755 -5307.667630 -5181.457680 -5000.969115 -4806.579731 -4425.140775 -4261.281086 -4393.468929 -7816.446243 -42494.791445 -41204.505268 -40025.333821 -81315.395220 -23318.630871 -6200.251044 -8032.254877 -19396.046608 -36128.812095 -31971.013922 -18907.213977 -3231.478047
-3267.436343 -13151.944640 -20626.577079 -44197.463420 -53310.490763 -36877.227930 -4038.391824 -3854.923443 -3955.590107 -4098.756733 -4155.454593 -4133.479494 -4283.939666 -4484.215123 -4374.417390 2501.353161 -3015.417691 -5812.634069 -5872.243762 -5841.712488 -5832.756666 -5761.938292 -5676.442864 -4797.339782 -4715.050550 -4549.061297 -4499.214324 -4644.472331 -4706.384357 -4624.402522 -4695.038474 -4904.787206 -5169.844611 -5162.349494 -5285.955494 -5130.153808 -4971.352971 -4758.316299 -4520.953458 -4191.769458 -3905.315883 -15890.090497 -24124.166339 -62675.764954 -68758.934325 -12828.161144 -3971.335797 -4173.082638 -4323.147045 -5489.381275 -30570.255623 -25050.467753 -7050.127631 -35102.956297
-2779.345258 -2851.538594 -17204.808621 -56060.936031 -63534.471425 -47013.362984 -6144.445123 -3945.770587 -4017.046587 -3991.206904 -4092.892746 -4197.518523 -4378.472069 -4484.246275 -4560.364612 -4920.505142 -5226.230602 -5999.681450 -6097.694179 -5925.265699 -5708.663438 -5501.458606 -5302.756354 -5040.440020 -4976.516145 -4721.462745 -4384.851213 -4463.628505 -4606.914166 -4573.575161 -4658.990127 -4782.957497 -5037.989280 -5295.160048 -5308.076943 -5176.081288 -5000.862645 -4757.890503 -4356.830427 -4173.706751 -4012.255718 -29712.524691 -56573.162539 -64007.978847 -44483.546067 -3833.392064 -4272.488116 -4422.272871 -4445.680406 -4231.782716 -27542.925141 -41322.089174 -272883.750254 -222670.548531
-19609.871853 -17220.155223 -7820.563145 -63386.933868 -55635.173527 -44701.124419 -5005.976610 -4236.633011 -4305.924324 -4317.649218 -4092.993708 -4130.980527 -4255.098380 -4377.966963 -4549.134774 -4950.983484 -5557.094757 -5844.176509 -5787.304731 -5634.027207 -5473.555213 -4911.655677 -4803.863788 -5013.324513 -4925.668368 -4703.261198 -4284.173976 -4259.027250 -4469.039114 -4486.159435 -4501.724634 -4654.840749 -4921.168888 -5187.601356 -5241.619230 -5094.931169 -4937.472572 -4735.308563 -4536.338581 -4214.602869 -4059.202275 -6917.428959 -19008.453818 -39287.616276 -3898.725728 -4112.466154 -4364.216046 -4444.754731 -4384.011144 -4167.283707 -29462.416317 -63805.367480 -364359.445762 -222860.768986
-73047.407058 -62540.163361 -64803.511426 -47736.867597 -14552.341505 -4210.429589 -4168.947733 -4348.447214 -4426.287190 -4498.749084 -4159.794044 -4182.597286 -4266.508765 -4544.876504 -4830.422379 -4975.120847 -5562.944616 -5668.226025 -4999.906039 -4917.230684 -5133.043824 -5028.693988 -4899.439489 -4743.187369 -4467.373978 -6041.329230 -6051.144657 -4155.251313 -4374.809513 -4387.787490 -4278.321421 -4671.536654 -4776.020064 -5063.099404 -5128.459318 -5014.087280 -4872.173397 -4687.027594 -4541.789527 -4251.687953 -4110.808026 -3967.483964 -13279.472720 -4334.196430 -4068.613917 -4214.542349 -4405.275117 -3877.778867 -4099.585175 -12689.551948 -37080.964742 -78601.458706 -521899.054953 -187378.513144
-47039.648573 -36317.354987 -13574.438751 -4618.029796 -4195.534667 -4239.210290 -4260.095525 -4310.747809 -4067.853902 -4151.071227 -4220.280146 -4251.447903 -4552.083350 -4618.823338 -4627.899658 -4972.360680 -5562.501716 -5648.605195 -4991.242299 -4892.819070 -4783.736928 -4929.052955 -4835.381131 -4698.465767 -4417.553611 -18024.903405 -25258.410884 -4057.362429 -4291.501008 -4304.650961 -4237.900456 -4324.657571 -4716.346879 -4952.067967 -5039.988962 -4655.165862 -4844.934712 -4645.090158 -4517.938922 -4412.088911 -4165.716269 -4050.112764 -3938.268212 -3805.989496 -4152.665167 -4339.082884 -3924.744052 -3872.060360 -3970.563714 -5238.859488 -38022.650331 -71411.285916 -561645.201402 -214376.057439
-53121.231361 -4772.473697 -4218.819562 -4280.000551 -4418.033230 -4509.595601 -4495.940724 -4526.675943 -4095.049105 -4147.963135 -4206.934009 -4208.746835 -4207.769844 -4307.710412 -4473.110268 -5011.406349 -5531.358501 -5656.104798 -5562.806507 -4890.498037 -4755.367636 -4782.939923 -4767.411329 -4709.375230 -4519.818998 -6785.882691 -5204.914792 -4303.666060 -4448.668769 -4394.582411 -4373.411462 -4230.663473 -4617.355047 -4843.619753 -4915.978806 -4593.015465 -4777.911344 -4572.653936 -4482.594463 -4425.597097 -4320.830754 -4088.937535 -3969.610622 -3633.121597 -3579.323224 -3811.624456 -3966.467167 -3967.065688 -4222.921674 -10356.166791 -48752.438301 -54041.178062 -518869.348355 -227761.617528
-6150.850295 -4062.682071 -4368.041644 -4425.331386 -3973.121275 -3991.786630 -4026.021633 -4067.539473 -4521.706644 -4068.014385 -4125.405150 -4171.821539 -4155.585700 -4159.597844 -4525.097602 -4739.503682 -5491.862445 -5547.510523 -4973.908705 -4825.867713 -4507.891428 -4495.362883 -4556.078205 -4458.256627 -5100.727028 -6924.193530 -6250.869892 -4161.687186 -4368.896591 -4405.482017 -4265.523966 -4185.979650 -4295.316939 -4450.184485 -4849.995368 -4816.898904 -4444.061657 -4501.307873 -4488.516210 -4435.119573 -4271.805377 -4111.848905 -3908.765422 -3627.632596 -3803.139549 -4166.818148 -4295.781784 -3946.653294 -4039.135220 -33636.005062 -74795.067297 -86365.563752 -335404.107803 -164313.790433
-3890.540112 -4075.121692 -4373.961549 -3947.273951 -3971.777186 -4045.078145 -4103.198235 -4093.180803 -4043.466947 -4094.215039 -4236.087729 -4320.075266 -4304.111449 -4254.671043 -4599.458946 -4818.396702 -4964.236465 -5375.569661 -4826.545476 -4913.624712 -4677.018564 -4346.986635 -3971.509803 -5193.537907 -26202.524395 -36188.276840 -40373.524003 -5872.572551 -4021.001196 -4191.050286 -4194.576763 -4183.020588 -4235.428480 -4477.480100 -4670.091058 -4370.641950 -4687.896080 -4699.102561 -4653.747423 -4593.410867 -4230.031225 -4104.926668 -3916.050149 -3905.231704 -4320.891470 -4532.382441 -4196.248939 -4174.842981 -10674.683988 -47118.775464 -53461.700398 -87169.441759 -173377.263976 -33561.264403
-3329.220261 -3570.619193 -3746.871405 -3847.828244 -3548.870120 -3596.389889 -3743.717404 -3665.777660 -3988.311663 -4040.922158 -4807.587105 -4515.530742 -4166.385950 -4305.096353 -4763.464626 -4939.760795 -5561.718344 -5325.567659 -4752.335611 -4625.350375 -4809.480039 -4438.323742 -5332.949675 -28953.007304 -22329.484087 -39347.753339 -53504.474776 -10903.172686 -4081.006915 -4417.596937 -4368.987154 -4263.884920 -4299.186243 -4231.995425 -4267.592588 -4643.919355 -4709.891789 -4561.272977 -2333.015639 -4563.808557 -4516.755102 -4475.292052 -4217.131607 -4410.816549 -4631.016846 -4638.933849 -4309.901152 -4210.774998 -27688.962133 -50654.652885 -72766.213568 -77848.063239 -20725.838310 -27676.109515
-16673.943911 -6083.555399 -3322.992361 -2952.122649 -3251.672305 -3774.622840 -4147.439076 -4168.275848 -4273.516595 -4215.226061 -4632.490257 -4239.652385 -4277.536383 -4574.607020 -4509.556894 -5531.684419 -5565.568630 -5225.953914 -4660.619859 -4573.089143 -4432.340154 -4542.435288 -5506.295647 -21333.471525 -39493.304761 -27925.974262 -48867.579458 -4014.317430 -4193.503996 -4454.412876 -4386.676410 -4288.229911 -4081.680639 -4280.794660 -4662.634809 -4713.487444 -4321.239074 -4755.357578 4482.336143 7265.810796 -4482.722400 -4472.637752 -4529.910450 -4600.848671 -4642.064002 -4598.451966 -4177.480344 -4137.018419 -30877.289444 -53080.505575 -61542.680596 -36812.211826 -41336.404918 -23294.325227
-10594.363409 -7463.215498 -10893.726647 -5864.785379 -3382.998961 -3914.834493 -4227.021179 -4219.137443 -2745.388071 -3859.715928 -4397.266502 -4227.550830 -4604.819708 -4754.486877 -4795.002918 -4851.056641 -5416.959777 -5022.518871 -4445.347387 -4637.161828 -4635.941002 -4266.514274 -4252.299143 -37720.905539 -59602.811784 -67776.076561 -4959.454641 -3734.728042 -4197.622951 -4259.844989 -4234.662954 -4219.104587 -4246.275581 -4178.351685 -4247.537974 -4195.357269 -4217.543180 -4269.125478 -4605.071879 -4077.491245 10268.048676 -4446.531064 -4450.028350 -4602.625938 -4618.292314 -4550.443731 -4185.178208 -4227.621646 -8290.176914 -27932.857044 -9651.883562 -25106.606871 -52023.538153 -76023.043501
-5649.165037 -8697.162465 -9994.756658 -4746.906494 -3329.723004 -3520.038676 -4163.577182 -1305.270930 -1761.216651 -2721.749468 -3920.669971 -4112.913224 -4557.013654 -4568.793970 -3544.736508 -4686.487516 -4747.596918 -4552.220681 -4223.188162 -4069.000845 -4134.730444 -3974.513168 -29900.644002 -35632.912574 -42416.853934 -74542.174365 -39204.335079 -8978.638144 -3616.391619 -3965.218479 -3937.802420 -3926.119973 -3983.655587 -4077.028876 -4140.797213 -4072.714347 -4077.677289 -4123.430264 -4126.009344 -4455.448370 -4442.097280 -4557.089869 -4421.033544 -4651.694180 -4638.856146 -4614.541511 -4498.153577 -4352.062158 -4351.972350 -4285.424056 -18716.135113 -19524.232800 -39200.708350 -83047.408812
-3144.774505 -1944.915486 -1615.356343 -1192.097025 -1671.156728 -2124.306746 -3334.107503 -858.367467 -1163.772574 -3396.452689 -3557.830953 -3585.280527 -3500.325624 -4211.134653 -3143.738437 -4340.165677 -4698.536228 -4517.143582 -4014.096739 -4651.225404 -19220.492777 -40594.472601 -19736.984907 -271606.173803 -305102.067632 -182947.525537 -366789.447499 -14986.692839 -4449.670343 -7006.808943 -3691.345709 -3357.193373 -3455.700622 -3671.524595 -3845.186213 -3924.869829 -3935.209550 -3986.052686 -3995.704858 -4295.857842 -4302.851622 -4265.017768 -3008.383113 -4627.073252 -4631.301633 -4600.108624 -4414.008077 -4019.560683 -3904.935191 -3927.735395 -4159.746105 -12845.319276 -33104.462946 -88540.902242
-23599.476430 -6144.325686 -1014.290827 -755.825279 -788.467861 -1294.235943 -3150.147088 -888.974898 -4173.127021 -7387.112324 -27169.712482 -21213.008683 -3216.733715 -3650.254725 -2355.059178 -3116.802739 -4430.344879 -4548.377415 -4252.206711 -27131.621780 -22441.231215 -50727.902957 -441847.949446 -329776.522781 -213391.079705 -168780.080708 -208287.598853 -410014.945970 -25407.870012 -6435.002510 -23854.578480 -23474.577636 -10212.052109 -4048.355777 -3949.755851 -3952.281921 -3943.027343 -3934.385527 -4062.446437 -4195.045283 -4149.747919 -4261.405647 1474.738765 -4208.953293 -4564.080045 -4447.578360 -4209.978992 -4136.525274 -4085.971599 -4245.532515 -4219.874922 -10277.246856 -61002.229721 -90792.097032
-9999.0 -50481.504778 -46078.290119 -38621.773695 -31705.786964 -995.894514 -1662.138301 -911.580096 -3589.577508 -17286.492799 -467749.088131 -10828.366569 -3543.383773 -3259.586672 -1662.732633 -2509.504513 -3961.947985 -4265.592367 -4334.651605 -35370.994588 -33167.174609 -483156.186956 -224711.431258 -194162.253815 -165471.132239 -64701.594470 -165292.872974 -167837.351236 -249623.903696 -359957.820888 -37095.166210 -28745.334357 -5234.663220 -3954.249083 -4015.230954 -3931.563882 -3897.783650 -3872.430817 -3869.852976 -3875.825976 -4025.428511 -3848.492561 -3715.246459 -4214.677663 -4647.540731 -4218.176504 -4215.814064 -4365.472975 -4519.310115 -4612.170155 -4504.148227 -29862.992604 -67839.539566 -92430.814507
-9999.0 -133324.917833 -102954.047168 -82073.044206 -152799.816853 -27465.480158 -1373.158792 -1381.188156 -9141.982142 -17591.310494 -47910.246417 -3347.955839 -1529.956300 -2321.094966 -1344.840648 -3235.040636 -3151.250433 -3549.031998 -3994.100635 -15032.319399 -68114.583032 -287647.304537 -119238.919701 -70691.071287 -61457.309867 -53215.220095 -119964.455678 -167497.734150 -184221.010646 -231025.726982 -1993.593749 -5920.890809 -7836.774688 -5416.646493 -3963.034408 -3582.543268 -3519.169529 -3582.859231 -3384.891288 -3601.144281 -3613.071725 -3721.895712 -3535.570189 -4295.643824 -4969.482431 -4487.557579 -4529.014166 -4657.129827 -4793.647035 -4457.704435 -5840.134220 -39897.811244 -70427.378827 -95425.358851
-9999.0 -9999.0 -105540.764008 -115432.523748 -303637.284437 -44136.557436 -16974.935078 -2534.825042 -8096.739464 -45361.985888 -23896.801297 -1422.124711 -1422.990781 -2184.230928 -1491.258225 -3644.524876 -5866.580659 -5849.511364 -4251.666862 -7441.831386 -44508.382760 -89218.374300 -102022.207308 -70715.689245 -56180.152189 -46656.535381 -54179.083366 -65975.801536 -136295.001742 -181675.823750 -44143.130241 -39184.027264 -1614.139436 -7987.506611 -12813.781861 -16165.373390 -13033.617845 -7652.628728 -3372.646496 -3251.009540 -3447.822899 -3621.797511 -4013.928519 -4451.085673 -4608.831604 -4200.857499 -4124.594802 -4501.644203 -4442.227021 -8656.481088 -36711.313573 -63437.734401 -84113.544442 -98887.622260
-9999.0 -9999.0 -48587.916918 -247311.133857 -53196.425420 -47410.101281 -39026.020539 -40143.937444 -45417.528001 -391855.285745 -150453.274444 -44295.773037 -579.628394 -1503.304422 -1336.741926 -4658.183615 -6353.373458 -2982.271140 -2443.149613 -1282.559724 -14201.927778 -5249.309529 -30956.823176 -170812.080004 -137635.806474 -47451.038165 -42842.899991 -49614.095961 -56333.036898 -151201.853526 -190510.695639 -240591.645807 -412919.589488 -32995.373784 -17608.862967 -36473.382717 -27472.423456 -29339.448027 -5428.746857 -3191.195966 -3427.718635 -3628.908992 -4098.616243 -4518.834735 -4351.335152 -4282.556638 -4100.348938 -6640.097597 -30600.034865 -54856.640288 -75121.724946 -94608.855713 -104826.612556 -119840.000840
-9999.0 -9999.0 -9999.0 -49805.941861 -100550.676680 -127019.249020 -594991.522113 -43552.544228 -47584.047578 -357122.021224 -128593.603463 -44389.528930 -1294.356538 -1449.941174 -3316.774324 -3838.425882 -2884.003077 -2573.991233 -31054.992623 -33236.630464 -20088.040145 -48711.731494 -30448.745610 -219633.641799 -170934.714095 -53541.593307 -46686.868679 -55006.956994 -71476.138467 -61355.371572 -143579.711755 -175164.583154 -230742.483926 -295723.445248 -535265.518381 -12966.756404 -47055.142659 -42555.809157 -15934.935288 -3617.563618 -3519.557883 -3691.424175 -4165.557343 -4493.945886 -4469.038981 -4332.381698 -5639.889314 -40107.968113 -71123.943415 -101349.272776 -121808.872611 -125742.807266 -129387.401216 -132619.547000
-9999.0 -9999.0 -9999.0 -86872.129966 -82618.122479 -105008.455663 -140795.073494 -457920.779787 -302009.827641 -110947.627221 -102589.942277 -46334.167641 -7471.285127 -36502.626571 -36332.727150 -40384.866920 -36732.596855 -39194.696530 -190836.549041 -98310.532610 -120129.545120 -198065.143553 -577094.863246 -288539.898944 -182487.409047 -145321.891619 -48647.281527 -725791.110525 -3092.061951 -65560.099858 -57159.729774 -109396.002064 -95231.010259 -199667.529161 -20449.511610 -27490.012663 -49270.243181 -42330.686521 -21200.891637 -4352.439489 -3552.933406 -3772.269312 -4223.583673 -4512.127749 -4540.898185 -4408.161292 -23888.021811 -60290.618949 -90225.698485 -117622.047843 -131759.766804 -136428.032071 -138116.137513 -138780.309969
-9999.0 -9999.0 -9999.0 -9999.0 -62281.247954 -88164.062218 -110050.789814 -122474.410872 -118033.509899 -83241.347163 -76464.487491 -100500.697674 -47194.638504 -44624.498483 -40619.047887 -457773.797319 -212556.567667 -131609.688415 -97585.147646 -83628.719796 -75041.611268 -81050.341111 -84879.370340 -123422.689692 -179490.536568 -165106.133720 -51898.512648 -18559.826134 -59161.348985 -308.235594 -438.602294 -858.341709 -31826.874861 -78131.624810 -64629.190061 -47921.579157 -44172.723761 -21849.532576 -6509.950397 -3787.561648 -3632.602236 -3854.810463 -4298.789629 -4540.259803 -4577.948014 -4415.917977 -30161.089523 -64169.910262 -91770.818459 -85596.375329 -103769.779762 -128854.255569 -140495.461149 -509688.552506
