geotop_simulations/templates/TEST_Venosta_3D_034_template/rec/SoilPressure0000L0008.old.asc
ncols         252
nrows         194
xllcorner     598250.000000
yllcorner     5144500.000000
cellsize      250.000000
NODATA_value  -9999.0
[rows 75 to 99 of 194, columns 168 to 223 of 252]
-321.446849 -286.618625 -277.504498 -297.274141 -302.905098 -389.616661 -167.844562 -170.694806 -242.052146 -231.001726 -308.965998 -426.840375 -316.886523 -318.205941 -434.112731 -344.917143 -353.117010 -522.309980 -492.812135 -417.920008 -398.028875 -247.266094 -242.291420 -239.111884 -246.157769 -318.309170 -584.011231 -518.215027 -446.810292 -376.087241 -333.340366 -237.335404 -216.365071 -115.350997 67.528617 -120.700368 -180.635239 -401.782267 -682.325860 -649.633353 -189.491295 585.434769 394.556181 753.562460 1143.967929 666.279461 47.123207 166.871027 50.267252 -60.506742 -53.599199 705.956482 1304.587616 1857.993143 1631.267363 704.948954
-306.626125 -258.660521 -260.996499 -170.668199 -157.877070 -144.767226 -146.630553 -146.386858 -231.250539 -219.694777 -294.546765 -373.632226 -301.951458 -313.698077 -434.557661 -352.815067 -347.635275 -460.499475 -444.583195 -368.149117 -360.001774 -368.660068 -229.268619 -357.191280 -337.046390 -377.518661 -382.506976 -385.943129 -361.741252 -332.290335 -338.200763 -267.353173 -161.201759 -1.300784 196.118095 -146.062131 -176.362743 -419.363498 -624.576189 -640.883044 -410.220938 -286.522958 388.770287 867.323338 1000.795888 444.588833 -68.694991 -72.675999 -77.871338 -79.614735 -64.371310 737.911386 1628.737121 1880.283341 869.960888 711.090475
-216.468997 -222.243345 -164.921477 -153.315564 -148.640337 -121.417409 -125.901023 -212.499989 -100.907228 -200.273358 -272.393364 -165.125370 -176.033892 -326.430674 -349.603069 -355.286084 -281.984148 -369.511701 -381.346021 -329.900595 -317.626756 -316.987650 -317.177410 -303.156654 -262.948257 -274.880184 -320.874675 -378.723523 -367.154159 -331.714300 -255.230966 -178.737038 -43.289569 124.784717 362.259254 -140.131151 -177.545307 -400.957579 -524.084969 -500.026458 -452.314497 -364.109117 546.718763 828.879034 1014.483852 649.107196 110.467548 -76.443153 -101.800387 -86.253459 -75.436690 110.953881 887.392361 822.259320 628.604213 294.486593
-174.466149 -155.839608 -136.789271 -112.687187 -113.620644 -96.733652 -101.766557 -82.958627 -83.089848 -114.643159 -137.307309 -135.853519 -188.155281 -347.151778 -357.635541 -346.307814 -316.392553 -339.778387 -308.136981 -286.703863 -281.542686 -286.675778 -280.987101 -251.736212 -216.724956 -211.659968 -235.439096 -258.243444 -356.107125 -229.257312 -107.163066 -17.907792 106.632565 259.921617 -230.166007 -91.795977 -466.105512 -550.554839 -645.274453 -406.790737 -423.688652 -392.353803 675.256613 673.477296 678.373549 899.058110 1176.032248 845.378576 -56.829382 -97.099998 -76.941938 -75.943829 -65.549124 -67.486542 -72.301903 -74.807559
-126.659257 -110.235893 -89.497181 -77.413612 -58.761135 -57.240422 -68.579517 -55.456314 -70.949929 -112.316528 -104.921209 -136.140774 -191.676938 -322.446716 -319.420714 -284.538464 -308.587038 -255.802731 -235.727188 -270.178024 -272.430099 -245.721690 -224.535725 -221.537041 -205.871919 -197.757565 -138.730463 -140.115044 -171.423946 -135.015494 -67.529481 -37.450587 91.971213 184.837407 -208.369024 -280.518958 -289.810806 -475.638275 -604.298063 -343.050659 -431.833359 -479.554742 -127.473854 641.171561 806.633079 923.453273 2427.717722 2111.920479 658.881127 -107.010363 -97.990337 -104.782908 -88.112551 -95.649217 -96.334034 -103.863151
-54.648582 -52.609661 -75.789940 -69.588329 -42.440753 -44.922870 -52.020481 -52.320744 -68.361964 -76.030104 -110.207826 -154.466172 -211.846713 -310.298469 -206.963269 -270.518063 -257.300682 -211.024222 -207.871122 -214.003047 -205.144437 -175.033258 -177.070658 -174.234517 -164.994206 -161.685905 -152.089630 -87.849151 11875.801191 1141.957313 -71.821667 -20.396035 31.876344 75.847262 -92.615805 -270.404962 -350.473550 -533.316688 -248.041175 -343.957432 -467.263657 -461.812517 224.864458 1257.361392 1766.824342 1941.506722 2722.293061 1669.241348 321.810476 -94.453201 -80.805349 -75.209650 90.508037 -69.820438 -81.378678 -89.243801
-10.360212 -9.506541 -37.353807 -56.595461 -21.785667 -23.717904 -29.784336 -39.665948 -37.998399 -75.861809 -158.663701 -193.921592 -308.754742 -302.991472 -261.391713 -244.000907 -215.588879 -182.539884 -119.296635 -127.793027 -104.751836 -128.914543 -119.259766 -117.232450 -123.663274 -127.139382 -116.520364 -91.514998 -89.138149 3549.078384 -143.705955 -54.625768 -52.689856 -40.392784 56.011803 -295.076737 -339.834606 -187.759283 -220.233485 -306.594372 -79.511934 68.383959 984.835915 1690.350409 1631.279243 1760.624582 687.994361 -78.538688 -90.481495 -88.090034 -81.714130 488.280144 1401.568838 763.591831 77.578981 -80.957373
60.469043 33.495013 22.525270 -51.006821 -83.299003 -89.164414 -91.700013 -111.767348 -140.689338 -173.276877 -203.489044 -298.446147 -297.850006 -189.297284 -233.513353 -233.049743 -162.225851 -119.418007 -97.933876 -110.398728 -63.674960 -85.374216 -159.096338 -86.512816 -98.164497 -105.917890 -98.154772 -147.007434 -82.718665 7774.214121 -203.245897 -112.717429 -115.643702 -122.588945 -56.553926 -217.181323 219.415853 -171.646992 -23.471120 120.531388 -111.102730 350.542892 950.621549 960.020128 1107.327195 90.779080 -76.451215 -89.891172 -89.197005 -98.344387 236.866794 1502.359892 1769.321344 1646.228457 222.154373 -55.904158
100.844301 60.382986 66.110184 -12.343485 -96.680711 -131.163286 -140.996897 -154.770625 -175.655837 -196.725092 -298.800039 -287.348697 -189.509913 -222.007688 -214.700680 -109.109295 -103.243234 -96.842938 -65.932027 -59.984380 -28.713367 -48.335760 -215.439375 -140.709173 -83.880724 -89.958852 -78.902165 -46.702140 -33.412897 -90.101731 -180.307223 -214.716814 -162.218061 -122.082099 -31.335124 99.269011 146.563850 -57.197498 -263.944580 -373.406276 -214.144272 615.298004 206.227999 225.918503 -58.398944 -83.214827 -102.295657 -88.273054 -71.850136 -64.746465 455.488737 1366.835388 1989.137724 1845.466929 506.785847 -53.429058
151.005669 41.441483 9.448743 -12.592187 -58.151048 -72.344159 -110.690590 -134.974022 -159.790113 -262.499288 -274.604054 -262.651173 -70.780020 -305.618612 -67.527518 -68.483540 -38.806609 -42.386061 -18.885679 -9.701973 -36.150968 -45.147702 -60.479741 -41.476045 -61.085290 -49.771641 -40.303598 -31.412257 -11.019283 17.641511 -67.184777 -200.537522 -194.656615 -159.744154 -54.524096 79.790822 315.893384 -196.953233 -226.676510 -303.237875 202.438850 420.219506 -18.699281 -53.289859 -79.985505 -90.229043 -85.574063 -63.958273 411.931878 133.525277 340.862550 887.084577 967.512718 1199.614314 738.247116 330.957603
184.969013 -32.928195 -59.972723 -47.458217 -63.818077 -97.282239 -108.844534 -114.852124 -138.403462 -236.763717 -228.546865 -93.948191 -49.846140 -35.886170 -181.530690 -42.509736 -0.314892 2.181621 13.247358 23.066830 -25.188465 12.586560 1.848563 -33.369002 -36.468175 -19.204366 -9.208039 -7.153928 14.990350 133.355911 93.194302 21.574091 -262.118778 -233.677711 -111.697720 101.789203 -188.098357 -195.046736 -143.061587 -90.434028 391.907369 304.346172 184.408668 20.190212 -64.968402 -81.065908 -27.652888 416.706074 704.403604 217.841761 249.394950 615.316787 846.651519 1146.734511 910.982443 569.344074
-26.437402 -40.526755 -37.319510 -57.812151 -100.672246 -132.226844 -122.410502 -107.258541 -112.886000 -207.830955 -204.127118 106.321816 -19.777649 27.614850 -190.380971 -5.612844 36.632344 74.859825 56.019502 66.418574 61.893361 38.008634 7.462883 -17.836241 -0.222333 51.471679 59.705080 43.938155 44.945793 -166.441496 66.264152 150.604571 -214.766847 -277.542856 -136.632675 72.713304 -206.090363 -189.954803 -165.304916 -69.409396 542.021108 659.167855 750.087325 208.911800 -54.222575 -68.644824 48.299414 691.782863 977.488580 517.143272 516.271307 438.709032 288.271282 84.482738 31.670355 160.469198
-7.205091 -22.582834 -21.575107 -59.179457 -111.532315 -114.336114 -149.191153 -144.007910 -155.872285 -82.508174 114.739516 -4.043672 67.096457 60.683574 69.240540 57.873359 58.607823 126.082923 128.460629 122.073531 115.010145 89.485150 32.530651 31.560293 56.491800 -171.822753 -34.134909 69.063868 75.558876 -365.174878 -500.655870 178.781566 529.341776 -234.845755 -106.334058 94.581027 -6.176110 -192.990525 -208.597097 -125.837899 546.841598 743.734737 854.722155 106.449593 -76.066162 -63.523743 360.875565 745.137372 792.171168 840.150932 652.117633 132.358640 -370.061357 -429.291518 -222.350912 -127.278994
32.161578 -1.446227 -22.252715 -48.294420 -70.254626 -93.327480 -68.371604 -11.478750 -1.931692 -0.597661 78.092329 156.451414 105.981815 93.006827 105.989545 97.219642 101.901404 168.689155 154.900186 144.727485 143.744003 121.357327 77.276981 66.018427 -267.252043 -254.564268 -167.010444 93.375857 -323.475817 -353.975129 -338.452134 190.870883 987.597487 959.241626 -52.458559 212.344952 -132.419512 -177.267393 -181.199073 -236.245895 491.857099 836.917484 544.036006 -58.988668 -83.631337 -46.267191 555.286722 978.471717 1067.705148 988.181687 343.871933 -357.827519 -381.909307 -422.232572 -85.236050 -511.471539
58.245727 10.345674 -11.352421 -22.363112 -54.318355 -62.851490 27.793276 40.576582 30.510881 36.718439 151.823119 -173.114847 168.561422 141.088634 162.992557 172.855270 131.699013 185.475385 195.960683 177.513329 152.199855 129.084166 95.455282 82.394147 -60.914931 43.328149 76.082683 -116.670435 -230.659963 -371.943972 -563.004331 117.094623 873.947765 2038.107204 1251.632322 267.265972 627.129850 -179.779552 -183.883467 -183.921571 275.621465 684.382750 48.780410 -68.319460 -78.998318 32.267228 622.661439 941.512330 798.452061 565.352552 130.700933 -367.678960 -338.016597 -379.691119 -277.682790 54.519436
89.468934 48.318264 31.252344 18.395058 4.095151 15.491447 61.379344 68.079649 85.492454 99.213707 148.190339 -157.028519 -219.640442 194.147811 282.927926 333.327785 148.059527 118.712415 146.546224 185.500300 139.719899 114.915600 88.594755 84.314149 81.096746 73.213355 43.807915 94.857217 -7.988810 -193.941067 -297.158127 -183.482016 193.537803 17309.400333 36474.596414 275.885524 596.288308 -206.009175 -226.960243 -117.962719 -235.566191 460.590938 271.739353 -48.122887 -69.192715 222.863834 524.109329 580.855316 509.708309 477.032388 -326.892265 -443.162962 -342.548237 -341.133783 -300.899986 -51.395113
129.308545 93.973157 65.297677 46.106390 41.749890 50.464904 79.037380 106.144833 123.201727 150.227179 166.775942 182.563431 199.487111 272.126884 373.056747 -62.488128 207.640334 91.592804 68.287967 135.748236 95.133815 42.869001 55.947927 91.442103 95.199942 79.045905 28.114292 -249.406743 -167.097293 15.491348 28.821947 -122.769265 166.502358 167.102737 16801.587249 4697.153218 468.494074 -205.924074 -223.550929 -259.587782 -109.285317 -218.819460 300.056110 423.720692 92.190721 100.389152 220.784249 426.978645 286.312895 256.452629 -177.893592 -159.651304 -435.196418 -256.586350 -105.865998 -107.141421
163.092013 111.450242 76.634909 58.506195 56.673610 54.389725 99.988934 135.503552 159.278598 187.995183 234.004376 213.007317 223.893178 221.998834 143.593864 100.575789 149.047772 62.742099 30.805706 20.294119 35.721471 44.425037 56.182764 109.792281 113.314230 89.270169 61.051866 12.824474 -207.409725 -116.543600 9.915736 25.250153 142.156800 140.343242 71.654968 3215.051452 479.718494 537.525198 -220.472278 -283.911916 -334.324121 -5.813906 197.626851 67.998962 -300.885578 -402.096875 -103.955037 388.411087 338.416066 549.823133 203.229143 152.755968 -174.658805 -441.469070 -276.502747 -158.181232
138.141363 105.867760 89.676659 69.239119 55.224576 64.691272 108.832061 168.600336 200.165632 258.509336 290.875594 205.700244 153.874530 30.894086 37.100420 -2.098631 26.076041 -9.369633 -2.093488 -23.163062 -21.954148 8.682607 41.500505 99.222312 113.596136 91.674578 64.313635 24.147917 -41.167647 -100.480033 -94.910839 17.894671 65.100805 102.676211 -523.642859 -203.010151 559.700297 578.235303 -230.231498 -343.602030 -264.097310 34.665288 544.130003 149.844028 -583.539023 -506.235836 -73.677751 63.880656 17.798099 -1826.253291 -1145.970927 -819.807978 -566.639356 -427.321017 -362.127501 -370.887003
98.870145 98.126619 -163.152666 62.130690 5.965920 30.205656 112.095656 193.046643 262.373708 320.322640 330.895742 188.619103 121.976853 28.212312 15.281525 1.963686 -30.232034 -26.986798 -96.606449 -196.486604 -137.328108 -190.453113 -181.184560 -168.593391 -139.517538 -78.960184 2.503865 15.027091 20.661966 -78.535107 -81.951033 -60.384874 78.892789 -96.049799 -582.399714 -478.417375 394.556228 654.990806 -201.934028 -243.486374 -216.147424 -356.255046 -590.146739 224.379764 -322.009801 -466.721063 -12.142674 126.181468 -1280.266450 -1401.624263 -1189.642782 -850.558438 -690.819930 -438.923926 -346.307201 -251.706826
-165.210089 -151.605760 -199.059796 -184.351570 -195.274423 -195.596514 -181.626885 -167.547522 167.325486 252.137727 273.165915 212.940958 112.454858 89.878626 -82.713274 6.774550 -26.853268 -112.390868 -49.270624 -62.685376 -206.796739 -203.923599 -188.758206 -178.464742 -156.187862 -98.079479 -5.298768 -6.646758 -30.621821 41.655600 47.210982 66.627706 76.936390 -68.890159 -399.937473 -230.442104 172.859448 500.319375 -158.352670 -222.057566 -284.143251 -425.028870 -318.717097 -204.538077 -445.212399 -534.301046 -419.992084 -723.143849 -1827.930091 -7909.912136 -1084.005740 -695.509690 -453.984127 -322.974721 -271.750455 -279.351495
-163.116121 -170.586546 -201.958148 -156.080142 -155.882440 -157.667118 -144.498909 -146.107841 -130.761481 -202.705804 184.933191 108.028425 66.195528 -51.980830 -89.438757 -58.220472 -38.273187 -65.058477 -82.314126 -56.959584 -71.225324 -154.965989 -186.262001 -137.256642 -102.099708 -13.893948 -9.331684 12.865617 -47.426051 -23.539099 11.994096 17.585322 67.292119 104.999745 25.438898 -26.205898 86.208256 158.147666 737.895193 751.011718 684.216768 -248.457463 -441.198220 -174.416263 -115.829908 -220.411499 -416.114825 -1071.233760 -1913.495513 -1135.136987 -709.794923 -549.618834 -393.411041 -343.978789 -263.120709 317.066529
-197.374561 -215.421268 -143.611831 -209.549368 -204.227144 -204.912708 -151.821186 -149.263646 -131.884688 -160.860260 -11.686435 24.439893 -108.713381 -12.372512 -13.656374 -68.102920 -68.210770 -31.218092 -37.815457 -21.811005 6.663030 -277.021204 -263.314132 -281.679563 -19.405787 -10.277151 -11.830116 31.931810 60.905270 38.965261 29.083004 38.248279 94.337335 120.443098 123.685910 137.667687 104.739450 101.636478 102.080100 79.817723 -187.993844 -199.179199 -176.075337 -355.932670 -305.091677 -302.212333 -546.725488 -530.728963 -825.386528 -659.783981 -582.891289 -481.826687 -395.837368 743.198500 -271.630514 1416.437853
-11.492879 -55.526681 -32.373841 -59.732441 -58.904756 -103.511325 -201.569335 -187.197738 -186.430914 -191.516583 -143.249419 -147.482669 -57.116283 -55.208148 -57.047270 -110.631051 -121.636307 -49.254434 -47.475621 -21.211217 -13.059790 -42.528500 -315.095591 -287.137473 -242.056251 -278.503396 -239.994232 -76.021335 32.212831 56.232192 76.661822 84.025858 108.748479 97.821646 92.848754 109.648100 102.849617 140.337496 171.340218 -163.392869 -154.143826 -195.824583 -302.942576 -127.083765 -145.566703 -155.902832 -245.579075 -295.467441 -423.131201 744.025776 843.761406 6657.202828 3769.174915 854.505353 3284.461990 10079.287445
72.521511 52.872940 39.698253 -56.905300 -111.288710 -294.555961 -283.985948 -276.811307 -140.377179 -111.598358 -80.202345 -110.713804 -65.947611 -66.841916 -67.902067 -66.609573 -126.147634 -106.176344 -79.062087 -46.764600 -44.431449 -41.034472 -73.244818 -135.140347 -143.809572 -108.254546 -108.693290 -45.449027 8.240340 50.158527 83.038363 112.649436 150.395606 119.718205 119.892597 48.648809 72.341812 74.618397 82.479602 49.663035 -0.041099 -328.517943 -404.445618 -443.642300 -104.171272 -109.632794 -141.205424 -322.520340 746.769554 4489.522103 15954.419990 24499.831044 6625.821574 9455.663048 14374.205342 17587.058659
