geotop_simulations/templates/TEST_Venosta_3D_034_template/rec/SoilPressure0000L0002.old.asc
ncols         252
nrows         194
xllcorner     598250.000000
yllcorner     5144500.000000
cellsize      250.000000
NODATA_value  -9999.0
[rows 96 to 119 of 194, columns 0 to 53 of 252]
-9999.0 -9999.0 -9999.0 -9999.0 -9999.0 -9999.0 -9999.0 -9999.0 -9999.0 -9999.0 -9999.0 -9999.0 -9999.0 -9999.0 -9999.0 -9999.0 -9999.0 -9999.0 -9999.0 -9999.0 -9999.0 -9999.0 -9999.0 -9999.0 -9999.0 -9999.0 -9999.0 -9999.0 -9999.0 -9999.0 -9999.0 -9999.0 -9999.0 -1476.137035 -1620.507157 -1889.364315 -2294.351687 -2561.440124 -2916.366412 -2951.621542 -3105.218493 -3397.166798 -3944.803564 -3264.942828 -3244.300992 -3416.026992 -3237.238029 -3653.201471 -3634.647490 -3201.857708 -3277.935339 -3810.517376 -3319.390890 -3352.894963
-9999.0 -9999.0 -9999.0 -9999.0 -9999.0 -9999.0 -9999.0 -9999.0 -9999.0 -9999.0 -9999.0 -9999.0 -9999.0 -9999.0 -9999.0 -9999.0 -9999.0 -9999.0 -9999.0 -9999.0 -9999.0 -9999.0 -9999.0 -9999.0 -9999.0 -9999.0 -9999.0 -9999.0 -9999.0 -9999.0 -9999.0 -9999.0 -9999.0 -1240.167959 -1283.307412 -1724.388244 -2142.299705 -2634.275255 -2907.713017 -3163.848789 -3230.423987 -3317.071245 -3437.960636 -3912.581305 -3280.636458 -3270.117827 -3286.968393 -3223.816453 -3221.152834 -3287.292147 -3314.339416 -3329.773758 -3328.920164 -3368.512558
-9999.0 -9999.0 -9999.0 -9999.0 -9999.0 -9999.0 -9999.0 -9999.0 -9999.0 -3612.544103 -3320.395154 -9999.0 -9999.0 -9999.0 -9999.0 -9999.0 -9999.0 -9999.0 -9999.0 -9999.0 -9999.0 -9999.0 -9999.0 -9999.0 -9999.0 -9999.0 -9999.0 -9999.0 -9999.0 -9999.0 -9999.0 -9999.0 -9999.0 -2440.323645 -2293.979682 -2321.576857 -2753.215746 -3138.625683 -3190.856732 -3155.423674 -3143.250029 -3144.955702 -3400.869274 -3354.572484 -3320.462667 -3306.146160 -3319.568936 -3266.443073 -3275.610092 -3327.524775 -3343.533732 -3352.088448 -3339.271786 -3384.111152
-9999.0 -9999.0 -9999.0 -9999.0 -9999.0 -9999.0 -9999.0 -9999.0 -9999.0 -3646.146409 -3536.609959 -3423.574252 -3045.938047 -2810.196206 -2827.512264 2036.071285 -9999.0 -9999.0 -9999.0 -9999.0 -9999.0 -9999.0 -9999.0 -9999.0 -9999.0 -9999.0 -9999.0 -9999.0 -9999.0 -9999.0 -9999.0 -9999.0 -9999.0 -2689.572186 -2668.825616 -2546.629336 -2667.538059 -2808.360411 -2861.844959 -3067.502734 -3105.064346 -2303.181950 -2537.643928 -3289.476439 -3880.778724 -3330.758899 -3342.112151 -3285.406692 -3296.272103 -3351.924990 -3365.474882 -3372.958623 -3350.980496 -3393.521261
-9999.0 -9999.0 -9999.0 -9999.0 -9999.0 -9999.0 -9999.0 -9999.0 -9999.0 -3621.022982 -3542.671786 -3573.621432 -3457.758612 -9999.0 -9999.0 -9999.0 -9999.0 -9999.0 -9999.0 -9999.0 -9999.0 -9999.0 -9999.0 -9999.0 -9999.0 -9999.0 -9999.0 -9999.0 -9999.0 -9999.0 -9999.0 -9999.0 -9999.0 -9999.0 -3139.690896 -3180.753583 -3075.997668 -2895.673597 -2737.232022 -2822.675613 -3189.675320 -2414.926393 -1672.857351 -3083.497067 -3322.872571 -3353.058943 -3359.339601 -3310.659624 -3258.772425 -3340.927360 -3382.046551 -3387.460945 -3365.504298 -3373.948584
-9999.0 -9999.0 -9999.0 -9999.0 -9999.0 -9999.0 -9999.0 -9999.0 -9999.0 -3294.185434 -3443.848566 -3523.992059 -3491.186969 -9999.0 -9999.0 -9999.0 -9999.0 -9999.0 -9999.0 -9999.0 -9999.0 -9999.0 -9999.0 -9999.0 -9999.0 -9999.0 -9999.0 -9999.0 -9999.0 -9999.0 -9999.0 -9999.0 -9999.0 -9999.0 -3266.927963 -3296.126112 -3379.969511 -3399.894220 -3363.640033 -3333.939634 -3328.960729 -2586.983503 -1619.200636 -2312.165897 -3296.048766 -3922.211603 -3373.378464 -3361.252351 -3297.298338 -3294.807399 -3377.432885 -3926.168371 -3478.623698 -3443.093138
-9999.0 -9999.0 -9999.0 -9999.0 -9999.0 -9999.0 -9999.0 -9999.0 -9999.0 -3360.196599 -3479.644831 -3480.181118 -3458.385063 -3586.391056 -3631.516329 -9999.0 -9999.0 -3512.014540 -3560.238830 -3559.253016 -3541.457608 -3553.830580 -3518.795011 -9999.0 -9999.0 -9999.0 -9999.0 -9999.0 -9999.0 -9999.0 -9999.0 -9999.0 -9999.0 -9999.0 -9999.0 -2732.800784 -3006.663083 -3224.249556 -3302.425702 -3343.177550 -3336.684731 -2670.424800 -2028.398442 -1830.816044 -3017.192461 -3277.454467 -3923.208545 -3376.326691 -3347.846223 -3268.279433 -3320.083682 -3394.296736 -3481.053130 -3485.092973
-9999.0 -9999.0 -9999.0 -9999.0 -3731.099410 -3770.248243 -3722.287186 -3799.472109 -3816.837316 -3649.229976 -3658.821692 -3550.157716 -3547.563671 -3546.344045 -3524.118826 -3479.945811 -9999.0 -3554.780689 -3585.527625 -3561.514100 -3554.657523 -3555.967869 -3535.918430 -9999.0 -9999.0 -9999.0 -9999.0 -9999.0 -9999.0 -9999.0 -9999.0 -9999.0 -9999.0 -9999.0 -9999.0 -2845.612289 -2698.602131 -2789.106126 -3115.508551 -3179.777378 -3207.659307 -2382.631646 -2951.935516 -2473.346247 -1911.368518 -3043.137744 -3279.440079 -3899.799235 -3378.723017 -3354.969214 -3316.324928 -3362.006559 -3405.663456 -3479.295797
-9999.0 -9999.0 -9999.0 -3778.401155 -3814.808555 -3832.475654 -3813.706183 -3849.668431 -3859.240441 -3765.819471 -3752.373284 -3581.112035 -3592.405898 -3581.322183 -3551.434180 -3510.708869 -3513.265520 -3540.011593 -3567.506501 -3567.064782 -3574.995457 -3574.360683 -3578.625323 -3591.615553 -3549.324885 -3493.335968 -9999.0 -9999.0 4388.779428 -2960.886496 -3314.010309 -3324.493737 -3321.241282 -9999.0 -9999.0 -9999.0 -2528.120870 -2481.967483 -2464.109351 -2821.002274 -2857.725596 -2751.001411 -1765.424977 -1486.084515 -1347.323517 -2197.549405 -3189.237926 -3931.581662 -3468.958868 -3467.599187 -3455.477504 -3440.312755 -3395.980201 -3852.393960
-9999.0 -9999.0 -9999.0 -3631.104970 -3637.282261 -3630.625033 -3621.151551 -3630.613016 -3634.597962 -3605.934061 -3589.454253 -3594.807781 -3607.432048 -3595.396979 -3564.342416 -3528.767944 -3539.705570 -3549.416805 -3559.855261 -3583.165206 -3596.168886 -3605.148818 -3620.438433 -3618.105133 -3535.103411 -3447.367218 -3385.890653 -3364.152252 -3330.842522 -3226.843608 -9999.0 -9999.0 -9999.0 -9999.0 -9999.0 -9999.0 -2332.500549 -2143.079810 -2158.748460 -2242.963007 -2576.577317 -1757.234151 -2099.068386 -1988.620706 -1724.566645 -1596.442091 -2143.952306 -3169.992121 -3393.316260 -3464.828370 -3458.031078 -3446.586067 -3840.030909 -3823.887956
-9999.0 -9999.0 -9999.0 -3651.947605 -3642.753655 -3644.720353 -3637.478668 -3622.793889 -3612.597132 -3579.076269 -3567.831933 -3586.590283 -3596.974309 -3574.994246 -3554.717850 -3544.307767 -3581.816616 -3591.851598 -3557.985177 -3555.153661 -3589.194714 -3616.323450 -3583.777390 -3537.392244 -3479.645405 -3424.648211 -3362.311174 -3315.673299 -3199.407627 -3148.019253 -2721.994379 -9999.0 -9999.0 -9999.0 -9999.0 -9999.0 -2176.530397 -2180.501712 -2381.089402 -2521.556957 -2893.063132 -2948.102805 -2970.146634 -2045.268055 -1865.952715 -1831.789295 -1818.755242 -2104.504775 -3122.842444 -3794.506084 -3835.922370 -3814.026123 -3801.690546 -3795.388646
-9999.0 -9999.0 -3658.621401 -3660.186543 -3647.094776 -3636.048482 -3605.391508 -3591.322782 -3595.851098 -3584.678372 -3570.143930 -3575.472894 -3574.600698 -3556.898785 -3564.532297 -3584.481167 -3617.074477 -3622.258113 -3600.277901 -3590.554844 -3611.647004 -3617.330942 -3534.315275 -3469.100622 -3417.894041 -3396.150019 -3320.637958 -3107.876840 -2848.888443 -2964.466712 -2601.751216 -9999.0 -9999.0 -9999.0 -9999.0 -9999.0 -1985.098616 -2043.231237 -2327.845221 -2541.185858 -2517.149887 -2799.678102 -2715.619392 -2912.915524 -2389.838613 -2577.052512 -2849.449457 -2944.858494 -3162.036927 -3338.673414 -3383.966722 -3816.924416 -3799.152294 -3785.377612
-9999.0 -9999.0 -3621.890753 -3637.831549 -3623.718115 -3619.293175 -3630.002476 -3636.202891 -3631.886069 -3615.078287 -3610.343093 -3612.029208 -3602.352614 -3606.666290 -3616.119209 -3618.501568 -3630.794863 -3638.246540 -3634.618518 -3634.448542 -3638.895307 -3600.475011 -3483.423079 -3383.730367 -3351.466120 -3277.774099 -3145.764292 -2391.969678 -2461.259589 -2439.821995 -2469.487199 -9999.0 -9999.0 -9999.0 -9999.0 -2157.147009 -1993.602568 -1938.292663 -1950.677691 -2188.818593 -2487.541752 -2731.567378 -3195.360363 -3242.017214 -2930.034216 -3015.846039 -3095.794358 -3152.251025 -3194.017431 -3323.467272 -3816.699018 -3813.121640 -3790.820474 -628.453439
-9999.0 -9999.0 -3608.406481 -3694.797542 -3581.308901 -3606.450895 -3637.755443 -3653.564170 -3646.990880 -3623.571352 -3613.377614 -3614.933045 -3646.042658 -3657.791208 -3641.203741 -3632.339688 -4291.961402 -3656.736272 -3655.033352 -3654.359689 -3641.823844 -3586.210417 -3370.720367 -3446.537529 -3377.228596 -2941.772725 -2886.823524 -3283.968004 -3075.362728 -3141.994605 -3102.048243 -2858.982210 -2741.248134 -2479.721198 -2483.885469 -2546.593290 -2538.251231 -2603.182006 -2637.182983 -2809.183978 -3087.801161 -3351.312941 -3381.076507 -3390.121588 -3167.589958 -3178.886906 -3208.506801 -3223.198747 -3232.755849 -3310.825189 -3386.005743 -3814.003523 -3452.495342 164.242596
-9999.0 -9999.0 -3089.723096 -3154.513458 -3434.571963 -3551.992127 -3610.118426 -3637.422638 -3652.960415 -3651.537370 -3655.674393 -3670.034898 -3686.627645 -3668.631717 -3648.711107 -3649.738094 -4308.022481 -3667.159094 -3666.964693 -3676.315305 -3659.323122 -3606.744161 -3407.804186 -3365.142666 -3308.528356 -3258.118550 -3486.996245 -3467.473456 -3437.726521 -3429.097756 -3305.911803 -3024.323211 -2888.142325 -2779.600262 -2850.727203 -2891.054065 -2928.815532 -2929.982040 -3036.022311 -3157.067203 -3350.314002 -3374.640653 -3391.204470 -3396.149502 -3145.940924 -3202.749750 -3252.775846 -3278.612604 -3306.504427 -3352.879830 -3398.413336 -3802.578269 4881.569066 34.781458
-9999.0 -9999.0 -2696.244385 -2552.018255 -2685.284356 -2881.433611 -3456.141313 -3556.806683 -3615.427286 -3652.749917 -3672.887161 -3686.318005 -4343.079602 -3666.373006 -4259.133908 -4292.970943 -4314.824626 -3680.315155 -3680.985631 -3687.191908 -3664.310043 -3603.154977 -3440.204304 -3402.217894 -3357.947754 -3313.183797 -3252.530848 -3484.972574 -3469.515351 -3449.007368 -3443.498408 -3392.392197 -3269.348451 -3147.414567 -2974.783186 -3128.272408 -3088.310919 -3341.901208 -3346.441606 -3361.033497 -3374.466623 -3384.036678 -3402.858556 -3405.570052 -3168.911773 -3216.535009 -3274.946541 -3313.640696 -3415.882718 -3380.043972 -3414.509247 -2623.818457 6227.542452 -3642.354961
-9999.0 -9999.0 -2718.757253 -2577.182631 -2503.921171 -2471.496507 -3206.111402 -3423.383399 -3522.866783 -3542.288866 -3583.981829 -3630.602254 -3638.195165 -4183.262138 -4215.882001 -4266.717249 -4285.831256 -4284.583659 -4294.777239 -4268.488158 -4162.494573 -3494.456769 -3470.232053 -3434.747860 -3389.130876 -3362.732422 -3525.965090 -3499.061719 -3469.532822 -3459.369521 -3440.729471 -3405.716388 -3343.523380 -3295.121421 -3373.472768 -3402.612792 -3378.243663 -3368.031909 -3372.280780 -3395.281671 -3403.544832 -3405.078217 -3421.632014 -3181.469506 -3229.712490 -3261.454458 -3290.442107 -3335.821460 -3365.077626 -3401.528555 -3424.178309 5016.743483 -2028.896926 -3631.005599
-9999.0 -9999.0 -2177.517561 -2289.280763 -2631.731377 -2701.824496 -2754.260072 -3350.567971 -3453.281245 -3499.373225 -3517.810459 -3536.765959 -3552.197894 -3971.658660 -4013.650797 -4098.247715 -4138.895297 705.968322 -4239.190626 -4191.499210 -3537.717539 -3515.243353 -3490.986579 -3465.270972 -4163.079104 -4160.861871 -4122.381377 -3523.257236 -3502.465407 -3474.398096 -3465.711684 -3438.995465 -3409.022340 -3400.811971 -3428.850796 -3450.333543 -3427.448650 -3403.902181 -3411.710689 -3429.570135 -3439.667718 -3437.244669 -3141.408520 -3206.647277 -3280.534490 -3316.968771 -3333.012888 -3452.513168 -3396.002683 -3421.986527 -3850.292281 972.349450 -3666.082749 -3530.039277
-9999.0 -9999.0 -1848.866615 -1955.871444 -2205.106597 -2622.989362 -2822.077549 -3150.821135 -3407.067257 -3238.021723 -3471.807091 -3493.086327 -3385.554293 -3417.190710 -3435.074095 -3934.255897 733.588642 18078.752675 1923.610597 24.995983 -4136.385589 -3531.678469 -3508.505307 -3484.709647 -4133.368968 -4166.330567 -4141.272231 -3355.941224 -3301.497803 -3504.609330 -3496.720281 -3480.458785 -3448.355197 -3438.292484 -3468.849754 -3484.144821 -3464.207060 -3450.782186 -3453.827620 -3463.271858 -3470.582709 -3473.189596 -3451.751030 -3190.773858 -3284.612065 -3347.647126 -3383.966124 -3402.650167 -3467.967346 -3870.118275 -3662.091766 -3727.537297 -3587.537373 -3370.646469
-9999.0 -9999.0 -1282.574228 -1474.411027 -1901.202341 -2504.565657 -2882.629433 -2866.153202 -2624.394492 -2810.464520 -3042.885797 -3176.264558 -3263.061225 -3355.322270 -3387.972824 -3400.469753 -3420.876961 -3447.180206 202.112848 74.714506 -4166.597497 -3554.893946 -3538.069832 -3512.878501 -3487.896171 -4159.479399 -4140.070278 -4132.082938 -3368.336755 -3312.378840 -3264.276640 -3265.472368 -3480.193849 -3259.618185 -3508.103355 -3513.749173 -3496.915277 -3478.782794 -3179.334086 -3227.476014 -4092.298976 -4083.743259 -3501.668585 -3462.917067 -3215.776815 -3334.009634 -3411.265943 -3943.286949 -3897.733339 -3861.148712 -3661.198140 -3658.266583 -3500.339660 -3212.617767
-9999.0 -9999.0 -1355.263796 -1394.171010 -1914.606189 -2508.151804 -2315.387508 -2206.619457 -2598.489485 -2280.564373 -2565.834447 -2860.147939 -3083.443809 -3238.650534 -3333.535993 -3371.881414 -3387.610018 -3395.449584 -3422.327124 -3453.070766 -3516.289007 -4217.997733 -3561.995510 -3541.432676 -3523.896224 -3501.264777 -3473.829973 -4179.700663 -4151.796939 -3382.468443 -3349.286137 -3545.035102 -3329.615053 -3324.290733 -3331.962693 -3321.276186 -3308.345483 -3273.763517 -3216.057573 -3247.017742 -3317.607778 -4105.465846 -3376.298088 -3379.679096 -3338.690460 -3365.315357 -3441.873989 -3972.668725 -3365.823196 -3901.691838 -3786.140901 -3593.939690 -3283.733434 -3232.372470
-9999.0 -9999.0 -9999.0 -2881.151602 -2890.050785 -2511.200051 -2117.647973 -2403.767554 -2628.435469 -2809.355726 -2993.870508 -2685.555288 -2988.187261 -3156.432428 -3268.747055 -3339.448893 -3373.409947 -3388.902733 -3404.913701 -3415.332741 -3444.077185 -3520.120767 -4223.037284 -3567.599016 -3554.072169 -3536.824311 -3515.367964 -3490.400516 -3461.247588 -3432.761615 -3407.772252 -3386.889248 -3377.984138 -3372.541819 -3375.646224 -3366.485137 -3351.535518 -3333.631346 -3250.185384 -3178.572532 -3304.784029 -4112.562864 -3421.087986 -3438.021311 -3430.197487 -3433.417488 -3480.324698 -4004.557443 2590.719508 -3135.181308 -3747.253452 -3605.242576 -3300.399460 -3229.306889
-9999.0 -9999.0 -9999.0 -3348.198430 -2894.693767 -2679.831633 -2397.327631 -2218.648445 -2470.846798 -2615.311501 -2905.681872 -3126.182216 -3037.710240 -3140.192189 -3238.325841 -3299.306330 -3337.420504 -3378.640413 -3410.934277 -3421.863070 -3408.842433 -3463.269952 -3525.971923 -4207.625210 -4219.989821 -4237.515587 -3547.675743 -3527.944949 -3501.940410 -4153.650522 -3455.791926 -3440.273007 -3433.256964 -3424.844785 -3415.585314 -4197.329371 -3387.112311 -3377.668667 -3349.895836 -3227.721576 -3248.099782 -3348.574894 -4111.437529 -4128.060491 -3480.500689 -3471.163262 -4015.742302 -3982.478221 -3931.271369 -3811.295494 -3701.015109 -3366.972342 -3303.163558 -3202.885532
-9999.0 -9999.0 -9999.0 -2793.381093 -2661.944355 -2155.582308 -1630.889624 -1853.628047 -1779.528529 -1845.017822 -2113.930616 -2994.667153 -3246.042769 -3376.967491 -3220.306045 -3258.590278 -3281.084360 -3323.042968 -3372.524804 -3392.430372 -3383.482530 -3398.502219 -3464.893272 -3515.752812 2122.836188 -3416.459796 -3562.982814 -3550.098210 -4176.561853 -3518.785688 -4191.086249 -3495.909039 -3487.027473 -3468.704597 -3459.837804 -4212.913811 -4173.626281 -3425.074722 -3424.773615 -3386.225443 -3346.002641 -3352.500244 -3414.403588 -3486.069299 -4104.240387 -3507.906064 -4000.241268 -3955.726959 -3867.762011 -3770.001580 -3428.079398 -3389.388930 -3318.665216 -3214.636997
