geotop_simulations/templates/TEST_Venosta_3D_034_template/rec/SoilTemperature0000L0005.old.asc
ncols         252
nrows         194
xllcorner     598250.000000
yllcorner     5144500.000000
cellsize      250.000000
NODATA_value  -9999.0
[rows 84 to 111 of 194, columns 63 to 125 of 252]
8.687854 9.436064 10.172620 10.541911 10.733533 11.011472 11.311038 11.514110 11.176248 12.531385 13.575388 7.653449 7.629637 13.641645 13.809415 19.665762 19.672147 19.584597 16.867927 16.571184 16.219428 15.849539 10.878131 10.397371 9.896911 9.378474 13.120755 12.419281 7.636315 7.060963 6.556427 6.164164 5.984651 6.006760 6.129646 6.437866 11.870974 11.867444 11.399915 10.085497 6.764888 8.856352 8.410842 4.844275 4.002002 3.123363 1.997055 1.956907 0.140978 0.061093 -0.008157 -0.024440 -0.045754 -0.059044 2.841538 3.067044 2.971165 1.446242 -0.013179 -2.867433 0.329565 -1.888290 -1.648469
8.541451 8.929703 9.354876 9.614183 9.870307 9.720795 10.328514 10.635209 10.988367 11.476837 12.524882 7.448671 7.555171 7.524481 13.579503 19.479818 19.388875 19.312351 19.117860 16.359928 16.165985 15.931092 15.643925 15.213864 14.474475 9.730514 13.226307 12.742592 12.325933 7.466418 6.969663 6.596718 6.448605 6.473778 6.575840 6.834841 7.489954 12.079104 11.063895 7.181375 6.714346 9.268079 8.622162 5.289806 4.428649 3.531714 2.602508 1.781373 0.112343 0.043673 -0.010885 -0.030730 2.104446 1.645992 0.163016 0.266549 -0.000410 -2.995063 -0.635554 2.633182 3.333478 3.151543 3.513121
8.068295 8.277729 8.458326 8.688898 8.984354 9.266489 9.514216 9.853483 10.385114 10.839235 11.712554 12.886671 7.409066 7.429418 7.392441 7.384139 7.316275 13.252565 19.075952 16.378497 16.144168 15.919255 15.641897 15.246304 14.530719 10.105806 13.527899 13.001176 12.621945 12.080134 7.376626 7.040229 6.927851 6.941494 6.974823 7.360580 7.843750 7.767602 10.776302 10.160957 9.926574 6.018685 5.271090 4.855983 4.263475 3.542316 2.595783 1.857920 0.098766 -0.004693 -0.017437 2.443912 1.392981 0.241291 -0.002738 -0.986816 -0.611737 -0.463620 1.581284 3.826522 4.057610 3.969417 4.573998
6.950031 7.203896 7.576633 7.984109 8.406363 8.816889 9.186237 9.512840 9.949720 10.512513 11.037355 12.224096 8.957796 7.355536 7.369044 7.338237 7.292822 7.204778 16.542191 16.218229 15.792806 15.584362 15.527685 15.417686 14.949208 10.986779 10.443026 13.360484 12.979703 12.429650 8.617965 8.430901 8.356448 7.442430 7.442340 7.846570 8.085382 10.965554 7.595676 7.124400 6.484278 5.707054 4.888814 4.136401 3.484041 3.100259 2.529186 1.508132 0.111882 -0.005699 -0.023071 2.150933 1.006293 0.533084 0.285843 -1.168522 -1.413124 2.396969 3.722989 4.262032 4.415723 4.912221 5.439840
6.164500 6.675721 7.296235 7.896281 8.354493 8.706969 9.077878 9.435246 9.824320 10.439027 10.819342 11.802298 12.896273 7.285702 7.314706 7.271087 7.257734 7.205594 13.052336 16.044784 12.475710 12.144848 12.087934 15.530868 15.165377 14.539786 10.793514 10.298600 9.871269 9.462732 9.166289 8.988323 8.841336 12.804600 12.253538 8.178385 8.338862 8.145414 7.659550 7.084795 6.422134 5.671150 4.895184 4.123462 3.402296 2.750769 1.692105 0.499090 0.098962 3.338144 2.556331 2.355051 2.456986 2.776486 3.096599 2.993928 2.880515 3.469965 4.046535 4.363543 5.085301 5.678460 5.991216
6.315038 6.986022 7.643546 9.544313 8.727626 9.047630 9.388636 9.756971 10.133564 10.657442 11.002371 11.870322 19.322831 10.836217 10.785466 7.235601 7.223154 7.189927 8.751741 16.179427 16.138178 12.555541 12.306216 15.674923 15.374402 14.879742 14.458974 10.725540 10.326638 13.570605 13.466784 8.807986 13.332490 13.187186 8.684058 8.607917 8.414599 8.079565 7.592013 7.003907 6.353252 5.678742 4.948518 4.148989 3.452438 2.570638 1.013223 0.148479 0.307624 4.059936 3.439056 3.877493 4.156954 4.188904 4.203316 4.047851 3.852859 4.008224 4.302734 5.212951 6.416976 6.696646 6.527230
6.698002 8.388478 8.895446 9.548280 10.039650 10.407930 10.718526 10.120567 10.525110 11.009441 11.779521 12.527787 19.429075 8.883388 7.215831 7.190888 7.172601 7.162301 8.704746 18.564079 16.315585 16.324352 16.072283 15.754095 15.510264 15.113776 14.703380 14.380233 14.126485 13.961311 9.587868 9.438693 9.330782 9.247563 9.131407 8.823412 8.353424 7.772313 7.189589 6.643010 6.151772 5.637795 4.977149 4.159653 3.400941 2.430233 0.838816 0.531762 0.292410 3.735317 3.958833 5.256124 5.413303 5.253158 4.968190 4.931832 4.485559 4.524302 5.362045 6.603099 7.349036 7.282739 0.687335
8.244983 8.316464 8.642872 9.433339 9.996857 10.462752 10.788848 11.008952 11.250945 11.729917 12.341862 19.752894 12.862650 12.957533 8.770815 7.103071 7.082978 7.058577 8.608092 18.210601 15.697733 15.683561 15.697815 15.564414 15.375493 15.190662 14.933724 14.595779 14.335920 14.197259 14.218438 9.961158 9.857834 9.570547 9.121542 8.622232 8.103067 7.489454 6.862791 6.263161 5.728515 5.311352 4.773042 4.026483 3.268003 2.218992 0.756081 0.869340 0.291827 3.824648 4.997587 6.055419 6.395706 6.516954 6.548062 6.455416 5.768493 5.315802 6.257992 7.418132 8.000417 0.815680 0.845099
8.340359 8.585762 8.780493 9.249945 9.796350 10.249826 10.640657 11.198956 11.569147 12.014335 15.875786 12.913344 9.726245 10.364594 12.591735 8.550184 8.530195 8.509811 12.639061 18.008424 17.921242 17.786322 17.697642 15.178865 15.194954 12.088613 17.535765 14.799365 14.481678 14.473844 10.410811 13.847256 9.889233 9.378046 8.648438 8.289032 7.761601 7.270380 6.706197 5.966423 5.303084 4.692491 4.239992 3.702436 3.026988 1.978244 0.643566 0.866580 4.182410 4.809936 6.168913 1.093897 0.965601 0.702248 0.432655 0.432263 0.415129 5.895176 6.763938 7.969036 1.038256 1.164136 0.429522
8.529402 8.943666 9.234361 9.840100 10.329842 10.681146 11.133375 11.447568 11.091722 15.121439 8.615315 11.645173 11.925391 11.832094 12.020423 15.092861 12.327952 12.302437 12.318126 12.398055 12.437145 12.391152 12.270251 12.161769 14.771104 11.759315 11.915872 17.167868 14.694512 17.123938 13.900647 10.140000 9.654205 9.057567 8.484056 7.823233 7.286990 6.682584 6.083941 5.550537 4.968617 4.270097 3.630312 3.200644 2.671733 1.762315 0.540926 0.915962 4.923353 6.338724 7.078574 1.464880 1.426707 1.387699 1.260811 1.298745 1.183879 1.143342 1.506141 1.230217 1.313297 1.605504 0.528927
8.249261 9.066544 9.568969 10.249811 10.677163 10.946475 10.932592 14.240763 7.812967 12.903300 12.487750 11.848904 10.871062 10.836555 12.248374 11.201586 11.736266 11.904697 11.963953 12.067310 12.227134 12.300394 11.965882 10.533286 10.190405 9.699962 9.431368 9.352588 17.020733 16.719379 10.667566 12.922151 9.649016 9.150014 8.455666 7.562328 6.853962 6.191844 5.577837 5.015938 4.493221 3.843611 3.140263 2.498439 2.081201 1.507124 0.438300 1.452557 6.897743 1.915783 7.853298 1.775445 1.786912 1.940612 1.781302 2.065790 1.838497 1.755923 2.084876 1.765350 1.826938 1.945886 1.394470
8.668332 9.380776 9.966388 10.346157 10.633224 10.712629 12.753444 12.295268 10.529124 10.260073 10.017741 9.919871 9.846900 9.806726 9.927558 10.399098 13.330854 14.120667 14.373033 11.792776 11.973083 12.128822 9.626132 6.489790 9.840246 9.717922 9.463801 9.313040 16.730860 16.443600 16.010187 13.297300 9.955248 9.217880 8.151972 7.403910 6.644842 5.916477 5.265563 4.590118 3.926779 3.349629 2.779492 2.165713 1.636552 2.035311 2.235430 7.548232 2.460693 2.395113 2.418150 2.426055 2.248690 2.383806 2.336267 2.566562 2.417213 2.204861 1.274561 2.172719 2.535179 2.264250 2.236930
9.130506 9.691447 10.006658 10.209176 10.402912 10.335021 10.097597 9.813636 9.621489 9.389543 9.089200 8.963287 8.973788 9.067090 9.223421 9.591543 12.600613 13.333479 13.875406 11.532867 11.805199 11.983625 10.118684 6.440858 9.186682 9.981948 9.765136 9.581598 16.799553 11.416265 13.734416 13.197203 9.935871 8.911654 8.132125 7.343474 6.565216 5.779852 5.010178 4.250270 3.543620 2.945426 2.444697 1.940415 2.480455 2.770750 3.144809 3.024221 2.964142 2.855512 2.895122 2.963410 3.011055 2.776767 2.718984 2.946989 2.014578 1.653205 2.683401 2.496101 3.073967 2.716023 2.977523
9.333702 7.280240 7.885468 9.580161 9.043335 9.465375 9.215479 8.911349 8.651333 8.431053 8.193480 8.019205 8.079916 8.376095 8.727858 9.048895 9.976803 10.390793 10.547419 10.880985 11.305918 11.752621 11.843754 6.362809 6.334097 10.013868 10.026700 9.898048 11.499723 11.396831 13.852360 13.299084 12.530347 9.276602 8.175491 7.357470 6.551469 5.745593 4.917707 4.099646 3.408436 2.774346 2.227280 2.838097 3.107469 3.403701 3.396341 3.379780 3.379497 3.402590 3.499180 3.599066 3.661300 3.410631 3.235346 2.871596 2.433432 2.012957 2.939364 1.726501 3.205405 3.176314 3.440038
9.747659 7.743244 11.624888 8.230155 8.629860 8.303249 8.024955 7.802597 7.578321 7.253887 7.076771 7.027970 7.224538 7.724416 8.203132 8.705423 9.551867 9.809678 9.946937 10.259809 10.707598 11.223418 11.749101 6.342168 6.332129 10.253671 10.166743 10.134470 11.473050 11.334632 13.797792 13.266952 12.620889 11.786215 8.285048 7.458906 6.627538 5.814772 4.999349 4.220446 3.573207 3.960852 3.513894 3.378604 3.599948 2.316493 3.556124 3.633761 3.860049 3.981840 4.045014 4.190296 4.239130 4.035922 4.114064 3.253401 2.784352 2.248419 2.035644 1.741931 2.131509 3.476255 3.757577
5.264794 11.486262 7.988280 8.137167 7.538139 7.125993 6.859505 6.623356 6.431075 6.109109 5.958415 6.199131 6.668240 7.299592 7.727339 8.410089 8.958790 9.212782 9.447552 9.887326 10.294002 10.811662 11.369527 11.753756 5.867284 5.820105 9.873241 10.393241 11.458351 11.284246 10.891539 10.481601 10.105041 11.820803 8.668278 7.580889 6.756130 5.955643 5.175568 4.457258 3.835816 3.254987 2.798902 3.837814 2.595266 2.701871 3.023892 3.267623 3.691899 3.958558 4.029718 4.689737 8.161459 8.079147 3.997523 3.519450 2.962601 2.361566 2.010046 1.792900 1.849763 2.561621 3.815403
8.024549 9.206439 7.775969 7.198893 6.564097 5.986175 5.644621 5.494510 5.420322 5.322972 5.394425 5.734351 6.136465 6.692898 7.300166 7.816640 8.297767 8.662487 8.965127 9.507766 10.017254 10.505371 11.119675 11.614979 6.235048 5.812231 5.764333 9.381707 10.983623 11.077364 10.888494 10.507069 10.123778 11.830817 8.777846 8.082508 6.977171 6.196670 5.468313 4.800457 4.205339 3.689915 3.298027 3.081639 3.061156 4.026712 3.447900 3.782815 4.211909 4.547140 4.634106 8.577657 8.437162 4.938578 4.243711 3.708680 3.124233 2.532772 2.106324 2.951708 2.009634 2.404706 3.031783
6.984637 7.322578 6.772596 6.250112 5.814361 5.267148 4.684942 4.424500 4.433672 5.004798 5.526016 5.619876 5.427673 5.932221 6.552374 7.214868 7.788606 8.257246 8.663884 9.166923 9.735973 10.254905 10.886976 11.467743 7.433028 6.184327 6.124027 5.674536 9.570862 11.060470 10.898612 13.305636 10.232894 9.639246 9.001633 8.410960 7.739933 6.583484 5.899077 5.274647 4.729309 4.253841 3.887155 3.660219 3.588992 3.604742 3.758623 4.103554 4.575395 5.005463 5.152345 8.873990 5.465876 8.048226 4.657255 3.887370 3.370396 2.839830 2.419946 2.305351 3.337820 2.503475 2.888665
7.172744 6.507709 5.921105 5.377590 5.000845 4.629393 4.146580 3.907249 3.872243 4.175410 4.597131 4.799134 4.819002 5.427920 6.101192 6.928456 7.606723 8.043721 8.471165 8.948970 9.503267 10.072747 10.706328 11.341199 10.286758 6.147831 6.096691 6.075770 5.649395 11.396486 10.902395 13.435525 12.874247 9.897505 9.313839 8.687472 8.091792 7.499064 6.386202 5.810419 5.307815 4.863482 4.526765 4.285303 4.155456 4.155203 4.245416 4.409195 4.828509 5.337940 5.577428 5.605955 5.703376 5.295179 4.586084 4.129688 3.670701 3.249953 2.892390 3.775817 3.800814 3.548165 3.339194
6.520581 5.905670 5.326384 4.676607 4.060755 4.127175 4.272753 4.109495 3.884685 3.879631 4.129948 4.673467 4.671508 5.394902 6.077673 6.839091 7.720243 8.190385 8.528815 8.925661 9.384743 9.915625 10.546670 11.103251 11.180270 6.114960 6.075548 6.054181 5.627331 5.602543 13.711788 13.481199 13.090687 10.126451 9.620369 9.008502 8.439390 7.908140 7.334832 9.942410 5.886452 5.494479 5.183837 4.941002 4.775637 4.727107 4.816965 4.960837 5.229776 5.668064 9.482782 9.112833 5.964334 8.183753 8.036870 5.048121 4.750811 3.767609 4.333107 4.237211 4.204774 4.208450 4.146569
5.715823 5.245037 4.644568 4.088589 3.533016 3.518682 3.978511 4.153822 4.215288 4.378604 4.545749 4.983791 4.743507 5.476998 5.932008 6.678733 7.808556 9.054997 8.747590 9.078261 9.397240 9.746012 10.362386 10.957982 11.380267 7.821048 7.813851 6.029760 6.000883 5.973029 5.545287 10.761015 13.420418 13.135509 9.929200 9.421099 8.875792 8.339997 7.810144 7.370994 10.118578 9.863177 5.843569 5.613345 9.253930 9.231193 5.418051 9.408561 5.809902 6.090033 9.821219 9.301165 6.254577 5.975134 8.637858 8.471539 5.246928 5.042771 4.889020 3.966593 4.682895 4.687835 4.726005
5.063045 4.688766 4.060767 3.467237 3.486447 3.541091 3.889159 4.119889 4.436550 4.737026 4.853725 4.966881 5.405504 5.265562 5.798262 6.661499 7.626898 8.256301 8.684679 9.050437 9.425611 9.740055 10.184340 10.749104 11.248181 10.388725 7.769011 7.740380 5.973427 5.561973 5.531909 10.726493 10.621287 13.347322 10.243975 9.794658 9.311536 8.806819 8.325298 7.912348 10.622642 10.330839 6.486806 9.795743 9.713460 9.675877 9.690011 6.225978 9.913008 6.741582 10.135262 6.862263 6.718967 6.381398 9.092070 8.903273 5.796424 5.636034 4.872863 4.686952 5.241534 5.205909 5.200582
4.338747 4.295167 3.639670 3.506864 3.467570 3.894641 3.938282 3.962881 4.292188 4.571759 4.718589 4.726356 4.868160 4.960954 5.595308 6.437444 7.325925 7.910241 8.386944 8.846055 9.279744 12.572035 12.638359 13.136693 10.982419 13.829866 7.737391 5.588602 5.940671 5.918894 5.901326 5.856159 10.796628 10.738068 13.250696 12.872929 9.705759 9.263863 8.828580 8.431041 8.070327 7.763221 7.510848 7.311487 7.179490 10.138505 10.118769 7.134111 10.260667 10.375707 7.485835 7.300201 6.951181 6.822772 9.507803 9.398332 9.358573 6.235362 9.219758 5.935747 5.831570 5.782569 5.761946
3.265397 3.251426 3.549627 3.584790 3.647679 3.601463 3.331813 3.606027 4.194813 4.654800 4.941836 5.031360 4.418190 5.015758 5.653704 6.463016 7.261059 7.828153 11.436582 11.949012 12.311261 12.852959 10.075344 10.501160 15.922017 15.968142 15.913695 8.925352 5.906454 5.515139 5.888356 5.852023 5.809175 10.734058 10.594900 10.426013 12.881769 9.459739 9.054463 8.965023 8.624500 8.331331 8.091455 7.904799 7.750750 7.675826 7.687222 7.631977 7.745832 7.734519 7.985588 7.762692 7.457417 7.333670 7.160526 7.020080 9.897396 9.800848 9.697129 9.545035 9.448160 9.499874 9.577070
2.783226 2.718287 2.717529 3.342942 3.199101 2.939091 3.076655 3.785316 4.449829 4.887299 5.270355 5.583151 5.792921 5.311286 5.878607 6.645005 7.361763 7.878652 11.910585 12.358072 12.731817 13.034022 10.004225 10.422269 15.388512 10.828543 11.116074 10.903399 5.522812 5.887396 5.868097 5.840221 5.792113 5.728204 15.337449 10.310234 15.441208 15.296073 9.581430 9.267717 8.956447 8.905658 8.670006 8.486342 8.326022 8.265993 8.259144 8.307482 8.359847 8.334405 8.437388 8.221738 7.987873 7.754069 7.591918 7.625580 7.524093 7.192563 7.038265 6.860310 6.678060 6.521067 10.046615
2.597471 2.262756 2.188842 2.908660 2.884918 3.309599 3.940887 4.267471 4.600467 4.908136 5.438011 5.927619 6.320693 6.610274 6.225502 6.907093 7.578433 12.219049 12.513941 12.880202 12.947928 9.469520 9.720148 10.093301 10.364016 10.575488 10.847867 10.971764 5.520380 5.854067 5.844048 8.819793 8.784446 8.743950 5.372681 7.662662 15.192104 15.206988 15.354884 9.910233 12.413083 9.255642 9.200062 9.031563 8.873615 8.806243 8.840932 8.841856 8.823285 8.600232 13.743177 8.644499 8.517210 8.375059 8.251197 8.139880 8.055045 7.950611 7.817883 7.657554 7.468306 7.291287 7.141905
2.615385 3.240048 3.110598 2.920728 3.059916 3.831342 4.250253 4.392689 4.543644 4.899371 5.553976 5.245200 5.699549 6.163878 6.651599 7.182111 12.261382 12.504501 12.585600 11.964868 8.887566 9.050514 9.252296 9.638680 10.061684 10.377366 10.835098 11.115879 6.839053 5.830557 5.788352 7.351046 7.081374 5.369488 8.801705 8.747637 8.709055 8.578215 5.530345 5.581717 5.375841 7.053919 6.977741 5.192090 6.926845 6.828834 6.716328 8.261054 8.214706 8.230040 9.627528 6.170204 8.891937 8.897871 8.849714 8.790794 8.742338 8.678083 8.583012 8.461288 8.291997 8.298870 8.193764
2.668189 3.586188 3.373173 3.115787 3.515004 3.970274 4.147924 4.310171 4.471230 4.174207 4.556527 4.884748 5.356211 6.017983 6.643254 10.894692 11.566526 11.476459 8.069161 8.130100 8.220757 8.439251 8.758374 9.157694 9.644642 10.064189 10.499597 10.824457 11.096734 9.668909 9.891110 10.393773 10.271357 14.228137 8.726351 8.566260 8.600439 5.659727 5.593923 5.534550 5.476412 5.385490 5.321172 5.283678 5.230408 5.196952 5.173016 5.136751 8.268943 8.284237 5.087484 4.921900 4.904289 5.075682 5.080723 5.073581 5.070717 5.351107 9.165833 9.140275 9.060382 8.955615 8.858153
