geotop_simulations/templates/TEST_Venosta_3D_034_template/rec/SoilTemperature0000L0004.old.asc
ncols         252
nrows         194
xllcorner     598250.000000
yllcorner     5144500.000000
cellsize      250.000000
NODATA_value  -9999.0
[rows 112 to 139 of 194, columns 63 to 125 of 252]
2.412542 2.347896 2.224247 2.214314 2.593682 2.812621 2.841408 3.107231 3.336918 3.397662 3.858208 4.173364 4.596368 5.264282 5.936748 6.404376 6.855044 7.144014 7.236366 7.291202 7.360625 7.537894 7.866891 8.311318 8.794172 9.264518 9.777508 10.264139 10.189657 9.390786 9.253667 9.992790 12.317076 12.073025 7.012094 5.222771 5.210847 5.180447 5.132508 5.086236 5.043469 4.982940 4.940852 4.898898 4.852157 4.812024 4.775692 4.748135 4.729859 4.717780 4.714601 4.817535 4.822439 4.734906 4.747760 4.741811 4.738382 4.727444 4.704002 4.670120 4.640593 4.603373 8.445048
1.807034 1.940918 1.921540 2.011335 2.390408 2.587660 2.742601 3.000019 3.084109 3.318283 3.667166 4.073202 4.588563 5.227717 5.756891 6.261164 6.542142 6.663484 6.668440 6.612949 6.688980 6.923402 7.343617 7.837662 8.330637 8.873313 9.414358 9.445342 10.028974 13.051211 9.205556 9.272108 12.082350 12.075788 5.222836 5.231070 5.206213 5.168815 5.128486 5.085780 5.044268 4.996523 4.947463 4.901503 4.850488 4.808638 4.792087 4.844846 4.763653 4.752771 4.827654 4.846344 4.850886 4.787988 4.816020 4.821624 4.824994 4.825906 4.817284 4.792069 4.762798 4.727164 4.655737
1.476477 1.450852 1.642523 2.228298 2.563708 2.625222 2.610641 2.858314 2.915136 3.123739 3.479149 3.907672 4.480520 5.084335 5.505963 5.889698 6.068164 6.104709 6.010508 5.985136 6.133156 6.491513 6.985260 7.437504 7.919907 8.509089 9.122172 9.179901 9.820864 10.121942 11.897103 11.977833 11.996772 11.969063 7.163139 5.226399 5.202638 5.170936 5.134411 5.088057 5.050511 5.012835 4.957288 4.893950 4.836914 4.849276 4.854038 4.798473 4.785098 4.777817 4.787757 4.798530 4.805532 4.823221 4.844422 4.846688 4.852623 4.854929 4.847819 4.836442 4.815882 7.046820 6.985149
0.909563 0.775581 1.447310 2.067562 2.352306 2.337009 2.436810 2.563123 2.727008 3.327832 3.706392 3.791118 4.300213 4.798092 5.157509 5.488200 5.635587 5.585048 5.473453 5.523963 5.751078 6.201100 6.719306 7.185442 7.685041 8.249480 8.930946 9.105385 9.666637 10.040830 8.928286 11.940837 12.028952 12.078752 6.419578 5.189356 5.172357 5.146380 5.105436 5.065333 5.035397 4.999062 4.943266 4.876744 4.810702 4.829384 4.848408 4.796661 4.802741 4.796084 4.800144 4.804962 4.814510 4.823043 4.831592 4.829014 4.824370 4.826805 4.836927 4.841927 4.834859 4.818468 4.771007
0.312139 0.554613 3.467858 4.272774 1.643351 1.759363 1.916242 2.229018 2.770517 3.147172 3.480388 3.637117 4.022286 4.439384 4.823365 5.204301 5.366876 5.312635 5.239177 5.349078 5.635745 6.149477 6.679620 7.172402 7.681198 8.193280 8.476985 9.091095 9.599682 9.998997 8.766183 11.729190 11.976476 10.629778 7.789812 6.102482 5.135010 5.096559 5.045583 5.012900 5.968015 5.907519 5.866247 5.791142 4.739741 4.732767 4.753521 4.758956 5.764827 5.737754 5.739986 5.743713 5.750747 5.755855 5.719676 4.631443 4.542279 4.609595 4.725291 4.781163 4.809244 4.798277 4.760745
0.382725 2.740832 3.060273 3.219220 1.107783 1.387747 1.671742 2.075756 2.540533 2.914433 3.141780 3.359513 3.715181 4.164547 4.673662 5.220571 5.502150 5.529849 5.486468 5.571741 5.849128 6.395155 6.968096 7.428655 7.816829 8.380465 8.789877 9.240531 10.002123 9.938419 12.477275 9.817921 10.814283 10.821139 10.860384 10.874035 7.516923 7.405481 10.349847 10.160981 9.802867 9.779440 6.016152 4.663077 4.608656 4.609552 5.573659 5.469884 5.478151 5.487173 5.511570 5.518980 5.547899 5.438758 9.149725 8.868847 8.595692 8.477432 8.594577 8.723085 4.612319 4.663880 4.669393
3.555316 3.870067 3.924640 3.930362 1.327274 1.250297 1.639013 2.092944 2.282014 2.507520 2.754733 3.168536 3.549796 4.068121 4.674468 5.365242 5.815613 5.955869 8.574853 6.077981 6.249907 6.636042 7.341876 7.829761 7.598785 8.682765 9.372560 9.790548 10.004455 10.047515 9.597395 9.527814 9.885116 10.539770 10.429872 9.274154 10.042581 8.952015 8.776589 8.561890 8.395847 8.272680 8.161998 8.110667 8.084660 7.983121 7.764644 8.247518 8.110367 8.083180 8.174954 8.283463 8.384420 8.785254 8.400588 8.213676 8.281257 8.202819 8.112152 8.423812 8.543122 8.667532 8.106294
4.026760 4.516240 4.879115 5.109238 2.071374 1.825698 1.675831 1.881614 2.141692 2.495703 3.000411 3.561055 4.080105 4.480184 4.720563 5.422514 6.057628 8.931594 8.905327 9.338571 6.859704 6.820729 7.457566 7.914930 8.483525 9.269524 9.652743 9.825841 9.835302 9.300476 9.226966 9.598702 9.536474 9.525530 9.612370 8.699324 8.524388 8.307185 8.169534 7.947347 7.786983 7.737947 7.600018 7.447310 7.341734 7.364304 7.948295 7.689804 7.460793 7.317353 7.360366 7.409231 7.523125 8.028364 7.986973 7.928989 7.639321 7.383135 7.370932 7.677611 7.850545 7.963052 8.159037
4.227947 5.011421 5.698624 2.320422 2.394914 2.355872 2.354035 2.419544 2.638240 3.107466 3.652426 4.124505 4.491393 4.803444 4.940444 5.526397 6.185760 8.853188 7.156003 9.827204 7.200255 7.052152 7.279619 8.276490 8.753686 9.612064 9.615968 9.109737 9.115231 9.390533 8.834939 9.205962 9.115323 9.059337 8.383512 8.164301 7.900600 8.330393 7.591008 8.025083 7.138651 7.800461 7.042234 6.906969 7.487684 7.448525 7.439069 7.157587 6.843411 6.658031 6.656604 6.611769 6.644837 7.342298 7.377251 7.164045 6.933813 6.724233 6.721328 7.005049 7.113184 7.226888 7.452308
4.345110 5.253082 2.133926 2.368508 2.500991 2.632510 2.891794 3.057837 3.203619 3.491870 3.915582 4.386541 4.380759 4.921232 5.395932 5.842416 6.364120 6.901717 7.551317 10.276286 7.487474 7.720462 8.494068 9.377642 3.959172 9.341390 9.344513 8.806622 9.072485 8.917744 8.376003 8.332465 8.662841 8.042411 7.867079 7.618289 7.868242 7.643303 7.506735 7.358395 6.565437 7.142217 7.043148 6.950376 6.815491 6.715115 6.902565 6.656771 6.225567 5.954971 5.943531 5.912558 6.060704 6.702883 6.680061 6.561193 6.405395 6.139229 6.083345 6.299627 6.379257 6.496558 6.754347
3.887621 1.546589 1.740384 2.183617 2.664103 2.933936 3.196417 3.373961 3.569036 3.745108 4.048976 4.283875 4.923930 5.467448 5.931443 6.336992 6.727207 7.162665 7.736173 10.263126 8.086992 8.694769 9.392898 9.405521 8.815167 8.675645 8.459804 8.739835 8.574451 8.411582 8.287342 8.266667 8.178036 7.993611 7.740058 7.470268 7.190772 6.946985 6.715144 6.569814 6.473922 6.348289 6.192700 6.122131 6.050634 5.903317 6.325951 6.264105 5.790993 5.367346 5.263659 5.275889 5.578135 6.148657 6.077477 5.935644 5.817262 5.568859 5.447644 5.614316 5.711214 5.826298 6.082125
3.264777 1.249100 1.549175 1.856868 2.646674 3.230694 3.508503 3.732836 3.990491 4.192813 4.315414 4.756048 5.455375 6.045110 6.499857 6.866201 7.238961 7.593876 9.778071 10.078926 10.305285 8.896181 9.350341 8.701391 8.545595 8.341588 8.423973 7.849558 7.684296 7.863118 7.724277 7.708983 7.636192 7.392727 7.081503 6.790045 6.520352 6.254511 5.961519 5.833451 5.792099 5.610992 5.416155 5.346880 5.356467 5.177093 5.670025 5.918280 5.457205 4.952602 4.680804 4.652321 5.062940 5.548010 5.452808 5.306577 5.232312 5.081800 4.980907 5.080809 5.199043 5.341663 5.522679
3.196353 4.114886 1.756702 2.078047 2.477805 3.402140 3.914217 4.187338 4.476127 4.746574 4.843719 5.212395 5.875839 6.517081 6.966661 9.696353 10.052872 10.375431 10.482423 10.427082 8.881951 9.333723 8.699919 8.451489 8.140696 8.229661 7.939386 7.668944 7.432046 7.263445 7.141069 7.127029 7.056467 6.761082 6.390549 6.099270 5.849094 5.564560 5.230751 5.099261 5.082045 4.860355 4.673278 4.567749 4.601615 4.473047 4.914405 5.547238 5.138906 4.587202 4.215641 4.109428 4.481720 4.898541 4.826892 4.691616 4.647879 4.575140 4.575334 4.660451 4.762487 4.936337 4.877888
3.357840 4.798675 6.221164 2.419301 2.648896 3.221142 6.077591 6.686408 7.145774 5.054060 5.253233 7.394707 7.247287 6.646576 7.113493 8.768070 9.577264 10.172589 10.586832 10.515401 9.855072 9.141671 8.362273 8.449816 8.103157 7.764351 7.420388 7.090370 6.814314 6.617394 6.522847 6.499454 6.431557 6.100143 5.676129 5.404657 5.202910 4.892610 4.515285 4.356842 4.330365 4.068348 3.847055 3.738792 3.738913 3.765110 4.198218 5.119850 4.841173 4.255430 3.804697 3.620782 3.719741 3.911172 4.100690 3.974486 3.962157 3.937215 3.976731 4.094875 4.230458 4.432296 4.319952
3.914126 5.056891 1.573892 2.228058 2.666769 2.944251 4.167849 4.828344 5.532856 5.810410 5.841821 5.568949 6.045866 6.534131 7.018541 7.561322 8.157999 9.863930 10.273561 9.280876 9.221668 8.862447 8.385209 8.041936 7.690836 7.282662 6.866486 6.488155 6.199381 5.991355 5.909572 5.856085 5.822023 5.501081 5.055207 4.764888 4.632382 4.298555 3.890187 3.634767 3.619904 3.402503 3.098463 2.986048 3.050318 3.104574 2.827127 4.737382 4.512330 3.884229 3.333934 3.081147 3.063740 3.181299 3.346149 3.158478 3.128523 3.220392 3.300817 3.462068 3.670181 3.926008 4.005250
3.116612 3.363313 0.994914 1.686280 2.260047 2.643205 3.013229 3.494298 4.051687 4.707480 5.130966 5.579021 6.062470 6.546047 7.028794 7.584755 8.216611 9.845507 10.085932 9.277064 8.990762 8.489625 7.963440 7.555668 7.227139 6.785132 6.283537 5.842583 5.556794 5.368557 5.304714 5.238158 5.262453 4.962289 4.532038 4.180880 4.061324 3.738894 3.343637 2.808967 2.950040 2.684113 2.443774 2.345416 2.440241 2.165263 2.592778 3.877160 4.160423 3.510841 2.898385 2.520589 2.391249 2.744941 2.701112 2.483546 2.412862 2.559043 2.702921 2.930579 3.255116 3.547036 3.468850
1.781737 2.218028 0.568887 1.190200 1.865010 2.614139 3.239915 3.818023 4.442924 4.925006 5.451504 5.937263 6.409251 6.858331 7.267884 7.734470 9.610916 8.553912 9.313183 9.137033 8.644322 8.003985 7.452542 6.989905 6.672733 6.246881 5.699634 5.189751 4.879642 4.725797 4.483497 4.674097 4.767020 4.482805 4.100025 3.764007 3.410600 3.191427 2.785849 2.429278 2.325935 2.062297 1.798495 1.768167 1.973176 1.646306 2.426249 3.407465 3.717157 3.055735 2.360860 1.845926 1.139065 1.663739 1.694757 1.673063 1.550086 1.519161 2.100868 2.569342 2.979557 3.245309 2.519048
2.843184 3.148347 3.557821 3.847230 2.449735 3.144545 3.835104 4.502760 5.047027 5.214496 5.799079 6.302666 6.791119 7.243991 7.628245 8.047606 9.895762 8.196608 8.572801 8.898930 8.246150 7.466082 6.869389 6.368161 6.028489 5.655608 5.129387 4.570075 4.206444 4.078521 4.145917 4.170828 4.206785 4.109387 3.738912 3.314222 3.180662 2.778350 2.302798 1.866061 1.620148 1.451227 1.500026 1.807949 1.857749 1.573511 2.361300 2.875466 3.214115 2.445005 1.665913 1.125358 2.836341 0.856818 1.032211 0.911327 1.930567 2.409663 4.005657 2.322489 2.711911 3.213432 3.208535
3.486586 4.487950 5.584095 6.523564 3.270086 3.697301 4.220834 4.871156 5.074825 5.661385 6.210341 6.663790 8.740618 8.622689 8.794396 8.270511 8.770573 8.249347 9.112021 8.644617 7.849190 6.941650 6.246195 5.714177 5.326985 4.992890 4.358050 3.820753 3.530797 3.214059 3.291158 3.427074 3.799744 3.576911 3.163453 2.833141 2.741928 2.479617 1.920441 1.467734 1.244057 1.586262 2.031041 2.249588 2.092601 1.973085 2.338247 2.569606 2.591834 1.665291 2.687671 2.853256 2.390746 0.205374 2.185682 2.084525 2.430122 3.612706 4.932471 2.133345 2.709363 3.243140 3.507769
2.716828 3.651275 5.357744 6.999279 3.406738 3.834361 4.353490 4.928616 5.519210 6.085324 6.487608 6.776070 6.775472 7.303713 7.712939 8.227564 8.791633 8.577620 9.042640 8.440749 7.526418 6.533352 5.702330 5.068325 4.615536 4.247811 3.667224 3.210033 2.784046 3.457245 4.054256 2.765088 2.953883 2.990242 2.544623 3.274089 1.970327 3.350374 3.169691 3.578233 4.236071 5.242799 2.355143 2.286206 2.075446 2.220414 1.942167 2.266967 1.915877 0.802686 2.080108 2.134425 1.630234 1.280881 1.313497 1.970826 3.086573 4.489283 1.817258 2.170902 2.380199 2.535795 2.702637
3.475808 4.635238 1.780783 2.453664 3.232535 3.759318 4.365118 4.998422 5.447743 6.146623 6.576214 6.198081 6.715240 7.029997 7.554822 8.136676 8.760562 8.652428 9.353316 8.328007 7.335857 6.302721 5.380772 4.612771 4.030454 3.367480 3.025174 3.347329 2.298603 3.163314 3.304252 2.092397 2.151642 2.287669 1.961193 2.601639 1.068327 1.145738 3.264324 3.972408 4.539018 1.593576 1.642397 1.645719 1.576478 1.070709 1.334547 4.157260 0.655967 2.656216 2.075387 1.558703 1.030648 0.949378 1.309558 2.441510 3.681538 4.805491 1.712716 2.063033 2.261701 2.512883 3.175781
3.980116 1.642891 2.056080 2.480378 3.004437 3.789312 4.433138 5.076194 5.533776 5.931754 6.146845 6.347184 6.642573 7.041930 7.607305 8.181027 8.821576 9.739313 9.059886 8.311939 7.289517 6.234067 5.277822 4.447180 3.783245 4.411560 3.602262 3.016754 2.832774 2.669771 2.615506 2.930685 3.078628 1.573546 1.347257 2.740453 2.009767 2.134513 2.707151 2.485005 2.516204 3.121751 3.417316 3.852536 1.175910 3.846526 3.859980 3.202678 0.032256 0.005481 -0.006266 1.234334 1.581619 2.516227 3.125622 3.884799 4.782487 5.823130 1.808981 2.135531 2.839941 3.301157 3.995633
3.366676 1.340739 1.862897 2.334769 2.804078 3.345927 3.980667 4.851380 5.074071 5.728956 6.071281 6.480178 6.900101 7.439155 7.722968 8.345675 8.996446 9.795492 9.111641 8.405534 7.423892 6.390037 5.423109 4.572937 3.878680 3.256956 2.616398 3.384779 2.842381 2.421773 2.030147 1.950017 2.190692 2.283785 1.996881 1.689648 1.215303 1.167785 1.571688 1.747062 1.482700 1.497334 1.501214 1.759385 2.447581 2.188666 2.139177 1.425421 0.818683 -0.034650 0.067293 0.311894 1.688663 3.126348 4.126927 5.102165 5.960485 6.790865 1.969520 2.306696 2.355921 3.585388 3.265128
1.653125 2.104460 2.568293 2.843359 3.078450 3.380504 3.871873 4.461867 5.165774 5.734279 6.291479 6.737492 6.996414 7.551531 8.293759 8.802507 8.502929 9.023696 9.303513 8.559387 7.715370 6.738022 5.777440 4.932092 4.209201 3.521444 2.802525 2.074311 3.582853 2.773278 2.039263 1.476956 1.205497 1.239605 1.154096 1.148424 1.027875 0.835810 1.076851 1.182509 0.926507 0.734875 0.816213 1.155547 1.514748 0.970295 0.986954 0.655363 0.131038 -2.254787 -1.475258 -0.940029 1.058772 2.129801 3.792135 0.823516 1.042271 1.624552 2.176218 2.420925 3.178305 3.908217 4.134967
2.200362 2.646657 3.074114 3.460067 3.756653 3.881812 4.073034 4.675112 5.451688 5.993201 6.235902 6.318050 7.308424 8.391588 8.778831 8.871603 8.885741 8.827339 8.783376 8.619275 7.850176 7.189104 6.261592 5.417869 4.660218 3.902085 3.111674 2.240437 1.939644 2.758732 1.967194 1.271315 0.802591 0.480426 0.467185 0.655846 0.356167 0.273672 0.245141 0.245251 0.066475 -0.038382 0.402087 1.055795 1.011587 0.662642 0.704731 0.725445 0.318411 -2.394037 -0.905179 -2.659719 1.068105 1.736077 3.113397 4.856404 0.936429 1.617840 2.385446 2.407234 3.194723 3.919844 4.053256
2.160465 2.475797 2.906670 3.545470 4.109829 4.410358 4.582902 4.972266 5.625215 4.806272 3.963010 7.252966 7.935648 8.601727 8.598253 8.421468 8.266847 8.181685 8.260298 8.389447 7.952274 7.417618 6.785674 5.942934 5.126748 4.316349 3.469245 2.557811 1.352792 0.576403 1.838875 1.129180 0.326038 -2.732612 -1.558915 -1.281548 -0.672274 -0.777482 -0.986914 -0.785190 -1.188988 -0.732820 -0.673953 -1.143615 -2.502386 0.036884 0.275029 0.855780 1.013246 0.833272 0.488425 1.315643 1.548423 1.810085 3.056296 0.572515 0.874745 1.625616 2.487107 2.613347 2.793558 3.226054 2.970424
3.757626 4.735963 6.180032 3.603906 4.286071 4.384389 5.154762 5.343121 5.014808 4.928218 7.106472 7.763975 8.324080 8.179345 7.902875 7.573208 7.373670 7.329719 7.541785 7.883637 8.026610 7.859769 8.283605 6.424066 5.532877 4.631037 3.689263 2.692236 1.680225 0.602985 0.560266 2.403399 1.708701 1.063092 0.093940 -1.040408 -0.006373 1.081853 1.318144 0.979620 -0.855102 -0.635818 -0.581673 -1.172706 -1.074618 -0.684327 -0.633021 -0.651438 -0.620002 -0.799338 1.011725 1.790101 1.772933 2.360972 3.785399 5.406999 6.875572 1.577375 2.427809 2.953805 2.839886 2.692533 3.230238
4.235458 6.002149 3.212184 3.770333 4.326283 4.767491 5.265004 5.528749 3.510961 6.510610 7.605464 8.178634 7.868968 7.441777 7.003356 6.611273 6.409024 6.419251 6.719892 7.215802 7.572412 7.745545 7.487334 7.637632 5.835364 4.818552 3.794221 2.795882 1.980575 1.420111 1.165880 3.799209 3.056281 2.161744 1.786759 2.071543 2.270905 2.671089 2.554095 1.575199 0.438039 -0.726819 -0.670521 -0.621911 -0.739977 -0.784043 -0.719255 -0.559990 -0.538372 -0.789192 1.245889 1.829778 1.977277 2.416407 3.642552 5.352442 0.801961 1.329259 2.218438 2.989455 2.813587 3.322380 2.524958
