geotop_simulations/templates/TEST_Venosta_3D_034_template/rec/SoilPressure0000L0006.old.asc
ncols         252
nrows         194
xllcorner     598250.000000
yllcorner     5144500.000000
cellsize      250.000000
NODATA_value  -9999.0
[rows 72 to 95 of 194, columns 55 to 109 of 252]
-1112.768072 -1113.701788 -1115.123564 -1127.953685 -1135.834455 -1146.459637 -1163.875128 -827.788101 -830.055809 -838.966515 -1176.599686 -1177.036692 -1370.838021 -1368.206980 -1403.643628 -1430.861321 -1446.908152 -1411.868649 -1408.003592 -1427.458711 480.649425 407.552541 -1119.353632 -1118.325712 -1116.673074 -1114.395920 -1111.984768 -1109.680108 -1109.256413 -1099.600634 -1410.561164 -1303.592064 -1196.137396 -1118.234606 -1108.037933 -1127.104935 -1090.679025 -1035.277643 -1004.780916 -1009.554123 -892.395119 -950.750386 -960.952552 -1041.880369 -1074.198068 -1080.986078 -1072.141065 -1063.542669 -1059.327319 -1062.591564 -1071.356285 -1076.335641 -1077.429859 -1080.816045 -1079.990369
-1122.839807 -1240.310258 -1249.402810 -1145.599472 -1155.203138 -1162.495829 -1177.133350 -1175.341637 -1173.532418 -1177.165515 -1176.807036 -1180.893804 -1394.774134 -1395.485413 -1407.952501 -1438.543229 -1453.451158 -1413.428645 -1418.400608 -1427.210938 204.690196 385.551353 -1119.038250 -1117.896258 -1116.029242 -1113.818648 -1111.733885 -1108.967262 -1447.753066 -1390.710764 -1313.269526 -1228.420773 -1155.556486 -1119.193037 -1106.361800 -1102.553449 -1098.953021 -1084.877207 -1090.556804 -1050.460754 -1025.866784 -1006.622813 -1052.487157 -1076.377880 -1078.177778 -1078.244181 -1074.173088 -1070.052895 -1073.271035 -1074.292093 -1083.259400 -1086.479799 -1086.966648 -1089.668850 -1036.730168
-1137.103605 -1280.037234 -1289.114971 -1300.114543 -1164.042457 -1169.946401 -1187.573179 -1191.727367 -1191.959071 -1188.059988 -1175.073953 -1180.562547 -1198.332163 -1422.107614 -1434.109002 -1445.929800 -1447.281425 -1468.972242 -1487.677333 -1431.466859 199.812880 350.749159 -1118.345769 -1117.139918 -1115.590724 -1114.089676 -1112.425015 -1467.752170 -1432.608252 -1380.133801 -1307.777823 -1223.970339 -1148.644185 -1117.813996 -1087.544243 -1055.735422 -1060.946891 -1065.252068 -1062.504835 -1013.785826 -1042.911178 -1065.415527 -1081.474580 -1081.370073 -1080.559754 -1077.675049 -1077.222252 -1080.517581 -1085.901495 -1084.892165 -1089.967955 -1043.282298 -1094.786653 -1043.953355 -1093.242928
-1078.645651 -1077.904513 -1322.961421 -1331.659379 -1333.585538 -1331.745216 -1361.053097 -1206.005207 -1206.044169 -1204.045876 -1194.360586 -1398.179276 -1411.564696 -1208.438471 -1227.267552 -1461.747684 -1448.968706 -1461.560232 -1092.121351 -917.573686 276.465809 314.647777 -1117.960804 -1116.761049 -1116.057299 -1118.551829 -1485.145485 -1461.480755 -1433.561846 -1385.405189 -1316.464362 -1227.806163 -1148.274959 -1117.518360 -1092.747259 -1053.016473 -1028.044725 -1011.636813 -991.704134 -1039.415785 -1054.497377 -1090.321469 -1091.705597 -1087.044967 -1080.890582 -1078.838630 -1083.836601 -1089.006986 -1093.154071 -1094.133163 -1095.128900 -1099.603296 -1049.262826 -1046.551228 -692.441196
-1064.134443 -1085.092901 -1358.743837 -1360.626680 -1356.204992 -1356.491563 -1373.393715 -1217.195285 -1213.331599 -1212.587354 -1407.326700 -1423.004204 -1432.900812 -1437.773924 -1231.400532 -1238.342876 -1219.948109 -1463.775832 -1091.794985 472.753305 405.816954 284.647379 -1118.224888 -1118.163183 -1123.478690 -1498.248118 -1476.689853 -1459.629204 -1431.597684 -1390.533074 -1346.718181 -1288.691648 -1198.767488 -1166.910420 -1093.059577 -1074.629605 -1054.809223 -1042.439745 -1039.021046 -1042.683496 -1079.096970 -1098.794427 -1094.602898 -1088.940939 -1083.313474 -1082.513258 -1090.405162 -1095.564525 -1098.942405 -1100.660873 -1102.322817 -1104.137641 -1049.362999 -698.033654 -622.285098
-1229.620376 -1070.626485 -1089.697802 -1380.598796 -1378.362507 -1379.956113 -1382.970173 -1406.506901 -1224.575263 -1214.000694 -1408.048348 -1426.626081 -1444.674156 -1450.344753 -1458.480051 -1469.154403 -1470.811941 -1472.151273 -1094.270522 425.920312 476.810402 259.251705 -1461.209881 -1123.925744 -1514.510565 -1486.010170 -1474.953679 -1464.975783 -1440.311100 -1414.774370 -1396.777660 -1373.565583 -1322.515823 -1279.356959 -1159.843782 -1225.019573 -1105.140682 -1088.429220 -1071.422164 -1075.844288 -1097.905545 -1097.047023 -1094.766373 -1091.857888 -1088.458602 -1090.448971 -1094.756309 -1100.311802 -1103.886325 -1104.915960 -1055.970371 -1053.578756 -735.817573 -626.406060 -575.526058
-1040.142271 -1256.280521 -1072.100487 -1091.831019 -1400.916500 -1399.538132 -1402.111115 -1417.381898 -1432.136183 -1235.665672 -1429.074338 -1434.067186 -1451.782121 -1094.332340 -1088.452980 -1086.380511 -1475.422887 -1077.002975 -1095.435707 378.100882 523.901986 242.299297 -1463.185106 -1133.719022 -1513.924722 -1495.287411 -1491.008704 -1110.724577 -1456.852075 -1437.363552 -1420.837566 -1098.332180 -1090.457669 -1311.003698 -1273.695446 -1219.057160 -1181.269510 -1153.991353 -1096.892584 -1100.668254 -1102.490562 -1099.000351 -1097.509712 -1094.302010 -1121.474400 -1151.942827 -1099.390877 -1052.355566 -1054.991063 -1055.313711 -1062.789180 -815.942806 -704.883382 -599.201189 -541.666061
-1207.597726 -1239.416659 -1262.040723 -1071.324830 -1095.578883 -1093.346855 -1422.520050 -1428.876093 -1441.005942 -1448.244987 -1449.335008 -1453.213994 -1097.608459 -1095.117488 -1086.428577 -1476.316716 -1082.497871 -1072.387686 -1096.948231 343.623900 558.449341 231.780371 -1465.695569 -1131.227878 -1516.298909 -1506.322793 -1118.812829 -1115.766581 -1467.178341 -1104.549412 -1102.428588 -1099.260544 -1378.260407 -1343.799893 -1301.982411 -1248.326642 -1200.084533 -1102.470692 -1103.369681 -1109.835419 -1108.700039 -1103.617768 -1101.780894 -1096.397140 -1145.666752 -1177.441305 -1103.399115 -1055.533849 -1055.899119 -1025.028667 -979.260158 -866.575663 -735.502049 -598.625207 -519.356190
-1086.444588 -1164.715565 -1181.818187 -1229.006059 -1071.663616 -1097.996720 -1438.893170 -1441.442310 -1449.039094 -1456.393423 -1461.793948 -1466.606670 -1099.098204 -1093.081365 -1081.990892 -1482.030470 -1075.650110 -1240.523113 -1262.294258 323.119511 572.742441 221.377537 -1126.131369 -1130.933746 -1521.026959 -1512.232967 -1115.997523 -1112.652389 -1109.302192 -1105.411432 -1102.550961 -1099.604622 -1397.565472 -1367.548798 -1328.246131 -1288.538646 -1240.604438 -1196.689757 -1196.979585 -1120.396866 -1121.831197 -1110.486239 -1107.010151 -1102.979363 -1101.307779 -1191.237476 -1106.096803 -1057.632987 -1056.935799 -1056.018888 -1114.942580 -988.848426 -850.410888 -651.689595 -680.118594
-1054.107821 -1100.650761 -1146.485725 -1176.043423 -1230.951511 -1072.756178 -1106.489036 -1460.283925 -1463.279535 -1467.006300 -1470.809092 -1471.884480 -1095.163829 -1086.073410 -1074.585831 -1245.138546 -1242.588903 -1095.053781 -1100.853202 401.732387 521.377216 208.116099 -1470.767431 -1131.190688 -1527.734442 -1518.287270 -1116.013019 -1490.744987 -1479.237351 -1465.307984 -1450.141871 -1433.335756 -1413.848039 -1389.212824 -1357.628924 -1323.504190 -1291.475915 -1245.523839 -1216.174749 -1134.421653 -1133.440506 -1120.139457 -1193.783670 -1202.271443 -1210.871229 -1217.527308 -1110.520528 -1057.952127 -1065.523361 -1228.199874 -1132.683108 -1043.328308 -933.628225 -873.345486 -705.355771
-1104.031701 -1141.464883 -1152.315530 -1167.734187 -1181.424244 -1242.550523 -1065.017037 -1411.535668 -1480.920353 -1107.398202 -1102.250390 -1097.032587 -1096.208741 -1257.503144 -1257.097570 -1268.804484 -1269.105553 -1345.683453 -1103.517213 480.378791 455.470466 -531.484737 -1478.790119 -1131.835020 -1533.619278 -1523.336866 -1116.709793 -1496.411123 -1484.711263 -1472.637167 -1458.432638 -1443.090955 -1429.441602 -1095.901074 -1090.991528 -1084.918228 -1321.130562 -1288.113965 -1269.678706 -1261.856581 -1147.304753 -1133.492508 -1217.922075 -1227.073538 -1238.907375 -1248.773346 -1057.608496 -1059.903044 -1066.917072 -1214.729462 -1147.853402 -1085.485207 -1009.219498 -935.112247 -843.208983
-1092.165225 -1088.812873 -1150.861606 -1159.971901 -1181.389020 -1226.670333 -1282.589030 -1323.327378 -1394.465274 -1499.795216 -1496.050471 -1493.313628 -1276.924185 -1275.126028 -1263.081461 -1488.709148 -1254.126382 -1259.736375 -1269.084178 554.391686 413.472207 -1403.487993 -1480.868873 -946.937000 -937.153342 -1526.511068 -1117.162207 -1113.212124 -1109.757951 -1480.761178 -1469.155716 -1453.013435 -1440.054799 -1425.264746 -1403.896853 -1086.825694 -1344.777012 -1320.884872 -1305.337792 -1291.529367 -1288.253284 -1148.316332 -1248.981090 -1250.756315 -1269.282897 -1064.862884 -1060.729039 -1066.001828 -1179.914813 -1167.649400 -1154.296989 -1085.819907 -1022.998266 -917.880052 -822.112718
-1143.232789 -1109.021452 -1090.511908 -1161.604796 -1174.663067 -1217.732096 -1262.689215 -1301.794210 -1371.090440 -1387.115285 -1405.141250 -1413.375927 -1414.408171 -1474.661627 -1482.372733 -1479.825535 -1406.144528 -1507.152353 -1476.308641 559.542623 546.074423 -1436.874564 -1480.353361 -945.331115 -936.590218 -932.261454 -1119.476941 -1115.968956 -1112.562789 -1109.549030 -1478.072190 -1463.158444 -1449.059945 -1436.607378 -1094.075238 -1089.736518 -1371.791874 -1348.765410 -1333.224876 -1319.352940 -1321.860728 -1301.363865 -1276.242670 -1270.702008 -1069.767220 -1068.952662 -1056.830303 -1024.060667 -1065.970648 -966.503410 -1002.861636 -1071.722104 -974.466295 -841.685263 -704.179167
-1248.248815 -1141.237568 -1150.896168 -1127.275262 -1261.106548 -1293.806208 -1335.878316 -1360.204713 -1401.823869 -1367.216668 -1398.404430 -1409.959701 -1424.642620 -1382.286128 -1449.572679 -1458.422839 -1458.587870 -1464.844660 -1520.705918 377.702088 574.588888 401.932091 -1475.903411 -961.920581 -937.435218 -928.342736 -923.339142 -1117.055184 -1114.182146 -1110.651727 -1107.523074 -1103.943159 -1100.666426 -1445.861547 -1096.103734 -1093.349821 -1092.612076 -1372.625029 -1357.542284 -1347.762703 -1351.870572 -1327.338674 -1298.456113 -1287.922140 -1319.866496 -1075.318365 -1015.674915 -1061.019046 -1011.761207 -919.146070 -895.157651 -1034.116432 -938.599267 -786.271059 -654.423519
-1247.523364 -1264.659864 -1153.820000 -1159.621709 -1302.153300 -1345.452048 -1392.038208 -1407.392509 -1339.936576 -1327.218163 -1336.802486 -1357.729570 -1384.041762 -1408.383401 -1427.544240 -1438.313146 -1451.955249 -1453.759465 -1478.473537 -1536.966083 466.832650 493.646435 302.818270 241.087460 216.164511 -1457.427945 -920.512795 -1116.353150 -1114.097624 -1111.599959 -1108.843165 -1105.793404 -1101.086281 -1454.146844 -1098.545937 -1096.873412 -1095.672590 -1093.665870 -1379.986250 -1374.939156 -1380.967169 -1351.490423 -1318.290796 -1323.947445 -1349.191562 -1114.306506 -955.888687 -928.167074 -918.967336 -920.731451 -841.764787 -845.342770 -800.225694 -730.215132 -625.508345
-1107.700625 -1292.629862 -1284.244674 -1303.140699 -1330.263772 -1354.308999 -1298.424516 -1254.835616 -1199.394112 -1213.351428 -1279.092788 -1338.060074 -1384.797736 -1424.141643 -1446.950964 -1448.677601 -1450.971734 -1457.684409 -1462.589229 -1504.143149 201.614356 423.050824 354.588826 276.444645 242.889163 218.856390 -1120.783208 -1115.635019 -1113.453387 -1111.587097 -1109.924374 -1107.804043 -1103.241854 -1243.609840 -1236.919511 -1099.494043 -1098.888568 -1096.181350 -1211.845055 -1215.359325 -1218.568934 -1377.393746 -1349.047541 -1363.456360 -1364.559672 -1004.850535 -1076.161205 -1047.996824 -981.222211 -871.936550 -778.223452 -732.319712 -696.199024 -822.772758 -649.176385
-933.653788 -1058.837691 -1091.446732 -1099.512044 -1104.401989 -1167.455844 -1098.946941 -1084.007876 -1141.203580 -1228.743453 -1316.637429 -1383.647022 -1428.543432 -1453.079114 -1465.186298 -1465.229203 -1462.934687 -1472.158067 -1471.629409 -1500.259437 -1458.955505 354.306656 368.888976 300.495181 267.016189 244.815742 -1452.409063 -1114.867709 -1279.260455 -1272.741825 -1270.878144 -1109.302066 -1106.131968 -1102.170854 -1244.355586 -1240.177147 -1237.017534 -1227.735345 -1224.407010 -1224.131368 -1222.445520 -1095.469961 -1091.096287 -1384.007055 -1379.048978 -1284.703880 -1197.272540 -1162.168356 -1107.825347 -1003.405149 -907.893623 -841.158857 -803.096402 -795.461446 -669.789787
-976.278998 -960.936113 -977.232076 -997.982779 -964.675149 -1005.008005 -1094.773446 -1201.147194 -1289.403987 -1354.151551 -1399.094516 -1233.321405 -1449.208370 -1462.317077 -1471.141173 -1474.982410 -1475.489107 -1481.744493 -1481.768926 -1502.117560 -945.814417 303.258330 359.460965 312.829980 286.480359 279.466782 199.321015 -1115.227424 -1113.907809 -1279.286890 -1272.730126 -1109.750201 -1108.621734 -1104.960622 -1103.367304 -1248.676520 -1246.288659 -1102.471873 -1101.103090 -1434.478965 -1099.991043 -1098.156088 -1419.876193 -1405.812243 -1268.568599 -1218.160145 -1178.417380 -1141.284995 -1092.737563 -1044.779395 -973.013264 -868.196784 -872.491054 -800.783326 -639.374501
-972.723299 -948.311297 -949.654073 -1000.448572 -1028.095875 -1144.450901 -1270.139206 -1344.586272 -1345.107860 -1186.744362 -1203.516829 -1224.344005 -1240.307570 -1250.869358 -1258.983052 -1471.680853 -1475.005643 -1480.615284 -1261.042880 -1285.180294 -940.274929 200.187632 334.308935 318.336164 302.003906 302.869887 199.753620 -909.894817 -1114.452852 -1112.628383 -1110.806325 -1110.367139 -1110.734597 -1108.187049 -1106.144087 -1105.842447 -1106.166909 -1106.122864 -1459.379485 -1455.840514 -1453.089143 -1440.437822 -1435.194154 -1311.356070 -1242.319557 -1171.419921 -1124.666409 -1091.626504 -1070.070701 -1031.301409 -978.371821 -878.262458 -883.147255 -787.493589 -704.880065
-1081.728431 -1092.491075 -1101.568139 -1122.979162 -1149.987197 -1129.665800 -1281.945157 -1332.105656 -1190.392495 -1186.719874 -1193.294555 -1220.711188 -1236.848824 -1248.642455 -1253.779323 -1252.328117 -1249.154879 -1258.877473 -1278.761909 -938.602391 -1455.370191 -1456.735876 200.626843 313.175457 326.997436 341.756486 200.726263 -903.563784 -1113.008276 -1112.669531 -1110.606129 -1110.630453 -1111.896155 -1111.511097 -1109.488325 -1108.529178 -1109.000709 -1109.668001 -1108.228433 -1475.403329 -1474.503943 -1462.090578 -1371.580339 -1308.459664 -1234.487024 -1158.584422 -1105.609415 -1053.343319 -1022.076243 -994.892117 -936.449797 -856.745663 -875.162767 -752.087117 -729.794110
-1088.968653 -1088.516787 -1109.283073 -1105.613309 -1228.426966 -1263.217137 -1302.323168 -1168.557570 -1182.292135 -1184.901648 -1185.456864 -1432.414332 -1451.978618 -1462.713361 -1467.549151 -1247.642544 -1257.181508 -1275.285406 -1119.615423 -546.521618 -625.398464 -711.146144 -1377.972493 200.062230 200.438106 200.472960 -1441.540656 -899.660218 -896.930328 -895.750868 -892.585454 -1109.072213 -1277.111357 -1440.324526 -901.229419 -1110.884763 -1111.251958 -1112.593564 -1482.231581 -1114.616838 -1443.762544 -1395.990409 -1320.099834 -1306.081438 -1254.290068 -1214.943663 -1166.236135 -1070.035017 -1001.759457 -932.588133 -896.935521 -855.422297 -847.987844 -727.564900 -711.781252
-1090.263313 -1078.027142 -1126.385150 -1182.533982 -1240.371061 -1292.936294 -1314.792576 -1334.621930 -1184.034038 -1183.336494 -1185.611607 -1438.303707 -1454.485814 -1463.787135 -1247.533170 -1258.972565 -1267.430363 -1112.978897 1619.597290 -529.084333 -1619.083506 -1440.104777 -1436.972590 -1109.133768 -1434.054234 -1431.039060 -1431.251718 -1436.752795 -1437.495507 -1434.256988 -1412.117257 -1843.392453 -1056.064756 -1318.004834 -1444.099685 -901.630906 -1113.622527 -905.875864 -1114.165091 -1463.280935 -1424.582647 -1352.081808 -1331.954830 -1295.740612 -1240.351218 -1171.338227 -1103.279268 -1055.878733 -999.064952 -919.405804 -855.357513 -866.257558 -829.811237 -718.460043 -673.057121
-1105.702145 -1095.529739 -1140.841838 -1195.569354 -1255.717733 -1303.312356 -1329.665604 -1341.068338 -1374.089471 -1186.959474 -1200.819060 -1452.444501 -1465.039741 -1474.801077 -1225.628157 -1100.975955 1694.252356 -1093.689310 -1089.665199 -1082.543675 -1462.012872 -1450.482236 -1082.477036 -1408.459931 -1416.928527 -1419.298000 -1420.872826 -1425.212890 -1433.828126 -1434.676725 -1279.345751 -902.593884 -761.243827 -682.379849 -647.587335 -638.122352 -910.718478 -910.074629 -1488.148393 -1103.952847 -1445.081666 -1375.944985 -1350.754605 -1306.272047 -1222.639301 -1137.524574 -1072.053973 -1024.455980 -974.361880 -907.663910 -859.686431 -801.120993 -774.239351 -718.481550 -631.356634
-1116.745858 -1114.524520 -1126.742088 -1207.462446 -1272.075358 -1308.790852 -1334.349579 -1351.679688 -1377.483723 -1412.734621 -1439.034563 -1453.066780 -1460.389489 -1427.612765 -1075.184741 -1076.930253 -1427.892975 -1409.863566 -1394.436058 -1395.271652 -1397.941693 -1389.683163 -1380.427725 -1403.386519 -1087.221605 -1094.795867 -1096.480679 -1417.215911 -1424.443548 -1433.713099 -683.721478 1095.475278 -721.934945 -686.204816 -657.327262 -644.268859 -919.056642 -909.495404 -895.804182 -1108.452718 -1409.504702 -1387.491104 -1378.507754 -1317.913484 -1234.601176 -1154.180521 -1087.131326 -1013.644438 -936.312763 -895.326837 -866.893548 -808.248247 -748.116094 -853.547160 -903.624070
