geotop_simulations/templates/TEST_Venosta_3D_034_template/rec/SoilTemperature0000L0004.asc
ncols         252
nrows         194
xllcorner     598250.000000
yllcorner     5144500.000000
cellsize      250.000000
NODATA_value  -9999.0
[rows 28 to 55 of 194, columns 126 to 188 of 252]
2.751823 1.352782 1.496421 1.622538 1.477410 0.998412 0.815518 0.830041 0.336075 0.074046 -3.734161 -2.232454 -1.094991 -0.975582 -0.676766 -0.691428 -9999.0 -9999.0 -9999.0 -9999.0 -9999.0 -9999.0 -9999.0 -9999.0 -9999.0 -9999.0 -9999.0 -9999.0 -9999.0 -9999.0 -9999.0 -9999.0 -9999.0 -9999.0 -9999.0 -9999.0 -9999.0 -9999.0 -9999.0 -9999.0 -9999.0 -9999.0 -9999.0 -9999.0 -9999.0 -9999.0 -9999.0 -9999.0 -9999.0 -9999.0 -9999.0 -9999.0 -9999.0 -9999.0 -9999.0 -9999.0 -9999.0 -9999.0 -9999.0 -9999.0 -9999.0 -9999.0 -9999.0
1.208650 0.835845 1.140543 1.211240 1.208037 0.358852 -1.179530 -1.009992 -0.921666 -0.996079 -1.050389 -1.005346 -0.736030 -1.305147 -0.561942 -9999.0 -9999.0 -9999.0 -9999.0 -9999.0 -9999.0 -9999.0 -9999.0 -9999.0 -9999.0 -9999.0 -9999.0 -9999.0 -9999.0 -9999.0 -9999.0 -9999.0 -9999.0 -9999.0 -9999.0 -9999.0 -9999.0 -9999.0 -9999.0 -9999.0 -9999.0 -9999.0 -9999.0 -9999.0 -9999.0 -9999.0 -9999.0 -9999.0 -9999.0 -9999.0 -9999.0 -9999.0 -9999.0 -9999.0 -9999.0 -9999.0 -9999.0 -9999.0 -9999.0 -9999.0 -9999.0 -9999.0 -9999.0
0.463058 0.352541 0.901518 0.778930 0.755448 -1.142886 -0.781117 -0.761419 -0.778658 -0.939458 -0.955530 -0.826127 -1.203223 -1.299285 -0.535991 -9999.0 -9999.0 -9999.0 -9999.0 -9999.0 -9999.0 -9999.0 -9999.0 -9999.0 -9999.0 -9999.0 -9999.0 -9999.0 -9999.0 -9999.0 -9999.0 -9999.0 -9999.0 -9999.0 -9999.0 -9999.0 -9999.0 -9999.0 -9999.0 -9999.0 -9999.0 -9999.0 -9999.0 -9999.0 -9999.0 -9999.0 -9999.0 -9999.0 -9999.0 -9999.0 -9999.0 -9999.0 -9999.0 -9999.0 -9999.0 -9999.0 -9999.0 -9999.0 -9999.0 -9999.0 -9999.0 -9999.0 -9999.0
0.148508 -0.000217 0.427079 0.077993 -1.094740 -0.871122 -0.683088 -0.650057 -0.669414 -0.763765 -0.766176 -0.587736 -1.299643 -1.156869 -0.520645 -9999.0 -9999.0 -9999.0 -9999.0 -9999.0 -9999.0 -9999.0 -9999.0 -9999.0 -9999.0 -9999.0 -9999.0 -9999.0 -9999.0 -9999.0 -9999.0 -9999.0 -9999.0 -9999.0 -9999.0 -9999.0 -9999.0 -9999.0 -9999.0 -9999.0 -9999.0 -9999.0 -9999.0 -9999.0 -9999.0 -9999.0 -9999.0 -9999.0 -9999.0 -9999.0 -9999.0 -9999.0 -9999.0 -9999.0 -9999.0 -9999.0 -9999.0 -9999.0 -9999.0 -9999.0 -9999.0 -9999.0 -9999.0
-1.055600 -0.941926 -0.988715 -0.930086 -0.610724 -1.216119 -0.545956 -0.494395 -0.509140 -0.522038 -0.541218 -0.542525 -1.238805 -0.567751 -9999.0 -9999.0 -9999.0 -9999.0 -9999.0 -9999.0 -9999.0 -9999.0 -9999.0 -9999.0 -9999.0 -9999.0 -9999.0 -9999.0 -9999.0 -9999.0 -9999.0 -9999.0 -9999.0 -9999.0 -9999.0 -9999.0 -9999.0 -9999.0 -9999.0 -9999.0 -9999.0 -9999.0 -9999.0 -9999.0 -9999.0 -9999.0 -9999.0 -9999.0 -9999.0 -9999.0 -9999.0 -9999.0 -9999.0 -9999.0 -9999.0 -9999.0 -9999.0 -9999.0 -9999.0 -9999.0 -9999.0 -9999.0 -9999.0
-0.630880 -0.682588 -0.706401 -0.537822 -0.565115 -1.057106 -0.471876 -0.440014 -0.444097 -0.513474 -0.505531 -0.524739 -9999.0 -9999.0 -9999.0 -9999.0 -9999.0 -9999.0 -9999.0 -9999.0 -9999.0 -9999.0 -9999.0 -9999.0 -9999.0 -9999.0 -9999.0 -9999.0 -9999.0 -9999.0 -9999.0 -9999.0 -9999.0 -9999.0 -9999.0 -9999.0 -9999.0 -9999.0 -9999.0 -9999.0 -9999.0 -9999.0 -9999.0 -9999.0 -9999.0 -9999.0 -9999.0 -9999.0 -9999.0 -9999.0 -9999.0 -9999.0 -9999.0 -9999.0 -9999.0 -9999.0 -9999.0 -9999.0 -9999.0 -9999.0 -9999.0 -9999.0 -9999.0
-0.546535 -0.669094 -0.347143 -0.672871 -0.572381 -0.518250 -0.465179 -0.438218 -0.451531 -0.519390 -9999.0 -9999.0 -9999.0 -9999.0 -9999.0 -9999.0 -9999.0 -9999.0 -9999.0 -9999.0 -9999.0 -9999.0 -9999.0 -9999.0 -9999.0 -9999.0 -9999.0 -9999.0 -9999.0 -9999.0 -9999.0 -9999.0 -9999.0 -9999.0 -9999.0 -9999.0 -9999.0 -9999.0 -9999.0 -9999.0 -9999.0 -9999.0 -9999.0 -9999.0 -9999.0 -9999.0 -9999.0 -9999.0 -9999.0 -9999.0 -9999.0 -9999.0 -9999.0 -9999.0 -9999.0 -9999.0 -9999.0 -9999.0 -9999.0 -9999.0 -9999.0 -9999.0 -9999.0
-0.120351 -3.678713 -2.438444 -0.607053 -1.299337 -0.969752 -0.523216 -0.487971 -0.447821 -9999.0 -9999.0 -9999.0 -9999.0 -9999.0 -9999.0 -9999.0 -9999.0 -9999.0 -9999.0 -9999.0 -9999.0 -9999.0 -9999.0 -9999.0 -9999.0 -9999.0 -9999.0 -9999.0 -9999.0 -9999.0 -9999.0 -9999.0 -9999.0 -9999.0 -9999.0 -9999.0 -9999.0 -9999.0 -9999.0 -9999.0 -9999.0 -9999.0 -9999.0 -9999.0 -9999.0 -9999.0 -9999.0 -9999.0 -9999.0 -9999.0 -9999.0 -9999.0 -9999.0 -9999.0 -9999.0 -9999.0 -9999.0 -9999.0 -9999.0 -9999.0 -9999.0 -9999.0 -9999.0
0.565145 0.748081 -0.026859 -0.476567 -1.263976 -0.964951 -0.770619 -0.545028 -0.489704 -9999.0 -9999.0 -9999.0 -9999.0 -9999.0 -9999.0 -9999.0 -9999.0 -9999.0 -9999.0 -9999.0 -9999.0 -9999.0 -9999.0 -9999.0 -9999.0 -9999.0 -1.723330 -1.805513 -1.781790 -1.884669 -2.797276 -9999.0 -9999.0 -9999.0 -9999.0 -9999.0 -9999.0 -9999.0 -9999.0 -9999.0 -9999.0 -9999.0 -9999.0 -9999.0 -9999.0 -9999.0 -9999.0 -9999.0 -9999.0 -9999.0 -9999.0 -9999.0 -9999.0 -9999.0 -9999.0 -9999.0 -9999.0 -9999.0 -9999.0 -9999.0 -9999.0 -9999.0 -9999.0
1.383665 1.354876 0.569419 0.100882 -0.887415 -1.474489 -1.232604 -0.910134 -0.539190 -9999.0 -9999.0 -9999.0 -9999.0 -9999.0 -9999.0 -9999.0 -9999.0 -9999.0 -9999.0 -9999.0 -9999.0 -9999.0 -9999.0 -9999.0 -1.780249 -1.790557 -1.995326 -2.026081 -2.469829 -3.288992 -9999.0 -9999.0 -9999.0 -9999.0 -9999.0 -9999.0 -9999.0 -9999.0 -9999.0 -9999.0 -9999.0 -9999.0 -9999.0 -9999.0 -9999.0 -9999.0 -9999.0 -9999.0 -9999.0 -9999.0 -9999.0 -9999.0 -9999.0 -9999.0 -9999.0 -9999.0 -9999.0 -9999.0 -9999.0 -9999.0 -9999.0 -9999.0 -9999.0
1.590894 1.640992 1.165311 0.413255 -1.845544 -1.605665 -1.185876 -1.149279 -0.909412 -9999.0 -9999.0 -9999.0 -9999.0 -9999.0 -9999.0 -9999.0 -9999.0 -9999.0 -9999.0 -9999.0 -9999.0 -9999.0 -9999.0 -2.039684 -3.456785 -0.067003 -0.064974 -4.335747 -5.328154 0.012304 0.245116 -9999.0 -9999.0 -9999.0 -9999.0 -9999.0 -9999.0 -9999.0 -9999.0 -9999.0 -9999.0 -9999.0 -9999.0 -9999.0 -9999.0 -9999.0 -9999.0 -9999.0 -9999.0 -9999.0 -9999.0 -9999.0 -9999.0 -9999.0 -9999.0 -9999.0 -9999.0 -9999.0 -9999.0 -9999.0 -9999.0 -9999.0 -9999.0
1.659566 1.686392 1.392555 0.864673 -2.821817 -1.727534 -0.942233 -1.141116 -0.939854 -0.571766 -0.584331 -0.648754 -0.672472 -0.681024 -0.706317 -9999.0 -9999.0 -9999.0 -9999.0 -9999.0 -1.619151 -1.685158 -2.550195 -5.286267 -0.008409 -0.008828 -0.010960 -0.003814 0.005818 0.185796 0.269815 -9999.0 -9999.0 -9999.0 -9999.0 -9999.0 -9999.0 -9999.0 -9999.0 -9999.0 -9999.0 -9999.0 -9999.0 -9999.0 -9999.0 -9999.0 -9999.0 -9999.0 -9999.0 -9999.0 -9999.0 -9999.0 -9999.0 -9999.0 -9999.0 -9999.0 -9999.0 -9999.0 -9999.0 -9999.0 -9999.0 -9999.0 -9999.0
1.825179 1.747524 1.510664 1.051816 -0.003125 -2.314611 -0.781740 -1.162632 -1.322841 -1.192883 -0.697610 -0.780185 -1.443228 -1.565271 -1.637568 -1.696071 -1.772364 -1.707432 -1.649398 -2.005095 -3.195949 -3.549749 -3.521534 -5.084877 0.123920 0.146406 -0.010910 0.110487 0.177102 0.226620 0.264336 -3.657289 -9999.0 -9999.0 -9999.0 -9999.0 -9999.0 -9999.0 -9999.0 -9999.0 -9999.0 -9999.0 -9999.0 -9999.0 -9999.0 -9999.0 -9999.0 -9999.0 -9999.0 -9999.0 -9999.0 -9999.0 -9999.0 -9999.0 -9999.0 -9999.0 -9999.0 -9999.0 -9999.0 -9999.0 -9999.0 -9999.0 -9999.0
2.128862 1.866625 1.521795 0.925124 0.081121 -1.003354 -0.780386 -0.901687 -1.379732 -0.654868 -0.836273 -0.810922 -0.890145 -2.394935 -3.973595 -0.019626 -0.006994 -0.007646 -4.802491 -3.091257 -3.539096 -5.169948 -0.006680 0.137028 0.430329 0.328210 0.197175 0.182596 0.221475 0.226749 0.213580 0.209076 0.212416 -9999.0 -9999.0 -9999.0 -9999.0 -9999.0 -9999.0 -9999.0 -9999.0 -9999.0 -1.293883 -1.645714 0.062641 0.573299 1.076978 -0.014426 -9999.0 -9999.0 -9999.0 -9999.0 -9999.0 -9999.0 -9999.0 -9999.0 -9999.0 -9999.0 -9999.0 -9999.0 -9999.0 -9999.0 -9999.0
2.433833 1.788837 1.161774 0.128484 -0.004477 -0.863633 -0.740311 -0.691359 -1.039079 -0.622759 -0.886424 -0.923789 -1.445391 0.039836 0.062412 0.185596 0.026511 -0.008125 -0.010252 -0.007504 -0.043446 -0.005551 0.116742 0.205620 0.659914 0.743072 0.435395 0.217946 0.222940 0.182935 0.130641 0.125465 0.172513 -9999.0 -9999.0 -9999.0 -9999.0 -9999.0 -9999.0 -9999.0 -1.637570 -2.142810 -4.095199 -0.000317 0.045441 -9999.0 -9999.0 -9999.0 -9999.0 -9999.0 -9999.0 -9999.0 -9999.0 -9999.0 -9999.0 -9999.0 -9999.0 -9999.0 -9999.0 -9999.0 -9999.0 -9999.0 -9999.0
2.371492 1.438126 0.852449 0.325574 -1.119603 -1.338417 -0.634287 -0.605640 -0.626193 -0.591744 -0.790873 -0.939033 -1.613187 0.047206 0.061957 0.294643 0.448076 0.200282 -0.011670 -0.010773 0.131691 0.175175 0.213530 0.599769 1.032260 1.106327 0.634428 0.309048 0.127274 0.000477 -0.007127 -0.007286 -0.006931 -9999.0 -9999.0 -9999.0 -9999.0 -9999.0 -9999.0 -9999.0 -3.137593 0.268174 0.301535 0.357872 0.095213 0.990262 -9999.0 -9999.0 -9999.0 -9999.0 -9999.0 -9999.0 -9999.0 -9999.0 -9999.0 -9999.0 -9999.0 -9999.0 -9999.0 -9999.0 -9999.0 -9999.0 -9999.0
1.841417 1.073636 0.340304 -1.114931 -0.770255 -0.826031 -0.712803 -0.716248 -1.316154 -0.598565 -0.585045 -0.755213 -1.068046 -2.054670 -0.014976 -0.000255 0.206632 0.602241 0.663425 0.381433 0.280428 0.447128 0.619204 0.995749 1.291073 1.218497 0.783697 0.198273 -0.011076 -0.013924 -0.010684 -0.006181 -9999.0 -9999.0 -9999.0 -9999.0 -9999.0 -9999.0 -9999.0 -2.420617 0.282926 1.036143 1.259390 1.317878 1.200666 1.283550 1.593106 1.518645 -9999.0 -9999.0 -9999.0 -9999.0 -9999.0 -9999.0 -9999.0 -9999.0 -9999.0 -9999.0 -9999.0 -9999.0 -9999.0 -9999.0 -9999.0
1.792768 0.927707 0.243111 -1.125341 -0.833818 -1.227697 -0.786320 -0.755098 -1.619510 -1.185035 -0.574332 -0.921325 -2.750272 0.231529 0.251091 0.293065 0.325431 0.818609 1.125882 0.930497 0.464420 0.531417 0.862065 1.240450 1.537482 1.506589 0.848181 0.210409 -0.011292 -0.010269 -4.102928 -0.045717 -9999.0 -9999.0 -9999.0 -0.007263 -0.006655 -0.007946 -1.932885 0.031159 0.937879 1.546967 1.888323 2.296603 2.235517 1.772978 1.643315 1.618199 1.173917 -9999.0 -9999.0 -9999.0 -9999.0 -9999.0 -9999.0 -9999.0 -9999.0 -9999.0 -9999.0 -9999.0 -9999.0 -9999.0 -9999.0
-0.002168 1.335419 0.869496 0.788990 0.552530 0.367543 -4.135925 -0.788455 -1.739480 -1.475753 -0.668303 -1.291049 0.276054 0.302228 0.344407 0.415088 0.755477 1.165659 1.471195 1.385708 0.830899 0.832238 1.248939 1.445937 1.862117 1.797978 0.090406 0.350560 -0.013405 -0.012253 -4.805548 -4.037806 -9999.0 -0.007568 0.158124 0.140616 0.005098 -0.011780 0.176718 0.292903 1.218640 1.784712 2.479279 3.034655 3.203300 2.786131 2.094896 1.595306 0.939130 0.306735 -9999.0 -9999.0 -9999.0 -9999.0 -9999.0 -9999.0 -9999.0 -9999.0 -9999.0 -9999.0 -9999.0 -9999.0 -9999.0
0.142394 -0.009802 1.308298 1.275408 1.006271 0.415844 0.073212 -1.618193 -1.661131 -1.500192 -0.756469 -1.133947 0.275943 0.324682 0.754956 0.978049 1.197417 1.488236 1.950937 1.926467 0.085165 1.164370 1.659256 1.979488 2.391110 2.398670 0.595775 0.695253 0.226976 -0.012549 -0.010526 0.000524 0.020587 0.380311 0.674955 0.762509 0.771250 0.541187 0.395038 0.676949 1.407937 2.174918 3.023756 3.720185 4.002610 3.787040 2.857076 1.931327 1.178234 0.360780 -2.645982 -9999.0 -9999.0 -0.912220 -9999.0 -9999.0 -9999.0 -9999.0 -9999.0 -9999.0 -0.321983 -0.698190 -0.429616
0.570712 0.010798 1.833509 1.643089 1.221389 0.450791 0.077662 -2.208878 -1.508835 -0.687470 -0.754627 -1.830160 0.265532 0.737424 1.100128 1.180967 1.457028 2.011456 2.430335 0.347634 0.767828 0.628487 2.292002 2.707966 3.058798 3.016317 1.265477 1.165270 0.601428 0.393277 0.282681 0.335948 0.542459 1.129550 1.521911 1.659592 1.605583 1.267963 0.991167 1.176372 1.580366 2.464694 3.400525 4.236740 4.593358 4.373592 3.432325 2.255806 1.277407 0.655468 0.436380 0.377363 0.082037 -1.006739 -0.713409 -9999.0 -9999.0 -9999.0 -9999.0 -9999.0 -0.469508 -0.008234 0.528175
0.694685 0.234942 0.001588 2.060746 1.374338 0.723965 0.060958 -2.803662 -1.544801 -0.712017 -0.926534 0.058147 0.373673 1.007950 1.302713 1.544782 2.027535 2.410417 3.031542 0.712016 1.443997 1.447123 3.144085 3.601614 2.183408 2.354758 1.966319 1.997695 1.349147 0.969258 0.659087 0.717839 1.068154 1.578160 2.177309 2.550330 2.601299 2.014236 1.479675 1.381048 1.620878 2.479459 3.567220 4.672915 5.095452 4.821124 3.851178 2.767510 1.922035 1.618211 1.560238 1.263485 0.732985 0.084156 -2.469026 -0.862545 -0.650213 -0.625443 -0.585493 -0.722154 0.547440 1.149088 1.337197
0.635500 0.373854 0.173370 2.374337 1.669487 0.821317 0.061399 -2.336215 -1.497557 -0.733615 -0.831064 0.800710 1.058882 1.283230 1.675329 2.095317 2.321293 2.756583 3.110938 0.868737 1.973884 2.161629 2.332097 2.521174 2.932272 3.077824 2.741167 2.111860 2.354079 1.629090 1.188276 1.289877 1.476450 2.098776 2.647136 3.225246 3.453567 2.931975 2.096722 1.816653 2.179905 2.854643 4.284916 5.373372 5.705555 5.367267 2.911431 3.435536 2.780633 2.610152 2.586207 2.122257 1.313598 0.263210 -3.175557 -4.683342 0.472193 -0.000301 -1.243603 -1.765758 0.846971 1.496363 1.930852
0.206789 0.909230 0.237677 2.268571 1.295722 0.111427 -0.001820 -2.237932 -0.936555 -0.824192 -1.486238 1.061631 1.428408 1.630999 1.990546 2.073781 2.093278 0.169086 0.335165 0.748512 2.032421 2.625051 2.908671 3.145058 3.474919 3.702859 3.485039 2.960184 3.314071 2.489665 1.894217 1.814735 1.966246 2.432562 3.078141 3.796844 4.065084 3.685093 2.772529 2.391569 2.691171 3.458392 4.859929 5.955709 6.246867 5.949972 3.478483 4.004044 3.574906 3.467180 3.109149 2.355615 0.822491 0.081258 -3.881080 0.492417 0.536630 0.150154 -1.052933 -2.367207 0.521433 1.489370 1.741432
5.177696 0.932084 2.872354 1.559810 0.547453 0.073693 -0.005171 0.322791 -1.833499 -1.637704 -4.232548 1.012416 1.491681 1.415775 1.411857 1.381428 1.431970 0.007079 0.204381 0.710935 1.416208 2.476069 3.051592 3.471364 3.852387 4.163988 4.104564 3.718939 3.125820 3.316069 2.735515 2.338857 2.326478 2.803415 3.558128 4.344890 4.753968 4.430557 3.553437 3.069046 3.335901 4.100311 5.517106 6.564787 6.772571 4.523079 4.018135 4.507700 4.126200 3.778718 2.871444 1.794424 0.992625 0.865054 1.136144 1.341826 1.185032 0.627637 0.142866 0.464919 1.050766 1.668806 1.848446
0.598882 1.045920 0.251494 1.356849 0.348221 0.265160 0.633545 0.431267 0.078212 -1.206948 -0.093654 0.649114 0.925535 0.836537 0.635636 0.820769 1.407265 2.192201 2.684642 2.908204 1.184654 1.935711 2.885631 3.604491 4.243227 4.487375 4.587720 4.364167 4.917967 4.151166 3.508177 2.774469 2.523921 2.737308 3.684588 4.914957 5.500344 5.225072 4.348793 3.754174 4.019989 4.687428 6.022206 7.142761 7.345465 6.997690 4.586724 3.856230 4.664071 3.965362 3.029157 2.417158 2.379652 2.048664 1.959634 2.010234 1.688518 1.468315 1.325697 1.219218 1.529567 1.799900 2.012366
0.792874 1.400309 0.530520 1.660682 0.952453 1.115019 1.167986 0.633945 0.110798 -1.072582 -1.341074 0.288249 0.217228 0.205800 0.286271 1.181800 2.155146 2.581834 2.785311 2.857591 1.024869 1.891979 2.568979 3.234907 4.086300 4.911831 5.445477 4.907547 4.511436 3.920227 4.090624 3.228522 2.754789 2.870841 3.907908 5.519730 6.292397 4.492714 4.145965 4.483060 4.661222 5.169815 6.434380 7.679407 7.954984 7.505709 5.198882 4.471406 5.098033 4.405261 4.097510 3.744795 3.504549 3.127445 2.780092 2.785422 2.535751 2.001306 2.099145 2.015791 1.916229 2.226130 2.326504
0.970440 1.564099 0.731381 1.876897 1.276068 1.504959 1.371842 0.502295 0.320029 -1.397982 -0.806979 -1.009761 -4.327312 0.668208 1.268429 1.840803 2.424041 2.508928 2.618605 0.698024 0.938763 1.696706 2.477089 3.090799 4.025310 4.845455 5.709137 5.704593 5.375905 4.496655 4.606110 3.696765 3.145161 3.515202 4.497565 6.228258 7.016621 5.109228 4.873747 4.385043 5.415701 4.360197 4.774101 8.287473 8.600070 8.073383 5.812563 5.086885 4.342706 5.455908 5.238202 4.809087 4.608500 4.213306 3.450959 3.426545 3.307393 2.741467 3.142259 3.259337 2.712002 2.645705 2.935733
