geotop_simulations/templates/TEST_Venosta_3D_034_template/rec/SoilPressure0000L0001.old.asc
ncols         252
nrows         194
xllcorner     598250.000000
yllcorner     5144500.000000
cellsize      250.000000
NODATA_value  -9999.0
[rows 144 to 167 of 194, columns 54 to 107 of 252]
-18431.660710 -7029.551934 -5274.489105 -10411.812238 -40375.411569 -47005.915437 -33357.855413 -4143.056165 -4202.453789 -4278.375048 -4379.779441 -4389.974807 -4601.659421 -4292.195118 -4400.324595 -4491.335158 -4772.918960 -5420.638888 -5921.082193 -6001.129998 -6022.548390 -6018.869545 -5937.199078 -5136.716289 -5108.887711 -4996.404063 -4845.507656 -4790.390367 -4769.792805 -4882.527018 -4818.343144 -5075.293572 -5248.589094 -5264.595190 -5449.067821 -5277.501556 -5089.877478 -4912.650326 -4358.424370 -3845.550114 -3570.083362 -13119.213576 -12713.043067 -14820.556953 -25364.577369 -476701.522971 -238430.411832 -90415.545373 -30788.626672 -44940.922923 -39900.084581 -46539.954382 -50719.995474 -1675.123448
-3685.545594 -5044.688076 -6957.576540 -34194.569826 -45769.308139 -11379.388006 -4201.583113 -4305.260047 -4318.670782 -4487.394482 -4507.320951 -4431.131536 -4127.166568 -4310.309851 -4500.215465 -4582.136659 -5016.856304 -5644.320659 -5880.624965 -5819.046048 -5786.802312 -5762.735711 -5704.905019 -5090.825284 -4980.128104 -4750.613521 -4695.043615 -4739.427154 -4687.164110 -4831.579801 -4814.476518 -4995.872167 -5254.151256 -5253.831778 -5335.126279 -5220.043959 -5051.410273 -4886.620312 -4416.639640 -3897.087747 -13020.741356 -27606.294586 -16878.499462 -38339.469161 -347225.756193 -104597.815794 -21792.688983 -75604.660179 -15031.484018 -10721.103486 -33239.916864 -42321.897635 -19195.478609 -3820.790334
-5645.133795 -2498.532261 -11082.896587 -40978.739922 -52126.076282 -9999.943436 -4194.990177 -4354.522805 -4389.946496 -4088.858558 -4639.438954 -4069.953758 -4134.449914 -4326.886962 -4535.737595 -4216.785430 -5210.552898 -5646.437615 -5759.896306 -5778.693812 -5783.953720 -5267.855075 -5148.912066 -5003.364301 -4868.988451 -4608.321110 -4527.633440 -4661.948305 -4696.907641 -4579.469565 -4638.632159 -5003.973143 -5266.731455 -5224.610047 -5309.770828 -5182.768496 -5002.291231 -4807.319831 -4428.019711 -4262.863426 -4403.303552 -7266.939026 -40780.215514 -37887.049185 -37844.713136 -80071.566214 -21686.697344 -5855.583232 -7340.421496 -15203.980519 -32276.186325 -31007.848391 -17633.061343 -2921.716782
-3112.918000 -11109.473874 -19492.286620 -42213.642266 -51212.396466 -33400.203566 -4041.452120 -3853.129130 -3957.540538 -4102.982087 -4159.356591 -4138.251627 -4284.749185 -4485.843590 -4381.191350 2505.804668 -3016.602612 -5814.018033 -5873.509326 -5843.465413 -5834.292867 -5763.208032 -5676.848385 -4804.413717 -4723.220207 -4559.404825 -4505.463451 -4650.769111 -4712.546165 -4630.297007 -4695.593511 -4905.917557 -5171.891388 -5172.808284 -5287.282081 -5131.377929 -4972.663196 -4759.061913 -4520.181555 -4192.228080 -3902.970355 -15894.070207 -24302.521880 -62369.006296 -67396.156893 -10853.064940 -3970.593792 -4174.396214 -4329.470370 -5269.169961 -29668.164144 -23192.163814 -6153.586901 -35508.408564
-2540.919540 -2615.147141 -16063.612006 -53736.421274 -61538.582070 -44867.139325 -5742.580154 -3950.657955 -4019.659765 -3991.620037 -4095.323896 -4196.213029 -4378.320457 -4484.968728 -4560.658780 -4926.018411 -5241.986469 -6001.580744 -6098.570876 -5926.112814 -5710.002372 -5502.570525 -5303.606787 -5049.363362 -4985.095475 -4732.205474 -4392.687902 -4469.702903 -4613.630514 -4580.081363 -4659.986590 -4783.881629 -5039.802177 -5297.437307 -5310.001960 -5177.140232 -5002.185012 -4758.615012 -4359.630763 -4173.585606 -4017.282832 -28312.291254 -55990.328629 -63481.039848 -43114.039762 -3830.751112 -4273.797194 -4425.415965 -4450.282042 -4236.763237 -26590.932024 -39282.526536 -273934.141434 -213238.752531
-19410.383854 -16950.537562 -6809.526146 -61696.774908 -53056.028830 -43488.286874 -4794.365067 -4242.396429 -4310.742814 -4321.559126 -4095.912263 -4134.949348 -4255.469146 -4378.056219 -4550.007298 -4952.446012 -5558.563345 -5845.090662 -5788.719994 -5635.022955 -5474.811716 -4916.501316 -4808.202538 -5019.455742 -4931.448140 -4711.147049 -4293.721857 -4263.801589 -4475.430781 -4493.306882 -4507.444904 -4655.600775 -4931.590398 -5189.030855 -5242.724734 -5095.964615 -4938.805721 -4736.097318 -4536.080228 -4215.020292 -4063.522666 -6919.525357 -18995.874526 -37950.123884 -3900.244075 -4116.072493 -4368.467287 -4450.781132 -4387.596104 -4133.137053 -28398.563633 -61254.740417 -357687.680761 -214084.112324
-72110.784425 -59688.786109 -62637.117815 -45677.314343 -11814.073564 -4131.474882 -4173.204011 -4351.415179 -4430.280619 -4504.315838 -4164.962221 -4187.872353 -4271.877785 -4546.893114 -4845.084537 -4988.950947 -5564.375499 -5669.056844 -5003.729703 -4921.496324 -5134.345935 -5029.567754 -4907.682515 -4749.715340 -4476.792777 -5746.440782 -5729.415659 -4161.163686 -4380.821492 -4393.420375 -4281.799553 -4672.202985 -4783.682646 -5064.911540 -5130.376114 -5015.065032 -4873.219463 -4688.024184 -4541.995367 -4253.519786 -4110.529158 -3990.019484 -13262.318028 -4285.295966 -4073.693529 -4218.405720 -4411.057713 -3878.357481 -4104.974200 -12691.683643 -35551.249685 -77126.035270 -507366.757468 -188529.904369
-45732.269761 -34835.246676 -11352.227874 -4501.569109 -4197.312455 -4244.021074 -4267.464199 -4316.907517 -4071.860045 -4155.895213 -4225.137559 -4256.063004 -4553.204957 -4620.511744 -4630.559302 -4974.752377 -5563.791062 -5649.232195 -4995.249483 -4897.050540 -4788.407726 -4937.887940 -4843.379701 -4704.700281 -4384.983308 -14856.999311 -20807.620454 -4066.811349 -4297.288872 -4311.497704 -4241.016011 -4328.087120 -4717.175023 -4953.079746 -5041.106212 -4659.755796 -4845.871249 -4646.003721 -4518.553302 -4411.421868 -4166.656008 -4049.868478 -3937.294949 -3808.000150 -4156.707455 -4343.800493 -3926.685738 -3869.668876 -3967.016125 -5088.780009 -36464.580517 -69007.410005 -549837.929316 -218924.813033
-51707.406681 -4620.021344 -4220.240319 -4280.827779 -4418.634248 -4512.017396 -4499.486899 -4532.288801 -4100.105445 -4153.108896 -4212.040577 -4213.947045 -4213.222786 -4309.548167 -4475.367238 -5013.751049 -5532.733512 -5656.665321 -5563.612058 -4893.970003 -4763.909891 -4790.532358 -4774.574330 -4715.053915 -4513.418598 -6391.498748 -5008.927065 -4309.701846 -4453.784169 -4399.762548 -4379.233049 -4234.438841 -4618.066639 -4844.699956 -4916.747122 -4596.464484 -4778.715600 -4573.861019 -4483.238675 -4425.880700 -4320.140873 -4090.751828 -3971.362313 -3630.746444 -3586.197435 -3813.886948 -3966.693537 -3965.552399 -4226.278997 -9510.060440 -47521.337794 -54681.061385 -502329.969027 -228570.181189
-5778.404823 -4063.335742 -4367.908467 -4425.010004 -3975.671812 -3992.932729 -4028.050676 -4070.638470 -4522.461499 -4072.132805 -4130.160740 -4176.813464 -4161.127976 -4161.481073 -4527.116267 -4744.577766 -5493.736592 -5548.138684 -4977.262042 -4829.088147 -4515.596781 -4502.001837 -4561.734674 -4461.388365 -4967.182869 -6510.277505 -5882.260694 -4167.123011 -4373.301038 -4411.562301 -4271.952673 -4189.050354 -4298.528567 -4453.664084 -4850.779478 -4817.701646 -4447.390119 -4502.436604 -4489.485616 -4435.638652 -4272.098773 -4111.792815 -3911.318051 -3627.284322 -3805.754603 -4164.308503 -4288.504692 -3938.668669 -4039.225420 -33041.979894 -74133.699658 -85998.417416 -321211.221995 -159642.532673
-3887.184199 -4072.214929 -4373.050695 -3949.669200 -3974.425327 -4049.000398 -4107.598874 -4097.558933 -4047.783884 -4099.074600 -4241.216463 -4325.469431 -4306.572880 -4257.606815 -4597.372102 -4822.803514 -4968.164365 -5376.350393 -4830.174853 -4920.298378 -4684.390604 -4352.758749 -3967.971774 -4991.709743 -24692.214857 -35002.290031 -39110.160733 -5564.012316 -4025.454741 -4196.919800 -4200.830166 -4188.785687 -4238.549107 -4485.619517 -4670.689010 -4374.278819 -4698.224467 -4707.549540 -4661.444692 -4601.508112 -4230.566011 -4105.367094 -3916.677982 -3908.955029 -4320.993678 -4529.782719 -4194.432690 -4177.846124 -9894.615887 -46997.248737 -52786.129214 -85481.980484 -162251.950261 -35234.594231
-3299.324076 -3543.726060 -3725.799440 -3830.241084 -3530.215219 -3581.676079 -3729.634887 -3651.820310 -3978.718561 -4037.395639 -4818.381481 -4517.258394 -4167.884594 -4307.429493 -4758.840939 -4943.409482 -5562.518867 -5326.869857 -4756.119380 -4628.624721 -4815.555865 -4440.603836 -5104.452941 -27919.849474 -20464.494335 -36224.626715 -51844.497966 -9553.421492 -4081.105471 -4423.278224 -4374.975126 -4269.943539 -4305.759567 -4235.083127 -4270.423651 -4644.353759 -4710.503880 -4569.363435 -2250.516550 -4571.538429 -4524.072878 -4482.783141 -4217.981271 -4411.663439 -4631.118733 -4637.263543 -4315.117777 -4215.809782 -26777.698973 -50462.696572 -71010.221296 -75722.983162 -18599.698618 -28888.976156
-14559.739055 -5575.562436 -3213.725192 -2934.076350 -3233.934144 -3766.956193 -4150.437834 -4172.158657 -4280.043492 -4218.975852 -4643.035077 -4244.988395 -4279.036196 -4575.521702 -4506.171123 -5531.657922 -5566.684306 -5226.708765 -4664.446703 -4576.134059 -4433.837252 -4545.196192 -5293.291797 -19696.422307 -38550.325920 -30097.226603 -45510.678926 -3923.985778 -4193.581610 -4459.130080 -4392.924894 -4293.853224 -4084.746802 -4286.638807 -4662.677322 -4713.520504 -4323.629648 -4755.663748 4832.417396 7882.543518 -4490.754421 -4480.329685 -4530.704912 -4601.484093 -4642.377433 -4597.287114 -4175.727461 -4141.740344 -30133.519911 -52741.163661 -60917.892848 -34414.885990 -38345.686640 -23106.532863
-9469.072128 -6687.376439 -9732.716474 -5432.433023 -3367.170184 -3910.022344 -4230.706470 -4225.138224 -2704.974510 -3848.804388 -4406.391818 -4231.125384 -4605.034569 -4755.014315 -4777.775983 -4852.809627 -5417.894572 -5022.964377 -4448.544220 -4644.721463 -4642.053936 -4270.734391 -4203.417157 -36898.300905 -56934.144903 -66414.275362 -4755.289018 -3732.085372 -4202.972354 -4265.470561 -4240.339271 -4224.438699 -4252.055922 -4180.080658 -4249.007116 -4196.782562 -4219.274899 -4271.398526 -4605.239286 -3854.819054 9300.189645 -4455.078661 -4457.843958 -4603.186857 -4618.536368 -4548.175731 -4182.958425 -4232.760586 -7866.145886 -25902.897527 -8944.815833 -22891.691828 -49964.413123 -74175.188600
-4964.366851 -7519.080700 -8606.320257 -4487.378545 -3300.676932 -3492.775666 -4165.888241 -1248.879032 -1679.680651 -2686.682468 -3920.201996 -4112.628119 -4555.605724 -4568.847793 -3492.642812 -4687.054516 -4751.009246 -4555.132963 -4222.807857 -4070.795016 -4135.066740 -3918.125263 -28892.575964 -37291.319261 -39557.567469 -73281.477728 -37888.893517 -8008.851112 -3573.901872 -3967.170910 -3938.708976 -3927.315237 -3987.574064 -4074.539239 -4140.582937 -4073.514931 -4078.877729 -4125.023629 -4127.920443 -4455.410124 -4442.269648 -4557.891227 -4428.904486 -4652.338262 -4639.049811 -4613.231730 -4493.376064 -4356.124671 -4356.577615 -4289.813556 -18787.346016 -18901.522578 -39227.988514 -82155.505974
-2785.471076 -1788.874199 -1509.414020 -1133.629121 -1578.741734 -2020.853895 -3312.374808 -825.945522 -1121.241200 -3388.695801 -3556.727967 -3608.008557 -3497.096473 -4207.663028 -3086.653493 -4336.207615 -4704.074683 -4518.576341 -4014.373579 -4462.638021 -18042.465295 -41387.772850 -19482.835247 -593226.173205 -300320.675148 -176860.772142 -359154.520191 -14526.047089 -4077.515999 -6447.384360 -3589.383869 -3347.029934 -3452.073229 -3671.910857 -3849.176652 -3929.456892 -3935.721990 -3987.244004 -3997.061996 -4295.489811 -4302.628190 -4256.924262 -3004.964921 -4628.052491 -4631.634351 -4599.509485 -4411.995368 -4019.944877 -3904.308727 -3926.255639 -4151.849735 -12904.021124 -33182.981602 -88385.344925
-23805.354574 -4781.233496 -955.192364 -721.417818 -750.261868 -1230.496197 -2960.591952 -851.231078 -3904.109374 -6797.896571 -26387.787411 -20773.287819 -3213.359911 -3660.017617 -2296.623147 -3084.754032 -4437.073798 -4553.016118 -4251.475933 -26318.086742 -22373.963235 -48667.684340 -422553.670547 -320625.112071 -206391.926601 -164424.374523 -205825.202843 -406189.940258 -25919.216114 -5904.679353 -22969.023978 -22945.969878 -9201.208637 -3968.357752 -3957.083682 -3956.702773 -3946.834206 -3937.409294 -4059.917333 -4193.863424 -4149.093972 -4261.446348 1480.467618 -4211.909163 -4564.942707 -4447.690014 -4209.499616 -4135.283873 -4086.893062 -4246.703946 -4228.878055 -10265.760495 -59978.953338 -90653.508686
-9999.0 -50237.068159 -45877.038635 -38543.837033 -29522.234465 -947.082149 -1558.876221 -868.306472 -3311.469640 -15610.074445 -460781.936593 -9627.676865 -3421.888217 -3241.435413 -1593.120001 -2468.709390 -3959.694472 -4266.935732 -4336.711842 -34424.328247 -38976.387266 -478781.450259 -222103.327403 -190167.736503 -161541.182298 -64035.428622 -163936.792909 -163477.862420 -253426.525770 -365546.762373 -35403.016627 -27717.449371 -5039.223604 -3962.062787 -4021.029436 -3935.467139 -3900.038928 -3873.179138 -3870.881095 -3874.787030 -4022.945922 -3849.448605 -3697.169472 -4217.004757 -4647.978157 -4220.978413 -4218.826872 -4368.372964 -4521.233394 -4611.670787 -4508.079607 -29191.318127 -67635.120492 -92274.006532
-9999.0 -120025.385938 -102839.011936 -80681.537153 -150122.864702 -17477.873400 -1290.465683 -1332.844811 -7027.489842 -17544.809159 -44280.898491 -3059.316944 -1463.526856 -2269.423586 -1297.671596 -3220.677723 -3134.958575 -3529.471352 -3983.688278 -13106.998851 -67746.477017 -277629.086225 -107149.132793 -69725.805330 -61295.590718 -52205.083973 -115739.453164 -164588.090721 -179649.576357 -225079.842584 -1827.680227 -5141.146557 -7122.961929 -5212.332841 -3895.898095 -3576.519596 -3510.750551 -3578.029942 -3393.379471 -3589.899150 -3609.878697 -3722.878341 -3508.542756 -4297.766454 -4969.713180 -4489.042597 -4530.670059 -4658.785127 -4792.445459 -4462.427778 -5705.408185 -39746.446963 -70247.262104 -94952.045024
-9999.0 -9999.0 -104920.768669 -112690.317540 -297948.757833 -43961.450682 -7956.737927 -2585.845633 -5324.526432 -46522.265293 -21579.884414 -1346.028349 -1356.653144 -2048.747792 -1416.340635 -3553.856631 -5467.080731 -5459.607959 -4060.250693 -6995.268542 -42260.978331 -87996.059317 -91111.939946 -70071.901122 -55993.823384 -46195.669131 -53797.425755 -65718.796154 -134725.961589 -180342.959005 -44014.450153 -38950.479305 -1519.819969 -7029.716436 -11458.414470 -14715.468025 -11905.492018 -7196.317083 -3338.172409 -3245.155309 -3443.951502 -3622.685878 -4015.360314 -4453.635613 -4609.929964 -4205.052663 -4127.841942 -4496.028852 -4431.203543 -8230.400382 -36560.517776 -63216.561527 -84246.513245 -97888.333367
-9999.0 -9999.0 -43728.071247 -239434.315753 -52368.194833 -47690.529005 -30887.860807 -37905.309610 -45461.426196 -374263.589875 -150853.896502 -44057.686182 -533.610792 -1428.694439 -1274.753381 -4239.696458 -5694.344572 -2776.559466 -2310.306897 -1215.356241 -12651.396336 -4418.039871 -31623.698658 -169333.183569 -136927.395667 -47109.927993 -42473.835353 -49141.654315 -55958.543570 -151140.682007 -186762.906439 -237424.501627 -406962.717918 -33018.979695 -17645.654569 -35662.896400 -26374.268283 -28572.670333 -5218.228813 -3187.933126 -3423.999196 -3630.204736 -4099.865014 -4520.489712 -4355.692621 -4288.604546 -4103.795057 -6438.152302 -30522.508281 -54871.582045 -75222.363288 -93830.113210 -104367.951282 -119719.896479
-9999.0 -9999.0 -9999.0 -47020.413107 -88322.739921 -121843.686891 -573900.104898 -42951.919299 -47703.468473 -317804.997624 -117722.537980 -44480.797198 -1093.294659 -1358.035876 -2862.870784 -3339.674528 -2667.817167 -2282.944712 -32446.326675 -33334.975610 -11975.774513 -48748.632359 -31048.006462 -224134.951281 -169486.716611 -53047.500336 -46287.502350 -54178.865062 -68912.086636 -60434.855779 -144537.340381 -178172.209854 -226390.379969 -284799.298829 -534051.145578 -12752.968315 -45817.719038 -41248.739825 -13817.426386 -3619.137297 -3516.565127 -3692.040101 -4166.906304 -4496.763622 -4477.070356 -4334.400920 -5494.366694 -40036.843181 -71200.034556 -101301.577147 -121700.942507 -125677.466694 -129334.924463 -132547.578832
-9999.0 -9999.0 -9999.0 -85671.182703 -81302.175294 -104611.377390 -132361.565433 -445469.991944 -293740.072176 -114193.482687 -104179.922256 -44238.012236 -7107.476790 -36116.976624 -36415.256988 -40186.559813 -38005.671602 -39870.187917 -163585.786955 -98461.447769 -118025.558122 -141036.741200 -569505.443951 -268295.724810 -187238.360046 -144511.292052 -47268.008078 -705324.804855 -2645.597437 -65544.195527 -54940.996624 -107563.058410 -92732.906540 -193073.968362 -20337.157230 -25236.109810 -48071.144149 -41275.501896 -17823.718313 -4357.765524 -3548.277428 -3772.445301 -4225.384488 -4514.302395 -4541.087731 -4400.252903 -22640.956796 -60442.690126 -89790.844769 -117305.251152 -131367.977805 -136355.044193 -138070.642464 -138680.036429
-9999.0 -9999.0 -9999.0 -9999.0 -61628.042755 -87374.868057 -107848.690019 -121306.697199 -112507.078918 -81971.073001 -75712.101499 -101138.741944 -47575.485560 -44779.607919 -36586.435990 -418903.958292 -239497.090926 -127134.735409 -94965.524245 -82529.488310 -72535.695024 -78299.586038 -83962.857575 -99234.854210 -176123.265600 -164708.584203 -51086.065941 -9298.315299 -59272.464510 -269.934981 -400.132373 -815.605555 -27866.335023 -77450.180121 -62998.982578 -46985.354630 -43007.426339 -21823.292331 -6138.120766 -3796.001977 -3629.294690 -3855.152122 -4305.523013 -4546.600116 -4576.635253 -4421.421844 -29122.807483 -63494.545650 -91027.184902 -84658.385885 -103351.965974 -128632.276187 -384471.680397 -502715.653223
