geotop_simulations/templates/TEST_Venosta_3D_034_template/rec/SoilPressure0000L0001.old.asc
ncols         252
nrows         194
xllcorner     598250.000000
yllcorner     5144500.000000
cellsize      250.000000
NODATA_value  -9999.0
[rows 24 to 47 of 194, columns 108 to 161 of 252]
-3947.460275 -3966.462401 -4089.711444 -4088.659722 -3941.758898 -3966.695827 -4007.161059 -3949.069754 -3832.264012 -3750.077669 -3838.214387 -3971.578513 -4194.658120 -4416.498837 -4507.269691 -4525.333815 -4524.721982 -4527.764661 -4546.163888 -4555.518425 -4143.267232 -3903.344951 -3563.167757 -3567.711346 -3766.044323 -1982.910828 -1054.328242 -776.374289 -1178.342187 -50567.660140 -53058.440917 -113337.113841 -79919.444911 -70397.398386 -67244.167881 -59827.312854 -9999.0 -9999.0 -9999.0 -9999.0 -9999.0 -9999.0 -9999.0 -9999.0 -9999.0 -9999.0 -9999.0 -9999.0 -9999.0 -9999.0 -9999.0 -9999.0 -9999.0 -9999.0
-4228.015391 -3737.581512 -3939.532402 -4331.429809 -4364.053314 -4354.702585 -3753.461881 -4387.724517 -4389.206672 -4376.735999 -4334.634593 -4374.674944 -4111.527272 -3986.642507 -4192.779560 -4426.075832 -4347.311633 -3722.046455 -3768.973950 -3636.264280 -3143.649238 -3158.146240 -3829.459066 -5146.592167 -4824.868248 -3191.826846 -1740.576978 -1302.655782 -1065.711290 -49652.806678 -54281.889578 -119591.957246 -146484.553030 -67566.189018 -87683.078083 -59826.011746 -9999.0 -9999.0 -9999.0 -9999.0 -9999.0 -9999.0 -9999.0 -9999.0 -9999.0 -9999.0 -9999.0 -9999.0 -9999.0 -9999.0 -9999.0 -9999.0 -9999.0 -9999.0
-3665.275125 -3704.811074 -3863.021357 -4332.302184 -4335.172828 -4242.412382 -3572.648624 -4253.477159 -4231.585353 -4247.196503 -4134.257812 -4227.398846 -4222.536707 -3922.244026 -4112.853846 -4406.617577 -4113.948482 -4054.051734 -3958.449535 -2359.155559 -3349.687147 -5003.128458 -7709.136369 -7248.234408 -3089.532018 -1524.382330 -1098.698388 -882.265200 -1155.557009 -7879.563164 -57081.894499 -340297.714843 -207937.792013 -75337.313174 -9999.0 -9999.0 -9999.0 -9999.0 -9999.0 -9999.0 -9999.0 -9999.0 -9999.0 -9999.0 -9999.0 -9999.0 -9999.0 -9999.0 -9999.0 -9999.0 -9999.0 -9999.0 -9999.0 -9999.0
-3004.043160 -3467.000287 -3682.598776 -3530.262144 -3708.751246 -3600.414679 -3129.453730 -3191.130837 -3130.650782 -3190.807896 -3235.927534 -3221.605743 -3128.337154 -1153.632630 -1280.196474 -3321.754122 -2902.607839 -3306.626305 -2392.080644 -2856.080110 -3022.909782 -3291.710105 -3939.984472 -3740.090162 -5507.981971 -1999.754394 -1156.360173 -970.783388 -2313.244984 -47895.040866 -253605.450692 -98940.714530 -210034.189196 -151658.387590 -9999.0 -9999.0 -9999.0 -9999.0 -9999.0 -9999.0 -9999.0 -9999.0 -9999.0 -9999.0 -9999.0 -9999.0 -9999.0 -9999.0 -9999.0 -9999.0 -9999.0 -9999.0 -9999.0 -9999.0
-2765.585841 -3253.198910 -2741.623563 -2755.969069 -4027.803210 -3849.349320 -2365.548581 -2615.937243 -2902.450535 -2926.198868 -2839.452136 -3551.045112 -4233.066397 -3977.551181 -3812.903961 -4310.185157 -4254.374999 -4096.929478 -3923.734803 -1436.523713 -2133.890662 -2367.132446 -2396.453493 -2515.037264 -5572.315270 -3556.834591 -35037.771922 -47609.340335 -527195.233796 -335924.344319 -141667.321621 -99923.825057 -81311.827350 -82563.382094 -9999.0 -9999.0 -9999.0 -9999.0 -9999.0 -9999.0 -9999.0 -9999.0 -9999.0 -9999.0 -9999.0 -9999.0 -9999.0 -9999.0 -9999.0 -9999.0 -9999.0 -9999.0 -9999.0 -9999.0
-3336.017030 -2682.065512 -1741.947081 -2603.000329 -2823.641473 -3061.399998 -1533.471049 -1388.270894 -1745.637874 -1822.605630 -1850.061218 -3714.157766 -3643.163095 -2443.818489 -3977.775086 -4433.068514 -1401.602785 -971.071452 -2776.901855 -994.264898 -1296.319185 -908.425887 -2194.984829 -21011.996191 -151293.594220 -129488.274895 -120409.401773 -129977.896821 -134951.943255 -125247.679317 -88421.039380 -154854.762937 -65688.592978 -9999.0 -9999.0 -9999.0 -9999.0 -9999.0 -9999.0 -9999.0 -9999.0 -9999.0 -9999.0 -9999.0 -9999.0 -9999.0 -9999.0 -9999.0 -9999.0 -9999.0 -9999.0 -9999.0 -9999.0 -9999.0
-3444.443864 -2646.181238 -1229.113769 -1479.403759 -2179.594064 -2902.623625 -2516.450517 -1126.343853 -1171.953864 -1182.126119 -1112.888281 -1235.717945 -1040.943240 -760.031910 -3970.820610 -3124.241794 -1037.913634 -768.412795 -1085.142507 -1348.625902 -1187.526528 -578.688287 -2925.526428 -157513.839705 -93671.937713 -98883.174851 -101312.195864 -119839.703300 -121514.703577 -106904.356164 -143008.388191 -152977.047169 -62166.289548 -9999.0 -9999.0 -9999.0 -9999.0 -9999.0 -9999.0 -9999.0 -9999.0 -9999.0 -9999.0 -9999.0 -9999.0 -9999.0 -9999.0 -9999.0 -9999.0 -9999.0 -9999.0 -9999.0 -9999.0 -9999.0
-3765.447096 -1849.953418 -934.157210 -1035.341837 -1645.370062 -2346.988355 -3523.715207 -1369.195310 -1418.946871 -1338.068439 -1078.544258 -1234.669717 -904.438469 -567.426912 -723.823557 -1433.301736 -774.243210 -292.221598 -33699.194777 -49262.620096 -4050.139873 -51306.595167 -139676.086509 -96593.408225 -80489.007171 -83786.705394 -86870.165428 -100477.806289 -100234.040327 -70004.061992 -152244.707949 -135161.316698 -59845.989191 -9999.0 -9999.0 -9999.0 -9999.0 -9999.0 -9999.0 -9999.0 -9999.0 -9999.0 -9999.0 -9999.0 -9999.0 -9999.0 -9999.0 -9999.0 -9999.0 -9999.0 -9999.0 -9999.0 -9999.0 -9999.0
-6720.898299 -1539.353253 -998.090261 -1139.897986 -1574.737815 -2497.644659 -9470.608146 -2073.130265 -1374.177566 -1344.196864 -1019.157131 -1141.761344 -727.097373 -452.165281 -644.746075 -759.959428 -302.366144 -46099.429240 -136132.600947 -121064.357227 -124337.592674 -121516.218331 -73450.490438 -142771.167320 -62806.286053 -56653.539293 -58079.579408 -60935.464600 -64024.997129 -62395.630177 -146596.056333 -65692.453042 -9999.0 -9999.0 -9999.0 -9999.0 -9999.0 -9999.0 -9999.0 -9999.0 -9999.0 -9999.0 -9999.0 -9999.0 -9999.0 -9999.0 -9999.0 -9999.0 -9999.0 -9999.0 -9999.0 -9999.0 -9999.0 -9999.0
-6583.584080 -2566.545520 -1243.459833 -1179.903188 -9659.751674 -55021.933891 -56022.007866 -56392.140804 -51757.548668 -2676.359555 -1058.499520 -1094.818766 -565.779092 -329.733122 -632.343116 -851.850034 -39426.948683 -126221.840441 -75812.324346 -89146.075474 -92557.617746 -63748.104111 -65210.061337 -123135.915881 -53861.439829 -49048.716687 -50312.918191 -59969.879134 -58882.250768 -60735.512332 -9999.0 -9999.0 -9999.0 -9999.0 -9999.0 -9999.0 -9999.0 -9999.0 -9999.0 -9999.0 -9999.0 -9999.0 -9999.0 -9999.0 -9999.0 -9999.0 -9999.0 -9999.0 -9999.0 -9999.0 -9999.0 -9999.0 -9999.0 -9999.0
-28364.384954 -21740.639910 -10526.788084 -11191.730926 -41962.051500 -18125.233101 -7820.182126 -13160.810556 -44820.006419 -4450.265629 -1582.239878 -1133.727623 -378.075228 6.822893 -11.410329 -4652.779126 -145381.019586 -76526.956807 -65309.982184 -78812.469729 -46249.287540 -89162.183610 -67082.674794 -60015.630038 -52687.529151 -48922.400336 -50995.824308 -60647.627336 -9999.0 -9999.0 -9999.0 -9999.0 -9999.0 -9999.0 -9999.0 -9999.0 -9999.0 -9999.0 -9999.0 -9999.0 -9999.0 -9999.0 -9999.0 -9999.0 -9999.0 -9999.0 -9999.0 -9999.0 -9999.0 -9999.0 -9999.0 -9999.0 -9999.0 -9999.0
-28348.821045 -42052.291938 -52340.692087 -36138.588321 -7363.067688 -3924.793845 -4020.688872 -3780.116405 -13164.603263 -4382.297925 -2489.069099 -1370.894731 -484.071862 -179825.444066 -147246.952911 -122428.432517 -83717.031934 -65899.301666 -16739.388813 -536148.195240 -376964.647478 -65204.942978 -153755.657490 -107894.917124 -60184.976329 -54457.559843 -50013.364398 -9999.0 -9999.0 -9999.0 -9999.0 -9999.0 -9999.0 -9999.0 -9999.0 -9999.0 -9999.0 -9999.0 -9999.0 -9999.0 -9999.0 -9999.0 -9999.0 -9999.0 -9999.0 -9999.0 -9999.0 -9999.0 -9999.0 -9999.0 -9999.0 -9999.0 -9999.0 -9999.0
-7990.795412 -41741.058066 -49570.576640 -13236.565775 -3759.456957 -3994.016690 -3817.776368 -3732.769457 -10034.761257 -3676.989098 -2411.144080 -89.377519 -119133.405946 -104930.831349 -89748.394064 -74652.675274 -97172.704590 -239985.431126 -67970.766095 -50269.211153 -12214716.711080 -51134.058274 -142881.763631 -102451.162789 -77939.981011 -62319.635539 -56103.540798 -9999.0 -9999.0 -9999.0 -9999.0 -9999.0 -9999.0 -9999.0 -9999.0 -9999.0 -9999.0 -9999.0 -9999.0 -9999.0 -9999.0 -9999.0 -9999.0 -9999.0 -203244.085126 -216619.546372 -212411.168017 -224174.298813 -377017.532415 -9999.0 -9999.0 -9999.0 -9999.0 -9999.0
-3896.807088 -41833.454836 -47044.480476 -6759.726419 -3740.320705 -3977.758332 -1027.322158 -832.123666 -796.181876 -636.861964 -11.053033 -58522.005793 -161101.904664 -26862.814931 -15061.959547 -118616.635613 -69484.255870 -2356.406419 -2619.013609 -955.207005 -17876.777553 -43615.896437 -92257.802365 -175919.045768 -145622.747439 -98595.667387 -61453.342815 -9999.0 -9999.0 -9999.0 -9999.0 -9999.0 -9999.0 -9999.0 -9999.0 -9999.0 -9999.0 -9999.0 -9999.0 -9999.0 -9999.0 -9999.0 -210641.647190 -230401.684613 -232770.423445 -247083.953005 -320508.895799 -436041.363856 -9999.0 -9999.0 -9999.0 -9999.0 -9999.0 -9999.0
-4834.945575 -44648.554849 -34721.419342 -4230.191319 -3707.393845 -3964.203579 -1052.470077 -647.543097 -5.515468 -161.560292 -4652550.876423 -600280.885650 -100137.977502 -568556.256549 -63306.345602 -483.702966 -1602.201475 -1970.039436 -3714.069832 -3212.169033 -1045.234884 -34777.608159 -242949.352275 -188095.317684 -137286.466995 -134924.221523 -99483.203307 -9999.0 -9999.0 -9999.0 -9999.0 -9999.0 -9999.0 -9999.0 -9999.0 -9999.0 -9999.0 -9999.0 -9999.0 -9999.0 -9999.0 -243034.215644 -440281.129547 -134097.165351 -130629.661966 -574274.037019 -709361.825985 -90458.114268 -99896.592145 -9999.0 -9999.0 -9999.0 -9999.0 -9999.0
-19542.600622 -34443.850200 -24512.680126 -3615.888684 -3767.341534 -3944.738146 -1907.542224 -781.630393 -120.727010 -51153.254501 -125882.317472 -107326.110097 -51843.287473 -56614.193161 -244.077074 -888.814109 -1355.973075 -11062.190323 -23901.957426 -3128.700720 -1374.078779 -13275.980013 -370059.608417 -201569.583327 -97101.704526 -131484.558207 -100829.397460 -66561.826543 -69001.197343 -76760.817819 -80551.839384 -81712.920230 -84172.405343 -9999.0 -9999.0 -9999.0 -9999.0 -9999.0 -189703.752563 -201192.794780 -326480.887176 -707158.841482 -119735.019590 -83964.174410 -89302.625947 -86156.978690 -96595.752660 -86937.073548 -97520.564844 -9999.0 -9999.0 -9999.0 -9999.0 -9999.0
-21726.235882 -37619.316319 -5524.139427 -3682.780458 -3797.807362 -3376.607822 -1372.324367 -903.749076 -928.943498 -127344.729157 -98422.518374 -95856.523612 -54448.354919 -1129.301014 -296.500025 -1048.228641 -4733.390898 -27243.094992 -34123.058436 -4656.381074 -1852.320475 -5520.754916 -50416.861482 -286643.808079 -88622.173238 -131110.187388 -157883.476866 -139341.035621 -82452.019280 -89818.739680 -161836.723282 -183928.535278 -188778.204801 -206685.021693 -207955.170705 -200298.131147 -195509.874148 -239204.955454 -426323.172537 -453685.796181 -470726.172247 -684360.665994 -58263.533952 -101086.997434 -113744.042722 -104659.723162 -97796.001453 -99950.086298 -25534.834803 -38783350.277202 -9999.0 -9999.0 -9999.0 -9999.0
-5048.131264 -4146.859418 -3806.572327 -3873.003822 -3916.726060 -3313.170054 -893.246188 -21.162557 -508733.816378 -116064.995562 -13684.654506 -56334.893961 -61263.050147 -367.635306 -567.736510 -1166.909735 -5515.004554 -9672.814298 -31294.580944 -18166.400992 -2624.275592 -2823.377577 -48269.977309 -146272.023754 -88900.875012 -92936.957840 -163487.289676 -77268.993946 -105435.190952 -97328.269035 -107922.141958 -296319.428631 -535362.166496 -60084.497593 -106373.700882 -119173.458877 -637028.342852 -407395.947964 -461028.252565 -696389.912184 -90665.120969 -49588.098308 -60160.440471 -94229.865679 -98134.146709 -97943.817192 -98343.544945 -95731.739709 -89787.648284 -28789.980777 -80507.420690 -9999.0 -9999.0 -9999.0
-3784.877623 -3935.084061 -3987.320030 -4021.557583 -4109.869014 -1137.529629 -1020.071164 -458.446832 -5211.146494 -63446.950970 -25037.231433 -49651.926507 -1261.541090 -679.928179 -1034.565029 -1871.064865 -3301.958922 -3922.376125 -13699.173754 -21357.556365 -1119.112017 -47720.104208 -50357.443846 -104504.701594 -88178.049532 -82065.133831 -110633.952108 -74153.564543 -113621.178527 -119192.547219 -199937.673447 -55096.052529 -51368.018068 -36119.963171 -100120.091211 -110883.827165 -124421.793845 -111571.329671 -56045.210580 -80369.573359 -81372.285144 -90937.411044 -86769.496059 -83457.390075 -80260.304533 -91186.301594 -94917.267913 -95193.116288 -80338.695016 -58170.649679 -55185.430474 -9999.0 -9999.0 -9999.0
-3678.823307 -3901.460392 -4015.923563 -4031.007448 -1162.797053 -1289.083010 -4887.187727 -820.699425 -2776.660181 -6220.919608 -3777.165920 -2705.908948 -1583.036601 -1636.285343 -2610.481470 -3112.104387 -3390.873718 -3896.878043 -7617.135021 -11101.466194 -4151.980394 -26514.061920 -147343.657394 -154047.471262 -75550.868778 -71474.817535 -74216.316457 -69825.672837 -102069.069852 -120584.056821 -241911.074422 -52429.255312 -51991.042959 -28254.837161 -76378.158226 -106172.258802 -114623.670539 -114687.519445 -103991.248704 -100112.987021 -101523.052277 -89497.325008 -77150.901083 -62646.027472 -75865.504832 -80046.153330 -94989.445830 -94458.221451 -92159.216807 -79488.741860 -57517.969176 -9999.0 -9999.0 -9999.0
-3636.786779 -3733.574072 -3961.010467 -39327.008996 -874.249200 -1313.047306 -2.939091 -161.854523 -642826.638088 -86891.604263 -35977.902392 -1153.454722 -1851.226622 -10854.363836 -4218.943020 -2982.170840 -3734.331874 -26095.982769 -18310.307778 -6757.217781 -22773.607288 -162417.415998 -92052.102807 -93213.105359 -87779.196267 -84479.700245 -155888.479687 -70798.039861 -68119.983545 -93579.933258 -140918.600357 -319529.358349 -46686.003674 -45762.995620 -47810.919972 -18269.606067 -93149.129051 -93268.688513 -98281.256350 -90818.973191 -89903.098640 -77156.983694 -56682.674331 -47285.308318 -57423.308863 -79382.483438 -94460.310145 -119787.858687 -96754.327319 -52908.823739 -9999.0 -9999.0 -9999.0 -9999.0
-3848.233279 -3779.593366 -3902.702454 -4032.136871 -2253.980035 -1872.024459 -1077.327585 -1783.691773 -98700.458741 -50943.645604 -6022.533518 -798.178305 -1174.344903 -3080.311167 -3470.639955 -3068.417641 -3688.301393 -22892.360981 -23411.689122 -2611.096315 -33590.581182 -143760.421186 -120778.656156 -193852.441296 -118932.197890 -85477.175593 -192068.336810 -134568.330863 -67200.232246 -113227.832826 -406749.891239 -54543.173972 -44095.222964 -30742.580116 -22390.825537 -22381.842840 -66207.206348 -81576.556931 -81908.764037 -84664.535080 -82991.022676 -59504.141554 -39529.316812 -26966.949905 -45714.839325 -78450.962235 -110126.065278 -116737.546764 -539731.118345 -42258.637338 -9999.0 -9999.0 -9999.0 -106294.914130
-4078.636742 -4042.986154 -3983.460434 -2786.983566 -921.785620 -2334.093518 -963.878815 -1096.160051 -8249.756583 -2618.058103 -1103.378139 -679.821772 -728.882474 -959.708185 -1402.921963 -1279.051734 -1265.620068 -3686.761694 -20898.603524 -37885.280494 -14812.176554 -16635.379806 -30182.985013 -58745.124227 -544234.029628 -92308.183370 -200833.343254 -172909.263409 -79363.077590 -196208.064435 -57211.363141 -30561.067995 -25122.515265 -53171.914344 -54427.677740 -61678.398677 -48233.391678 -53378.339122 -60195.560846 -70274.871233 -61435.444389 -45179.572954 -6474.205473 -4828.196557 -7827.660729 -70535.538481 -111460.196038 -123249.442435 -637316.148761 -518779.290218 -9999.0 -86673.931254 -103116.967739 -110590.946405
-4169.445551 -4203.000034 -4161.861811 -3202.949762 -1489.572920 -653.687721 -2.185320 -857.940198 -149656.256503 -54978.387346 -16.627344 -0.406219 -313.487172 -531.383936 -712.458950 -1093.113681 -1173.498608 -2931.322773 -16562.378380 -25713.527755 -45874.906095 -45796.205007 -13090.621760 -57765.837105 -55632.115483 -187655.856470 -192034.608180 -175692.217268 -91317.098331 -175382.287848 -55288.192982 -30117.271735 -17140.014002 -32217.455473 -57719.764545 -41717.024309 -23038.834362 -9833.553944 -12015.976406 -43836.054025 -38072.463828 -5635.488939 -4841.729810 -4964.150634 -5475.374987 -44586.472204 -88520.600185 -118467.898906 -120934.562122 -97097.654260 -99261.603303 -103425.936594 -95885.780070 -92640.944185
