geotop_simulations/templates/TEST_Venosta_3D_034_template/rec/SoilPressure0000L0008.old.asc
ncols         252
nrows         194
xllcorner     598250.000000
yllcorner     5144500.000000
cellsize      250.000000
NODATA_value  -9999.0
[rows 125 to 149 of 194, columns 112 to 167 of 252]
-344.225376 -319.667491 -300.578504 -216.726902 -176.865797 -255.504784 -268.209941 -277.945989 -261.170826 -273.316662 -293.530260 -311.599794 -338.209603 -351.307641 -357.284857 -387.808734 -378.346057 -332.223650 -299.746411 -279.535564 -260.312264 -218.956613 -185.862414 -174.866672 -200.341090 -182.675716 -120.551761 -152.252078 -137.923524 -188.171384 -167.885347 -135.695618 -70.539116 -65.465784 -94.508834 -121.413282 -96.896459 -86.342716 -78.383168 -78.653909 -82.500213 -89.838346 -99.252414 -127.557006 -147.846242 -166.284679 -186.142978 -204.445182 -222.792286 -252.431836 -279.876651 -236.104942 -218.866757 -277.673403 -367.914415 -435.848146
-297.625052 -262.000504 -265.348733 -185.197954 -141.002941 -219.423706 -221.145608 -225.178936 -224.681406 -237.977017 -260.458363 -285.446733 -320.739182 -334.431026 -351.267931 -361.770686 -356.232898 -301.966505 -261.273579 -246.448990 -223.246904 -204.879206 -192.871398 -172.407984 -190.544822 -179.496580 -98.643339 -124.852720 -119.633261 -160.354886 -147.314554 -111.743507 -68.979658 -67.344493 -127.658947 -123.048363 -105.213157 -92.317882 -87.503551 -89.048233 -95.464891 -103.674820 -113.875140 -143.513556 -163.883124 -178.780714 -191.187209 -220.947567 -244.866162 -281.180168 -255.718551 -232.141921 -240.466140 -346.081687 -446.618283 -420.825350
-292.046073 -247.305431 -239.791098 -161.046221 -183.667118 -216.220826 -211.549916 -215.506033 -219.151514 -230.357847 -247.779420 -266.758195 -310.919500 -325.264671 -279.113320 -268.580870 -334.407288 -271.137907 -229.799619 -236.512428 -215.547994 -198.468322 -171.009213 -162.108508 -175.343349 -168.482171 -80.574376 -100.950750 -92.318207 -143.172674 -116.985000 -107.834853 -107.015769 -105.978200 -115.269952 -105.033304 -93.601535 -90.266463 -89.698064 -95.494151 -106.639364 -119.976774 -133.517061 -155.408012 -178.549946 -189.350189 -211.984484 -258.913206 -278.072132 -258.634442 -247.993179 -228.030602 -272.337506 -370.600169 -448.964838 -412.646161
-274.768526 -220.962223 -190.129952 -100.042801 -112.397950 -148.222172 -169.935582 -175.128020 -173.850492 -206.323761 -253.811896 -272.675671 -309.289109 -315.102870 -349.380355 -269.116126 -312.480284 -245.921483 -229.607035 -207.612883 -189.526269 -166.691745 -161.098753 -182.595116 -167.622437 -160.009139 -64.809509 -78.626324 -89.944799 -147.886075 -122.942474 -114.942555 -108.445494 -113.010943 -152.815961 -134.246652 -122.930044 -120.754732 -97.384892 -105.068036 -118.021006 -132.297974 -147.223060 -165.756463 -189.934204 -220.115385 -265.873727 -286.371358 -312.956997 -269.870471 -196.631813 -256.859558 -346.948579 -388.498542 -452.161064 -403.793831
-237.583663 -169.966030 -143.368940 -42.874586 -51.486024 -92.439307 -122.095109 -113.818903 -114.309396 -112.321242 -222.024669 -248.101810 -314.331868 -319.611200 -340.152266 -275.188650 -296.774581 -254.299429 -197.612247 -166.627956 -149.255147 -165.336713 -177.191049 -96.941929 -103.137675 -116.834468 -32.811428 -39.245291 -116.204064 -200.989039 -187.418785 -192.942499 -186.560993 -139.183804 -124.463224 -123.484786 -116.435672 -129.660339 -129.455525 -113.397903 -129.696578 -147.021619 -166.818837 -198.629577 -251.530373 -268.684203 -290.352713 -297.036348 -292.462727 -280.939850 -262.645069 -282.733680 -400.274303 -415.642952 -463.657814 -395.545707
-186.664719 -87.030361 -52.012159 -13.848263 -5.565498 -63.950897 -82.768943 -80.779229 -112.735520 -132.940203 -240.616502 -292.199191 -331.054120 -331.849471 -333.104453 -272.158560 -300.965810 -253.721138 -101.093477 -94.181497 -92.140354 -109.713406 -30.364133 -24.799992 -72.217053 -62.078320 -7.421163 -22.567614 -117.028788 -273.537139 -231.924680 -43.462332 -62.972023 -128.759112 -82.129356 -72.251559 -76.754910 -91.567402 -101.823984 -108.327270 -182.788468 -204.874083 -242.075391 -260.993809 -279.146882 -293.650129 -301.677472 -304.387315 -297.968274 -284.179104 -288.288797 1715.455124 -391.312835 -449.503816 -493.707740 -429.615618
-192.755740 -61.619121 -20.205179 -10.535143 -18.192923 -63.712977 -65.685254 -79.681715 -128.896099 -235.622607 -258.448382 -277.399916 -279.052736 -266.474735 -245.627004 -260.693772 -292.736982 -149.391584 -108.896518 -71.327471 -30.138342 -1.488770 80.939449 -5.287221 0.326229 -38.489235 11.869591 -38.144585 -48.705692 -254.977123 -53.688455 -29.295194 -50.729726 -41.072683 -77.557574 -136.538299 -227.751465 -236.273989 -238.548102 -239.595328 -247.565922 -261.147112 -277.446006 -291.003162 -288.664192 -344.669577 -369.423487 -312.557209 -316.191385 -304.734775 -264.595127 -337.679173 -375.278736 -395.020533 -445.696474 -426.768295
-30.402128 43.035469 19.491774 -10.933209 -1.728404 -36.151347 -31.652514 -110.993517 -135.188682 -243.052554 -257.182355 -267.701149 -273.807984 -265.918413 -157.606880 -250.378289 -259.142370 -233.073715 -124.169434 -57.264697 12.052570 182.615132 211.466576 102.753583 -7.268703 -9.894890 9.024463 -38.295532 -87.405791 -138.920060 -88.285711 -29.834285 -61.396951 -91.704570 -225.308935 -247.091720 -262.066282 -261.858989 -264.118068 -268.259767 -276.030007 -289.740918 -343.675286 -356.805184 -367.058993 -391.002046 -282.368543 -287.983167 -399.335393 -270.953332 -260.964941 -300.810601 -349.479348 -389.869949 -381.161568 -422.707487
-177.618953 -127.071413 165.730185 11.373323 -14.917162 -59.735786 -108.893939 -141.955542 -161.032948 -249.962436 -259.286233 -314.409051 -324.600587 -205.100071 -137.439964 -170.041172 -249.964646 -228.092762 -112.378333 -46.451107 139.269339 -75.155961 -75.253074 203.834450 8.783303 -12.444756 -6.487990 -68.989741 -77.015859 -132.938276 -52.501910 -99.288482 -132.153540 -139.570656 -220.862567 -237.542023 -257.792833 -267.918220 -281.532683 -298.528383 -309.884062 -378.213134 -393.836141 -287.212233 -285.179049 -289.467807 -331.839188 -328.558567 -235.674658 -252.819347 -259.432685 -285.653353 -362.686154 -343.107220 -323.024420 -333.513760
-284.135358 232.895696 298.598884 114.075296 -16.480678 -56.554423 -112.187793 -152.284613 -169.469248 -251.796603 -263.262861 -272.714648 -326.002298 -140.084249 -130.617413 -177.144164 -266.115236 -315.756565 -177.583544 -133.429290 -86.802808 -23.821922 -31.925173 12.435599 -5.524230 10.759659 -2.421731 -45.682727 -41.913922 -81.897886 -79.405901 -149.677585 -141.134099 -220.802984 -229.867029 -243.770113 -250.674568 -262.050697 -278.036130 -299.037214 -395.187303 -418.529625 -291.963554 -296.392636 -299.930412 -340.522042 -328.042716 1552.807012 -177.430777 -304.544484 -283.671240 -299.277001 -325.219470 -321.139463 -291.715105 -289.179095
-176.758360 -288.029374 -74.551392 108.502259 -0.955141 -19.432931 -100.306219 -135.655535 -201.721400 -231.804414 -258.011392 -321.005874 -333.370584 -183.805186 -136.520073 -199.274169 -201.824169 2.202552 -36.716930 -179.992978 -164.250298 -76.015597 -28.236664 63.279178 75.525339 67.526824 1.169485 -38.024271 -31.040553 -68.139199 -108.438242 -134.587302 -223.264552 -232.102112 -236.579742 -247.194517 -249.831279 -302.260610 -338.427203 -254.949225 -272.350882 -282.673306 -292.820153 -299.474804 -338.121584 -314.376124 4768.569830 -247.721974 -186.189255 -279.551031 -259.431656 -255.911014 -277.163840 -298.346327 -275.211860 -267.526971
-56.902674 -81.052505 -98.755443 318.525050 9.312582 -33.108909 -40.103179 -105.441857 -153.496280 -195.588485 -211.250550 -281.655782 -230.837986 -185.669749 -145.564611 -95.085508 -306.163735 -177.980322 126.525557 126.075689 81.566583 133.463710 192.827998 121.954519 106.021522 87.148628 25.076143 -68.713003 -77.367107 -99.587378 -127.820123 -142.909127 -150.191347 -248.609078 -258.487184 -268.220519 -314.843823 -322.388022 -344.255257 -381.301276 -260.480971 -271.817763 -281.535320 -278.313095 -326.165039 -294.296044 -228.137431 -348.794078 -302.779097 -248.655451 -235.524574 -247.019108 -250.215472 -255.290905 -238.417602 -237.253861
290.120116 -51.186341 189.706679 -7.491089 -25.033591 -74.878615 -103.613675 -117.460788 -149.832588 -189.640014 -199.533001 -196.321197 -168.218775 -158.261610 -239.491743 -291.091588 -161.344046 -222.586234 222.718715 361.327125 360.847002 345.482721 678.722497 191.439056 107.168364 88.400905 18.413018 -62.092299 -119.735323 -140.874924 -150.631754 -169.893343 -266.567943 -274.874962 -285.684385 -293.465240 -358.895754 -366.444696 -377.448756 -398.904697 -257.454195 -262.265203 -268.023552 -268.779142 -419.231961 -266.541894 -406.549594 -358.612862 -306.399539 -232.966573 -206.991920 -214.438396 -237.322181 -229.528747 -186.872845 -182.372475
602.331512 156.540047 106.072401 -17.192537 -92.475290 -97.737024 -108.419911 -122.773030 -168.415395 -182.869363 -176.645162 -128.217028 -143.303313 -245.683294 -128.545363 -156.823569 -129.124700 -310.727955 514.743768 329.400911 166.870475 -52.864412 -59.686857 396.930705 73.732407 28.475816 -12.803776 -38.042831 -72.172701 -96.278600 -189.470509 -206.768184 -196.442459 -203.075587 -212.544395 -224.998060 -383.545833 -313.216651 -277.674606 -270.063435 -271.431901 -275.872461 -267.736706 -271.084439 -287.280942 -279.110673 -408.268518 -367.290604 -324.756307 -252.509819 -195.278275 -187.662882 -189.110534 -214.687166 -165.558932 -121.503425
550.339996 298.715578 88.003153 28.603942 -70.225109 -102.509355 -111.789506 -141.962813 -127.914884 -123.393614 -132.099901 -109.447228 -231.824154 -235.611872 -102.628358 -97.028764 -35.143863 69.964214 206.292744 -64.231755 -75.363979 -73.855917 -79.653626 677.643692 41.962963 -20.891307 -33.090567 -25.185817 -43.711676 -61.484720 -72.879275 -77.175107 -81.227722 -147.676530 -160.237523 -214.132519 -244.864991 -269.965336 -297.690713 -198.530411 -207.565976 -210.175478 -217.447523 -452.080182 -507.275845 -451.537761 -396.010737 -356.992673 -319.046472 -272.298749 -204.375452 -173.169590 -154.971690 -215.259690 -115.983782 -72.246879
12.050242 335.615666 283.238411 76.246354 -22.839073 -75.825525 -95.771140 -103.913246 -89.610231 -108.306957 -26.564998 -93.040394 -263.996595 -108.257293 -72.954780 -71.785320 -74.017224 -21.775084 95.198300 308.754338 -70.785282 256.199850 193.641690 18.622260 2.626307 -22.643279 -33.682432 -49.430533 -77.755339 -96.593241 -106.358214 -111.637970 -117.616275 -122.159754 -266.371131 -304.152980 -343.928065 -390.107005 -327.346078 -215.455853 -218.513390 -209.585936 -217.707257 -462.149214 -516.553078 -459.539174 -388.662062 -339.711206 -319.564710 -274.635206 -223.329882 -199.714853 -158.608573 -90.890649 -135.118828 -100.371834
-64.340241 615.512907 434.979332 147.335401 24.579415 -5.724872 -46.586419 -64.486767 -41.186081 -74.479943 6.571802 -76.333519 -107.268949 -34.910271 -200.546900 -23.945641 -39.289774 -75.516211 -94.100641 -88.080653 -82.082184 -32.234806 -7.502077 -21.858128 -45.734469 -50.797361 -59.199074 -71.268630 -102.907099 -111.355167 -115.700369 -119.926343 -128.794717 -145.550202 -180.396781 -319.463722 -432.465129 -457.632451 -488.970266 -378.395897 -228.066645 -240.274936 -482.615502 -575.054383 -516.503095 -458.774142 -395.428441 -337.849233 -302.665887 -251.860795 -208.263437 -183.696714 -160.211893 -107.703142 -81.223487 -93.478345
74.853628 318.381509 648.498446 505.419649 255.160465 87.594378 24.772927 -16.435748 -12.602458 -32.696710 21.399827 -77.375611 11.601776 -172.930079 -193.871228 -188.960868 -157.712817 10.609470 -51.806034 -66.910533 -94.782891 -100.624722 -61.777669 -39.223729 -66.839959 -87.073278 -86.612204 -104.809026 -130.515266 -145.870368 -171.829498 -192.667879 -201.358438 -194.018987 -335.069443 -341.936843 -456.635562 -469.712367 -493.777677 -517.468987 -296.926417 -461.683811 -487.569232 -484.499232 -526.789538 -473.822575 -423.958067 -378.935596 -335.780379 -291.939561 -243.879414 -153.194862 -116.011356 -52.958417 -60.111928 -24.273849
152.237399 -65.817301 572.499328 682.892362 356.984100 139.966123 63.043489 -7.415217 -71.181340 43.662509 -50.024910 0.944131 -181.424202 -160.476335 -288.072908 -305.383460 -297.330306 -84.434452 0.996706 -60.928231 -96.316548 -104.130775 -71.132625 -68.397930 -103.538978 -118.504032 -110.255266 -118.575949 -256.334953 -166.096279 -188.503252 -327.904521 -329.706017 -332.383598 -458.240688 -475.715152 -489.327317 -497.200595 -511.661024 -534.269005 -579.806648 -440.935799 -436.466482 -520.384611 -551.676896 -508.348818 -472.682192 -433.094899 -311.470577 -284.930672 -222.810296 -182.527447 -110.606588 -72.949572 -33.042035 12.939836
-51.538379 -173.743251 161.021391 664.219549 374.930285 170.218560 -200.082574 55.942213 -8.123784 65.893011 41.387411 -143.231093 -209.875807 -353.293632 -162.873953 413.948202 -82.051354 -106.001546 -24.599619 -90.329728 -89.575094 -115.043172 -87.132001 -104.472496 -131.741400 -138.986252 -135.368124 -140.746138 -262.231471 -285.048809 -188.402981 -327.248957 -334.252071 -453.052663 -477.806618 -496.932135 -513.058197 -513.193071 -508.479678 -544.859629 -577.044570 -418.141303 -472.356485 -414.657237 -356.312842 -313.375833 -275.692944 -241.536529 -187.010111 -165.554819 -275.174649 -261.469171 -223.167252 -161.254259 -68.312283 -170.872609
-55.845130 33.645301 302.426666 283.031815 125.587883 175.477745 -140.307575 -149.976514 -16.005295 40.373805 62.766900 21.611458 76.625734 187.096395 549.228100 -66.204210 -46.617278 16.536635 -39.224608 -58.955978 -63.680652 -126.394251 -112.391140 -130.680005 -141.282263 -143.874548 -243.302431 -254.052506 -264.444784 -281.511527 -301.693258 -411.609837 -447.938537 -469.896220 -495.170342 -525.380612 -549.724159 -554.260968 -530.273212 -556.648186 -552.759095 -420.828529 -429.601761 -369.159407 -301.355287 -249.578950 -177.625111 -162.796602 -156.485181 -85.671599 -2.165631 -263.409686 -242.376478 -185.250170 -98.760663 -182.754496
-78.103034 -62.358936 3.337487 636.483260 596.534421 655.645592 173.738123 16.593705 -2.097831 52.376604 98.116862 77.209264 137.818647 428.026507 -75.434025 -84.451579 86.472384 21.797224 -43.757026 -67.512376 -70.844597 -102.275359 -155.197370 -142.569629 -139.386640 -141.720636 -142.736718 -252.832967 -266.876102 -280.983937 -377.345110 -403.432769 -438.005826 -471.019099 -501.061989 -544.586330 -580.483579 -594.153264 -327.949139 -577.970235 -201.473439 -508.889966 -449.635435 -381.096032 -306.146804 -242.279505 -257.878978 -175.479885 -135.272500 6.087067 54.351805 27.831736 -194.032218 -140.585774 -59.077521 -170.480130
-86.394032 -85.353872 -61.273707 132.447520 830.345728 1249.486733 480.805545 71.288612 59.247544 159.994097 142.767233 111.638430 204.526638 -245.297833 -62.079927 -26.023316 -55.949338 -42.444630 -61.976287 -78.483893 -78.818215 -95.280017 -133.557397 -174.406421 -151.036012 -151.343973 -159.646288 -167.472396 -273.487183 -286.443749 -394.003844 -415.328540 -443.515951 -476.230345 -508.484801 -538.828168 -584.074590 -332.575485 -328.243433 -607.380025 -215.837434 -485.889504 -433.475223 -377.867083 -309.917002 -275.296612 -234.167405 -165.991924 -107.767790 -86.941247 83.123030 132.490913 -110.175952 16.651966 -151.292458 -153.349898
-92.313628 -84.268483 -61.091720 264.471212 627.840531 839.665319 521.467354 113.056065 132.030111 340.062174 254.892872 145.930437 112.367932 87.582472 -69.870795 -67.361675 -64.221301 -35.122912 -65.051814 -115.120894 -105.549778 -76.670581 -100.267968 -201.028506 -189.183758 -172.887417 -178.312056 -190.515074 -292.385868 -388.241144 -420.399296 -444.112354 -470.286004 -495.463227 -520.393863 -313.953504 -318.596994 -608.956069 -621.768853 -603.258107 -536.460189 -471.391196 -417.557637 -358.697353 -265.279005 -278.508859 -207.759512 -135.018991 -98.580090 -93.614970 -40.539177 99.225135 179.585888 -156.082907 57.667349 13.613949
-39.692425 52.337169 -54.332306 658.951501 287.281688 725.442015 364.151303 237.159687 296.622758 707.002939 716.345512 266.633745 168.390765 7.757495 -89.435977 -87.525920 -85.661388 -68.988433 -86.941812 -165.953045 -157.556411 -75.298823 -161.255030 -191.468605 -124.659565 -143.153485 -174.014881 -202.736113 -324.846124 -322.759017 -455.016608 -282.097191 -494.305872 -515.136493 -309.127717 -308.120056 -519.358165 -279.311580 -209.934359 -600.635165 -543.027757 -472.033721 -411.015119 -361.388966 -272.424411 -243.896362 -196.309593 -145.439940 -75.775449 -75.780133 -20.425778 23.381148 202.018045 188.624638 160.862839 51.035616
