geotop_simulations/templates/TEST_Venosta_3D_034_template/rec/SoilPressure0000L0006.asc
ncols         252
nrows         194
xllcorner     598250.000000
yllcorner     5144500.000000
cellsize      250.000000
NODATA_value  -9999.0
[rows 48 to 71 of 194, columns 55 to 109 of 252]
-846.065249 -871.410984 -893.745999 -912.483701 -694.991170 -681.321132 -674.325417 -662.208038 -668.406024 -674.411193 -795.307873 -820.936008 -782.508622 -733.935659 -733.391043 -754.545482 -745.202123 -756.363986 -769.807813 -401.400457 666.587369 -868.556505 -873.488164 -895.120534 -877.671696 -887.828077 -881.102967 -860.937439 -830.345361 -802.524581 -835.012166 -946.664834 -955.360151 -697.670884 -891.713532 -909.709889 -944.748241 -964.204431 -918.583536 -843.751405 -638.261276 -597.254212 -612.508755 -652.788620 -647.666142 -616.739219 -621.764267 -651.653029 -662.419803 -683.088945 -700.118485 -712.899235 -948.703509 -950.541986 -949.608249
-834.433150 -854.207946 -838.866070 -801.901759 -641.975136 -662.024851 -679.020980 -671.474822 -669.205339 -673.061583 -801.379577 -827.258992 -792.784248 -711.742854 -744.317982 -726.744379 -739.430542 -758.435913 -773.228227 -795.699356 658.383637 -832.552763 -842.458015 -866.225942 -855.797812 -867.906727 -873.183907 -846.409861 -829.911382 -813.088544 -804.420568 -915.726662 -918.048736 -940.739742 -948.240170 -953.543713 -958.338814 -949.606985 -940.039814 -874.969130 -598.187028 -570.077602 -647.968686 -565.149246 -602.097481 -608.686221 -652.362304 -659.514488 -661.702765 -682.309750 -713.302607 -971.188874 -982.286465 -991.358037 -980.716863
-829.097061 -835.248791 -650.811002 -629.992413 -630.324778 -677.621796 -684.601024 -684.187342 -681.950696 -684.148584 -687.960481 -841.856126 -826.903148 -740.762319 -722.612174 -728.563345 -750.793904 -770.696327 -787.591909 -811.739102 622.493565 -855.385500 -897.353106 -898.875178 -924.956028 -908.785876 -874.730809 -859.115584 -844.118243 -833.686197 -813.237299 -758.962047 -880.588120 -933.763192 -930.875456 -945.274696 -948.768501 -934.965725 -898.962341 -629.364299 -676.418538 -538.996109 -513.262662 -540.713263 -603.465597 -649.694766 -666.269275 -660.973258 -671.794081 -902.956514 -942.251963 -961.528648 -987.811838 -998.591111 -554.706864
-796.489943 -821.673948 -662.404069 -662.868258 -680.314643 -675.632365 -684.910922 -689.027155 -686.240399 -866.085544 -859.937638 -852.392039 -709.049264 -715.886982 -724.141094 -742.035792 -766.563124 -787.547664 -808.725210 -812.618638 205.206371 -709.737183 -935.703751 -941.205946 -1020.644299 -967.797123 -897.201067 -842.500918 -806.362700 -780.557250 -761.360211 -747.102088 -926.185044 -1017.709597 -1017.883588 -1007.894528 -985.830795 -942.586257 -895.134033 -643.541766 -635.757271 -621.614123 -635.271228 -665.739964 -653.201282 -668.184968 -674.872836 -683.549293 -934.604535 -921.787096 -935.025906 -968.509804 -636.402561 -541.835368 -478.357091
-822.044109 -840.985002 -852.299346 -659.474094 -670.192850 -654.891533 -657.196039 -662.317316 -660.410590 -782.255991 -779.904890 -784.252292 -697.236585 -718.294190 -743.817471 -771.018473 -794.575750 -815.161307 -823.440584 -842.825815 2113.255059 290.292509 -980.352437 -961.606752 -1079.801888 -1044.459875 -1003.043716 -987.895445 -965.886063 -1035.146320 -1027.232701 -1024.973680 -1031.278298 -1024.780238 -1010.915010 -998.315498 -961.777721 -934.685230 -907.335909 -662.098652 -650.992575 -697.000657 -667.835576 -685.409562 -687.770166 -951.702324 -980.024657 -711.662074 -960.078338 -939.758112 -939.911783 -703.033318 -564.911927 -652.095705 -444.964639
-881.954782 -850.763990 -805.394484 -640.962118 -647.805137 -644.269446 -645.385412 -652.373911 -658.246395 -765.883701 -791.364769 -816.748853 -789.992694 -762.577574 -813.519506 -857.337741 -881.751606 -872.905212 -875.647698 -882.125189 9468.079988 7475.996089 347.872413 -1019.538877 -1026.663922 -1067.692604 -1045.901673 -1049.042859 -1039.703909 -984.987704 -937.327653 -918.521165 -1033.625182 -1020.456949 -1001.292750 -977.789640 -965.471262 -927.857259 -888.966646 -869.716523 -847.743712 -701.924317 -706.532552 -979.723593 -984.906480 -993.302206 -996.846656 -996.202547 -982.029191 -963.523364 -968.508188 -695.313817 -556.383333 -518.256425 -447.598586
-865.528771 -818.109676 -756.429075 -733.233414 -643.980310 -646.615972 -654.876189 -659.100856 -663.080298 -811.398028 -822.105403 -876.552789 -832.009625 -841.633631 -886.630741 -931.301501 -960.973739 -964.484103 -979.557096 493.143829 13276.965832 11994.816094 3301.128083 -1048.929418 -1037.006057 -1097.317226 -1099.607954 -1092.131298 -1063.596251 -1029.200207 -983.797500 -987.279157 -955.396101 -1024.716286 -1002.769405 -989.529710 -968.534240 -919.153948 -898.847360 -857.956653 -672.991655 -703.620379 -702.463805 -988.601811 -996.378700 -1004.880498 -1009.749985 -1013.794953 -1009.632996 -993.785575 -733.231240 -704.409798 -558.584658 -538.674954 -487.043373
-792.578558 -835.201585 -903.763554 -672.994403 -676.351511 -676.957330 -685.828606 -710.585229 -716.164306 -717.282895 -721.617029 -724.452334 -1016.425098 -947.196890 -971.140535 -1012.680425 -1020.960377 -1058.082521 -1121.586796 611.003276 13238.959761 10574.975636 1594.964570 -1194.588936 -1177.750380 -1133.311062 -1136.553923 -1126.207683 -1104.793538 -1035.075433 -1021.294113 -1046.006572 -1062.619072 -1016.428715 -942.320162 -988.612422 -952.572232 -903.469186 -851.765180 -675.262947 -680.812908 -714.728808 -988.155851 -988.789929 -1001.904677 -1012.695904 -1020.908733 -1021.672068 -1017.522406 -1017.105648 -682.257592 -636.301571 -634.162327 -505.274867 -470.946933
-714.586887 -705.331019 -710.654954 -1021.254867 -1028.635249 -713.781364 -718.773203 -730.679973 -736.012581 -739.674054 -740.584568 -1035.800422 -1042.911653 -992.661181 -1005.152525 -1045.951500 -1055.049351 -1088.189135 -1179.501038 -1222.245158 11116.194283 5202.999234 275.740177 -1211.414794 -1197.760838 -1178.914772 -1173.248734 -1131.930832 -1035.220552 -1013.517326 -1114.557564 -1109.340570 -1034.333279 -959.086085 -999.481959 -863.511620 -944.781692 -906.615987 -850.525956 -695.364481 -708.722075 -1025.426571 -1011.400372 -996.568887 -1006.643331 -1016.616467 -1026.253967 -1024.085917 -1020.981007 -728.326508 -613.010001 -543.989483 -607.284955 -407.962534 -430.216680
-732.926470 -720.581658 -1020.222944 -1024.907634 -1037.550476 -1042.482529 -739.864618 -741.494917 -745.784231 -1052.420861 -1055.380577 -1063.123014 -1071.718282 -1038.101072 -1065.908196 -1100.282548 -1080.111084 -1139.275653 -1217.150692 -851.320082 10037.261106 4776.702825 -1024.090345 -1252.294030 -1240.100507 -1053.099827 -1038.003631 -1125.115068 -1095.428735 -1184.556096 -1172.170493 -1163.550245 -988.064651 -976.463806 -886.191166 -885.360799 -889.157992 -686.392479 -699.179307 -730.284934 -1028.066974 -1045.492871 -1037.797484 -1024.597575 -1021.928821 -1024.865486 -1025.884788 -1024.091736 -1028.543453 -780.541110 -691.306564 -618.492704 -857.482992 -774.074836 -438.615614
-1033.541377 -1032.918627 -1029.562627 -1028.618824 -1040.159990 -1045.260445 -1050.747459 -1057.629336 -1058.183077 -1060.266578 -1066.803978 -1077.027436 -1065.088511 -1087.141280 -1108.635149 -1097.209306 -1137.084390 -1132.107860 -1200.897821 -823.081803 9274.192967 6841.988179 -235.195917 -1073.421213 -1280.400993 -1282.114816 -1230.520271 -1202.660187 -1231.610847 -1254.669727 -1210.402937 -1211.403405 -1007.527164 -1020.871245 -962.143338 -997.593303 -999.979995 -705.091099 -722.292391 -1053.798475 -1053.028804 -1059.933219 -1053.633641 -1039.986354 -1037.499244 -1029.709415 -1022.448181 -1030.659422 -869.253769 -706.784467 -628.024740 -693.130429 -695.351821 -577.168014 -485.041336
-993.190388 -1001.851405 -1031.079564 -1054.745403 -1067.129943 -1064.258531 -1061.232229 -1063.416791 -1061.573672 -1068.104426 -1079.116594 -1087.461178 -1104.626681 -1125.975771 -1087.127913 -1104.417102 -1125.479688 -1158.125605 -1221.757138 -1275.375121 6932.303019 7327.205191 -368.854690 -1078.646142 -1079.954277 -1079.150579 -1291.822675 -1297.034669 -1293.106052 -1280.783685 -1256.824516 -1037.428270 -985.773637 -974.412871 -982.024149 -1017.783367 -1015.142236 -723.546592 -751.455058 -1062.790742 -1069.473086 -1073.456012 -1063.638933 -1055.679722 -1045.880756 -1034.584986 -1030.920863 -880.493103 -706.603044 -674.617368 -601.772820 -741.715771 -589.238336 -770.175787 -559.377928
-862.669136 -888.522560 -917.040540 -949.858968 -1014.917980 -1090.768688 -1085.594031 -1081.028903 -1079.879861 -1087.307736 -1102.768229 -1121.781972 -1082.444864 -1047.901912 -1066.273646 -1090.778463 -1105.162057 -1165.935751 -1239.147325 -1287.628171 2222.291041 5469.052820 -1004.726106 -1085.904000 -1088.898915 -1086.804782 -1339.257989 -1342.127354 -1088.513174 -1324.133141 -1058.134329 -1015.914924 -982.707669 -919.324684 -931.694154 -955.373801 -707.541720 -745.068428 -1082.389331 -1077.234423 -1079.270639 -1076.319830 -1071.744775 -1065.191893 -1054.769692 -1044.712567 -906.741738 -745.676069 -728.662349 -655.516527 -630.745236 -678.946664 -820.827933 -617.642468 -601.857070
-731.957914 -759.465228 -810.650021 -874.079536 -899.174981 -955.228582 -1045.295913 -1097.918878 -1070.241698 237.945221 -1067.508704 -1036.790560 -980.962942 -1028.919652 -1121.742493 -1125.314430 -1141.314428 -1192.339801 -1263.794053 -1308.339339 -844.880698 1885.496620 -1093.667348 -1093.710867 -1093.141385 -1091.416745 -1093.777833 -1094.960608 -1092.587880 -1090.533295 -1066.224934 -1107.117867 -1042.939236 -1022.914797 -1028.891574 -718.599899 -753.810727 -1090.148590 -1086.557344 -1082.156142 -1080.846069 -1080.580544 -1077.475769 -1071.467890 -1066.569780 -1059.302869 -847.423042 -720.753721 -713.919307 -645.775800 -621.898560 -689.269326 -682.326873 -591.737509 -605.065720
-625.412012 -658.433910 -690.716022 -712.080140 -1030.518640 -1030.322872 -1034.198802 -1034.460601 -1002.014422 -1005.352083 -966.379662 -961.384578 -998.270527 -1096.830340 -1094.034237 -1150.057453 -1188.238778 -1227.158113 -1297.943284 -1336.910045 -1377.453522 771.171753 -1096.836757 -1097.314582 -1096.696616 -1096.140378 -1096.335444 -1095.195602 -1093.283170 -1082.687629 -1072.105693 -1220.228546 -1171.843147 -1094.454883 -1093.540263 -788.735177 -1098.820362 -1097.488090 -1097.565070 -1091.074920 -1085.044993 -1083.361326 -1081.699912 -1076.660989 -1078.074190 -923.406489 -815.600399 -734.082002 -710.810713 -653.779016 -650.804854 -645.552428 -896.650134 -560.729896 -623.439809
-713.153830 -729.292366 -763.913201 -784.594494 -784.179101 -1090.142081 -1066.086157 -1039.831599 -1016.126195 -999.924577 -1029.450502 -1050.019983 -1088.662725 -1101.897804 -776.482473 -1098.229823 -1216.720370 -1253.528388 -1328.684689 -1356.448612 -1402.539236 548.827773 -1099.577779 -1100.439931 -1100.195558 -1099.755650 -1101.033556 -1092.397290 -1079.539468 -1073.451028 -1072.913268 -1248.339994 -1197.525220 -1096.407060 -1102.178188 -1117.078991 -1108.570326 -1107.202304 -1103.605089 -1098.337406 -1090.696363 -1090.023867 -1088.603394 -1084.932654 -960.267071 -871.498116 -848.334612 -747.191726 -698.157750 -649.461943 -737.991503 -646.144585 -600.366022 -616.780466 -640.697103
-731.363263 -749.391240 -777.735575 -1101.318311 -1096.976053 -1067.483910 -1071.715750 -1044.429431 -1028.985609 -1059.623731 -1081.559509 -1094.280388 -1108.804533 -1104.562010 -782.425569 -1107.798310 -1254.747141 -1293.549437 -1359.289143 -1372.427439 -1429.949541 496.084830 -1102.077969 -1103.316415 -1103.338368 -1099.127752 -1093.665745 -1084.026004 -1312.293584 -1261.210588 -1215.902690 -1184.088001 -1184.597996 -1195.284901 -1119.286050 -1122.422844 -1123.116654 -1112.646717 -1109.126946 -1104.122282 -1096.618672 -1096.853128 -1094.594886 -988.387719 -923.489796 -894.677787 -803.183374 -711.568731 -672.760418 -720.454864 -712.211576 -628.831102 -695.303556 -676.502785 -659.585690
-1084.306564 -1089.302818 -1097.816339 -1102.522240 -1103.687070 409.442879 -1046.350637 -1001.096613 -1052.106477 -1054.734805 -1070.020657 -1096.360793 -1114.521199 -783.448814 -1108.595007 -1125.814918 -1292.321066 -1328.143496 -1358.041159 -1400.108410 -1457.018133 500.936046 -1104.697299 -1106.540794 -1107.522723 -1101.543015 -1097.836296 -1382.892825 -1345.577888 -1307.821583 -1235.771400 -1206.251634 -1255.726376 -1275.707962 -1142.259061 -1134.637825 -1133.690309 -1120.259791 -1116.903744 -1111.600030 -1103.957358 -1055.662612 -1004.108670 -952.560457 -878.165957 -861.348836 -772.033017 -650.722392 -673.994879 -667.841913 -646.803749 -691.356275 -696.227393 -688.499393 -685.704423
-1093.002303 -1094.777161 -1094.827872 -1090.921727 798.357944 -1044.360948 -1044.627337 -1047.773577 -1056.802359 -1074.644677 -1094.362371 -786.878687 -798.701234 -791.168728 -1123.186933 -1140.253286 -1318.828260 -1353.001596 -1365.366399 -1416.733266 -1467.601233 517.878034 -1108.045187 -1112.241837 -1108.060970 -1104.796785 -1101.613863 -1095.604289 -1385.031618 -1364.824130 -1347.088738 -1338.227046 -1321.054318 -1308.047271 -1288.801106 -1278.968623 -1145.492419 -1129.258142 -1124.181416 -1067.997978 -1063.690300 -1006.630382 -958.202100 -906.972464 -886.758269 -818.883518 -750.394859 -796.796322 -807.015552 -867.036857 -690.245635 -699.768494 -701.212985 -708.434245 -996.668145
-1103.015766 -1098.078098 -1089.475163 -1073.630665 -1056.136862 -1059.035798 -1072.764203 -1082.775726 -1104.029436 -805.885413 -811.911039 -810.711984 -812.475406 -1127.161146 -1138.957433 -1155.488784 -1343.180820 -1366.760156 -1365.023170 -1432.756590 -1102.469563 540.425216 -1114.264175 -1112.212313 -1110.553448 -1108.117269 -1105.680788 -1101.643473 -1412.581387 -1381.457429 -1380.553068 -1372.472051 -1351.220554 -1328.277581 -1325.238828 -1316.788261 -1306.372307 -1075.314535 -1074.383000 -1030.637688 -1005.681452 -947.121085 -925.212263 -919.242619 -863.919533 -906.187596 -881.616822 -872.761272 -929.933720 -992.250522 -725.071778 -716.450071 -725.400487 -1015.906681 -1023.940553
-1112.061180 -1109.541222 -1095.041479 -1073.711722 -1068.870265 -1072.967226 -1076.030263 -1101.131231 -1145.675879 -816.725165 -820.154962 -1155.793292 -1152.908475 -1143.472073 -1153.610522 -1357.527691 -1365.032574 -1381.672842 -1403.885261 -1514.762093 -1120.157124 204.139747 -1115.559210 -1114.347514 -1112.762276 -1110.790929 -1109.148812 -1106.622948 -1435.971165 -1405.668207 -1404.360661 -1396.835009 -1381.436956 -1349.369874 -1349.969155 -1342.797740 -1086.087809 -1086.438544 -1018.444458 -978.982437 -988.733502 -912.529461 -892.769008 -845.089069 -794.117000 -776.916916 -913.470620 -968.758254 -1024.043196 -1029.107571 -1031.903335 -1031.662988 -1035.334613 -1037.090229 -1031.012747
-1116.165315 -1108.152321 -1093.779816 -1084.656354 -1085.472366 -1085.372379 -1098.092516 -1128.585949 -809.431909 -1155.506493 -1163.187289 -1166.058853 -1162.361864 -1158.870915 -1167.417013 -1181.801588 -1390.933393 -1403.086263 -1422.288505 -1457.158437 -1102.727201 -1105.624620 -1117.187940 -1116.070841 -1114.457309 -1112.612421 -1111.073033 -1109.978132 -1104.091498 -1432.198939 -1427.938420 -1419.164584 -1096.194267 -1088.401394 -1088.540441 -1089.083135 -1045.861421 -1006.186443 -1029.266234 -970.953416 -919.087731 -915.904982 -884.855243 -819.464975 -863.301174 -752.665411 -967.927207 -1042.819073 -1048.720690 -1045.093407 -1042.676802 -1047.435938 -1047.194804 -1046.681099 -1046.168237
-1116.013054 -1110.082565 -1106.638991 -1106.844044 -1102.005995 -1108.846425 -1137.850925 -809.468874 -811.454570 -1158.680212 -1170.211086 -1172.976366 -1167.878106 -1165.205105 -1375.328149 -1399.161394 -1411.255424 -1424.352989 -1392.554478 -1467.353960 513.217038 311.213504 -1118.534207 -1117.555972 -1116.084921 -1114.336209 -1112.773521 -1111.406102 -1107.970435 -1101.453223 -1102.026543 -1098.968668 -1094.000106 -1093.173321 -1064.560266 -1224.543648 -1137.163210 -1052.571540 -982.358345 -929.633745 -907.424912 -880.248444 -872.457743 -938.989856 -949.613514 -1013.070062 -1058.440261 -1061.876785 -1061.363042 -1048.695904 -1049.998770 -1054.424484 -1058.316743 -1059.268499 -1057.584447
-1114.514753 -1113.533314 -1113.199939 -1122.652244 -1125.664666 -1135.714464 -1156.006249 -819.362966 -820.333778 -833.833274 -1175.004123 -1177.047040 -1171.137228 -1357.492445 -1392.094516 -1415.922908 -1430.220857 -1448.600571 -1453.758109 -1481.243849 490.502458 362.415391 -1119.759916 -1118.856107 -1117.527585 -1115.763335 -1113.756239 -1111.857009 -1110.087942 -1105.247042 -1454.998746 -1102.551808 -1328.013397 -1246.342794 -1179.629998 -1152.548436 -1101.412834 -1017.974978 -943.935374 -936.299574 -890.246718 -929.237669 -908.644593 -923.356822 -1033.051093 -1068.181562 -1077.157458 -1066.714456 -1056.683843 -1056.010501 -1060.134041 -1065.334467 -1068.122857 -1070.042205 -1068.471679
