geotop_simulations/templates/TEST_Venosta_3D_034_template/rec/SoilPressure0000L0000.old.asc
ncols         252
nrows         194
xllcorner     598250.000000
yllcorner     5144500.000000
cellsize      250.000000
NODATA_value  -9999.0
[rows 72 to 95 of 194, columns 108 to 161 of 252]
-4011.858952 -3987.185274 -3962.272923 -4666.358405 -3981.434315 -3889.051223 -3695.182986 -3520.806798 -3289.388031 -3116.884606 -3330.387687 -3597.912109 -3512.669742 -3355.185478 -3394.034681 -4030.639425 -3993.402258 -3867.362544 -13604.249214 -13679.895377 -1609.631817 -569.407857 3.377489 7.459045 -36240.880532 -1289.595837 -13406.393255 -32711.661523 -25495.571398 -4927.679801 -4356.841617 -5298.965749 -6190.634699 -33043.840062 -48907.171091 -49101.089012 -18182.755460 -4981.510285 -4399.614097 -4505.492128 -4701.456973 -4680.095676 -4303.635726 -31968.924290 -51483.199807 -47899.618486 -4085.312108 -4072.114285 -3816.863737 -3388.114953 -3374.160601 -3526.636116 -3690.810972 -3764.315761
-4015.269260 -4705.601682 -3993.970139 -4365.876131 -3946.087317 -3783.159832 -3817.479565 -3265.379062 -2414.834263 -2041.999966 -2306.052790 -2957.027138 -3518.858481 -8922.721519 -2329.717664 -3516.097170 -3930.767156 -3761.729818 -13872.415591 -25556.659768 -2919.176256 0.000213 4.836482 9.408714 0.000238 -960.632950 -2079.663595 -8358.531818 -6735.469064 -4024.390438 -3764.607346 -3396.985222 -3559.867432 -4478.176228 -4523.640630 -4555.534710 -4501.320850 -4595.014463 -4595.756742 -4552.129783 -4642.494609 -4264.907049 -4270.264949 -35638.698910 -59576.590635 -61414.221544 -43752.980190 -25161.570747 -5319.561486 -3253.454504 -3384.626543 -5860.698439 -9212.766496 -4312.682502
-4722.637743 -3986.315703 -4291.226809 -4033.039940 -3880.066296 -3794.884160 -3270.584381 -2909.823231 -1933.456730 -1416.752717 -3435.997075 -6414.920751 -5969.036174 -2714.835927 -1882.657355 -2092.143758 -3788.912779 -3651.363691 -6399.572415 -6519.512534 -29618.535932 0.002121 7.055609 4.882850 -57989.115565 -521.394735 -761.215220 -954.669322 -1123.755330 -1363.247756 -2396.278449 -3260.663126 -3404.850753 -4181.653949 -4738.696170 -4766.295384 -4708.590202 -4677.022925 -4672.702702 -4635.370128 -4215.744691 -4338.802467 -4425.902295 -30334.276430 -51432.661366 -56780.470653 -56047.410984 -34485.668710 -4630.966417 -2416.563932 -1538.501259 -8076.302586 -48252.159058 -12195.304336
-4689.257573 -3922.811668 -3744.295566 -3792.163314 -3926.125858 -3368.756346 -2796.064653 -4198.892825 -3622.798486 -2059.872414 -1627.679255 -6156.427692 -5235.441359 -1532.560878 -1611.749876 -1647.691592 -1400.725983 -4710.474346 -3313.665373 -5913.846134 -1173.173582 -15444.308950 0.002431 -24353.708675 -20545.912517 -1839.136691 -1073.334097 -812.459297 -775.645657 -1295.552734 -2601.175672 -2946.765382 -3754.292744 -3723.975250 -4806.807529 -4852.384362 -4832.576524 -4753.140536 -4726.903062 -4143.766353 -4219.343430 -4403.918305 -4700.262001 -4614.703847 -8094.535302 -8852.050052 -19992.724525 -41542.468230 -21254.957431 -2749.196550 -20200.085715 -21889.013467 -66794.783349 -61236.730345
-3473.323095 -3045.067753 -2948.141764 -3013.941522 -3721.517945 -3417.103583 -4920.706415 -15000.812454 -8031.909681 -1484.969947 -1156.033430 -1553.901810 -1178.739478 -1431.064141 -937.942820 -1083.348761 -1058.725415 -2937.813999 -10389.924043 -16818.938327 -2902.956352 -1588.242666 -1254.746548 -2686.527033 -5004.684529 0.000172 0.000106 -553.669680 -586.983576 -1010.344152 -1927.714224 -2702.746101 -3065.275999 -5864.248112 -3706.391493 -4210.958236 -4269.268081 -4253.340968 -4230.913455 -4150.397379 -4199.141033 -4371.038750 -4819.805207 -4784.549299 -4677.940097 -4598.711397 -6978.287756 -44941.626064 -46368.878608 -67351.899728 -75263.542982 -65163.982999 -60691.285130 -60444.857655
-3139.957889 -2629.270929 -2272.646130 -3573.646220 -2302.723261 -3548.564876 -4707.760313 -18198.059185 -14573.322826 -1641.408661 -1001.299679 -723.908890 -5646.135083 -900.135885 -720.629500 -648.671434 -627.638820 -926.425742 -15697.550526 -7513.392272 -23368.195384 -9744.999517 -2438.473236 -3359.067702 0.000210 5.358184 4.607663 0.000641 -629.298224 -972.447383 -1861.951077 -2519.476804 -2680.298826 -1546.154046 -1612.093480 -2713.096466 -4184.030391 -4256.826844 -4270.416245 -4209.746307 -4259.088104 -4312.379192 -4675.165705 -4138.808538 -6791.629229 -4361.607705 -20578.027189 -23517.195431 -12536.597837 -15397.340608 -72985.933490 -55090.137593 -41579.250694 -39585.120665
-2937.025702 -2155.089493 -1402.697314 -2120.980514 -1548.833543 -1872.036800 -3501.462204 -20191.954561 -6987.136019 -1691.833415 -812.167688 -485.514087 -778.120802 0.000417 -536.077869 -540.683864 -511.341741 -3941.065650 -1441.291039 -14056.355347 -7309.941941 -5614.682025 0.000621 7.036490 12.306764 4.653661 4.844802 0.000037 -1676.881083 -3444.211721 -4333.562421 -1595.001845 -1532.230601 -1232.330804 -1705.474493 -1373.864505 -2090.108864 -3793.181197 -4189.708346 -4218.894136 -4265.190288 -4214.486074 -3871.930783 -4386.841145 -12447.835712 -5672.669570 -8623.558973 -3538.414621 -17677.429623 -20606.194222 -2153.525888 -30300.296170 -5681.579409 -4958.098519
-2947.384540 -1737.361225 -1828.379405 -931.119641 -685.728905 -1557.230840 -3837.949440 -3304.942355 -2399.161371 -1291.173538 -528.476401 4.306067 2.611280 5.539011 3.548883 -433.211091 -411.827774 -565.527251 -575.883428 -2387.292728 -7159.560533 -2430.353388 -1337.926685 0.001804 5.338415 4.918185 6.052609 0.000262 -3805.050668 -21887.612021 -3714.191068 -695.406602 -728.680017 -983.908990 -1421.121476 -1293.687937 -1578.112732 -1714.808113 -3307.331117 -4093.826555 -4235.278286 -4237.273472 -3793.500998 -4458.917507 -14319.464434 -3806.776335 -12569.176004 -2788.831041 -3451.802714 -1920.056518 -4258.313822 -1980.998060 -6565.986794 -3824.040531
-3383.864627 -3233.275448 -1609.541864 -766.362398 -750.320481 -1094.271820 -836.179685 -2344.635406 -3681.699722 -7792.016164 2.948780 8.533905 7.423502 9.918725 7.065883 1.915538 -333.362688 -420.923264 -430.565594 3.117769 1.592671 -572.455876 -445.064244 -2112.716785 4.144817 4.544637 -1881.589083 -322.451006 -1098.890849 -15200.282187 -998.449331 -434.943432 -418.786480 -3006.115460 -988.018831 -1328.177257 -2190.104636 -1255.178764 -1850.567864 -3773.727946 -4153.560863 -4204.237415 -3434.123540 -4345.037806 -14053.140819 -3868.040650 -1108.361105 -2050.509090 -49711.323355 -57081.381792 -1036.444910 -1393.620010 -2426.730205 -3848.120433
-3953.617570 -3583.772437 -2081.362800 -993.787796 -665.697116 -654.142885 -398.913063 -1270.144991 -3694.174269 4.070466 7.022828 11.833434 11.268881 13.036837 7.746773 3.547635 3.236590 2.774922 1.762477 0.000311 0.000233 0.000326 0.000220 -892.020235 1.050979 4.877379 -4237.992932 -540.031653 -768.090905 -1261.434567 -654.517170 3.722831 3.957555 -739.618579 -1015.162201 -1762.244845 -2188.599223 -3544.383901 -2948.764428 -3575.658417 -4020.780735 -4074.147786 -2692.144119 -3411.511655 -18895.792623 -1595.877336 -848.176720 -50737.968421 4.541552 -40509.963769 -3161.360127 -4197.742207 -2481.015605 -1328.381033
-4000.546674 -3868.360593 -3414.329678 -3057.341429 -1336.200702 -366.311901 2.328082 -284.326748 -10409.354373 -20306.654838 0.000431 0.001211 0.000567 -8947.721221 4.146631 4.716691 8.571996 8.282488 6.945005 5.250579 4.781717 5.782826 5.485586 1.565808 1.163964 5.439735 -14318.694948 -456.875104 -614.734239 -1123.498494 -736.381641 8.042863 6.992953 0.003342 -859.754946 -2280.432858 -3417.295006 -6084.249534 -10180.729468 -3694.514950 -3875.792978 -3959.023000 -2422.468346 -5489.757882 -8591.026578 -26608.503207 -5225.238550 -10773.425578 -17934.461024 -7411.605947 -66155.189974 -4056.244065 -1191.434308 -842.925666
-3979.693000 -3803.012235 -3455.202677 -2608.842578 -1262.434537 -365.406742 4.433403 4.622124 3.754416 -17904.618514 -8454.012135 -1501.336941 -777.490973 2.176960 12.439016 10.296807 12.252478 10.285083 8.233182 5.775084 7.488726 7.897503 8.031119 9.946172 15.088459 10.223403 -2720.932376 -641.847568 -1084.916397 -2893.309107 3.383139 9.170951 4.624221 -731.868799 -10720.968385 -3342.459548 -3678.501446 -9035.995718 -4545.660884 -3648.353924 -3915.103893 -3896.336955 -3515.471010 -10024.555057 -20396.776840 -35332.956079 -36957.483616 -23980.964777 -47065.544873 -24484.665289 -8000.967409 -19833.766853 -1023.799816 -726.572568
-3884.074341 -3453.533514 -3128.642978 -2184.462344 -908.607685 -388.221564 3.458926 5.842432 7.450510 6.234255 5.562177 1.254140 5.698122 8.561253 13.994966 3.856445 10.348745 11.183002 8.125652 3.107423 -1326.548198 -6148.551235 -789.442011 1.059957 7.207534 3.421472 -1012.976968 -1195.869457 -3204.073493 -11387.081012 -23254.720508 -17866.269055 -45095.906119 -25852.114150 -23624.037747 -3435.332138 -3553.764946 -34014.099408 -5458.612083 -3661.391587 -3883.964937 -3824.435308 -3697.187829 -7069.100984 -24331.646617 -8341.696265 -40754.820627 -38852.507350 -14976.195750 -2526.569813 -3153.706949 0.376703 -3178.905962 -1733.373256
-3749.737922 -3325.091030 -2813.097650 -2099.914906 -1049.371045 -855.399862 1.419250 1.331326 6.135382 10.143631 14.540217 16.470576 16.700360 12.408576 4.775453 -686.867972 0.000833 0.000440 -17971.040760 -910.732844 -2005.472974 -5167.155964 -1493.025261 -413.280415 0.203930 -1005.158587 -1130.656812 -2565.482271 -7409.260517 -14121.597472 -35454.859180 -23240.306687 -51594.042746 -32086.863489 -6579.293779 -3541.487962 -3624.434646 -33482.011363 -5578.262059 -3658.079755 -3872.770495 -3846.247865 -3618.480177 -5318.379796 -23146.859763 -28315.973043 -32903.500191 -19998.968118 -5120.062577 -2073.420409 -17069.268108 -20425.021868 -30592.362087 -16153.535655
-3654.097546 -3130.682575 -2987.192388 -2274.592028 -1587.817545 -4054.119396 -706.692826 -336.512583 3.502388 7.736767 11.154823 9.678483 5.421476 4.421787 -820.804559 -1231.985967 -5102.194897 -20001.183509 -16112.775909 -8131.752826 -5332.049513 -5297.802592 -2505.380523 -1185.126307 -835.717104 -1748.979418 -3031.419896 -2400.287172 -3783.246647 -7209.472247 -21094.821155 -29234.121681 -38114.874940 -13575.661479 -3494.991287 -3623.488621 -3775.121704 -5596.131829 -3675.749889 -3635.027431 -3856.839280 -3798.764964 -3566.596470 -3559.923225 -19011.408952 -24889.574345 -14120.509831 -5440.246308 -3582.322388 -3083.457777 -8849.346321 -2223.947507 -35868.661431 -38409.751819
-3751.342597 -3261.402345 -2592.564426 -2783.171246 -3677.498827 -13804.164713 -924.850101 -925.420330 0.000779 5.590163 12.007964 13.422487 -1971.285674 -940.514715 -988.772117 -1494.207127 -19372.561753 -7604.881323 -4531.568112 -4774.132274 -6140.622329 -11717.203150 -2321.761652 -2419.336119 -2833.903348 -4365.345842 -6857.663190 -2698.047731 -3146.677705 -3976.627317 -5748.911511 -7138.006156 -6981.653536 -3689.418368 -3558.123587 -31669.218411 -8016.871634 -3564.021991 -1163.145503 -1014.164550 -2474.140004 -3697.237811 -3514.570662 -3436.469449 -11142.581202 -21335.537062 -4817.050497 -22184.683861 -3259.868890 -3139.061232 -3162.046168 -3132.325979 -33804.120527 -23682.502427
-3630.432307 -3245.168565 -2018.366843 -7003.484274 -2652.641461 -2282.537922 -2111.640595 -2181.876093 -2804.027385 -3403.707719 -3200.285782 0.000631 -1573.598055 -1159.733968 -1425.098189 -4301.687388 -4222.928505 -3436.975734 -3370.279616 -3613.182546 -8334.347379 -11153.645112 -27788.546872 -32504.799763 -1581.514964 -4699.175235 -7230.576830 -2755.696484 -3244.693724 -2850.928151 -3112.282729 -3432.691151 -3283.355890 -3284.910594 -5210.549931 -26984.368990 -1381.606926 -1956.446116 -1019.247867 -679.239988 -1153.361127 -3526.129497 -3376.900937 -2072.359410 -2706.669337 -11517.481893 -3834.032134 -20877.834937 -3720.787665 -3798.322472 -4808.190464 -8787.111795 -3212.147822 -2340.663129
-3613.171877 -3169.262251 -2525.912939 -7534.780463 -23644.710907 -37055.752579 -29142.672586 -3172.367580 -3329.641107 -3585.795163 -3125.129799 -3271.744778 -2954.795050 -2026.541821 -3380.609400 -3023.841379 -3183.183455 -3200.271166 -3465.206509 -5559.316052 -11172.351161 -29231.257306 -31639.509466 -31825.381791 -1928.397446 -1673.264066 -13800.271526 -4824.065707 -3371.094009 -2283.629385 -2226.173453 -2614.624776 -4597.470991 -2493.916193 -2769.315264 -1840.377955 -1483.216933 -1466.462044 -902.084336 -644.583672 -778.344433 -2618.716260 -2860.773137 -2556.895876 -1863.168740 -4157.135996 -5451.361879 -17828.823405 -2982.222763 -1687.730673 -918.130455 -371.741900 1.988262 5.557178
-3643.636758 -3278.233608 -5943.874633 -9304.695641 -28610.556216 -39967.313792 -35343.462576 -22567.604241 -13619.142986 -3644.173026 -5721.968402 -11721.572666 -17822.150972 -5052.180313 -2616.978890 -3040.929021 -3297.822126 -4931.069304 -14594.025913 -6578.270505 -19477.038972 -12185.807937 -2053.649478 -1739.160057 -1866.595712 -1778.203098 -19309.859311 -21424.270042 -8515.784490 -3009.494155 -2195.946826 -2263.914218 -2567.801040 -1629.539364 -1114.880452 -3687.348279 -6700.733773 -2851.913794 -807.695977 -708.418690 -765.126276 -829.831623 -845.489481 -1128.601569 -1047.103617 -1307.438150 -2930.744993 -2529.278429 -1972.518331 -558.879571 -393.575499 0.000195 4.242124 6.861630
-3594.224720 -3280.274966 -4965.980209 -12705.220839 -34038.366709 -34411.967744 -5231.321223 -3984.226057 -3679.766698 -3555.064630 -3619.416865 -5189.548987 -11154.708490 -3587.422573 -2621.848651 -3126.607152 -3319.035407 -9684.648095 -16565.982163 -8449.583642 -9217.307395 -6568.907260 -2810.332427 -1684.876602 -1751.947575 -3127.210459 -6107.581035 -22765.731733 -7057.825203 -4276.062338 -2827.930936 -2192.600803 -4522.269257 -17076.157443 -11001.890144 -12363.097902 -4636.150622 -2112.474560 -1117.147767 -1212.504935 -779.276664 -794.145015 -778.725863 -1075.460505 -2300.036810 -4742.350063 -18793.982229 -8864.844130 -21118.772356 -27247.627219 0.000359 5.762287 6.747121 7.247365
-3518.332213 -3265.180757 -5470.359807 -29874.550383 -33282.296589 -4392.950312 -30744.000771 -25464.894115 -14229.299835 -11605.683940 -16539.887328 -27858.982765 -3964.736025 -3557.705300 -2796.071261 -2153.744956 -5748.149589 -13067.792280 -12835.567980 -13719.818393 -3146.954897 -2837.284351 -2755.044187 -2503.887252 -2464.768424 -7707.520115 -3610.411074 -24865.948076 -4503.331909 -6110.056902 -10003.376292 -28734.249747 -29879.868545 -29695.347621 -29844.689226 -28126.628833 -4125.787477 -2388.704009 -838.228703 -1040.179193 -770.896772 -809.465572 -897.686421 -1654.132856 -2649.736311 -2426.477018 -19810.479650 -32104.805100 -31370.538326 -1012.738158 4.687060 9.367409 4.876886 6.820212
-3474.494829 -3178.703457 -5538.648463 -8309.879006 -3878.043929 -3688.666628 -9758.562824 -10177.684583 -7485.792995 -7658.786856 -7758.613893 -9067.025966 -10880.483398 -6336.658885 -2979.161375 -3944.672270 -3411.470828 -7397.384011 -10300.986310 -7332.125030 -3392.817860 -6614.815081 -3613.770109 -4194.524843 -2579.663682 -10332.596462 -9043.784249 -6177.883957 -19260.400188 -17255.411256 -9163.360416 -4338.874888 -2980.976782 -2541.542980 -2929.686026 -3637.091042 -3728.594193 -2658.732514 -840.117113 -1013.383803 -847.642196 -803.124837 -1025.642852 -1703.688999 -2838.399680 -8579.417583 -16799.447939 -31205.798487 -32195.973440 -1329.809571 2.208440 8.644419 9.892289 13.920984
-3428.651781 -2939.551765 -3641.752006 -3889.652346 -3654.570819 -3844.464060 -4043.321794 -3979.104695 -3357.852881 -3216.549132 -3437.215830 -3457.221198 -3496.551393 -3503.043661 -4248.686144 -3273.886898 -3510.934920 -3259.051518 -3412.003875 -3675.362881 -3660.520481 -3286.146422 -2777.443106 -2041.294027 -1334.852876 -3457.075059 -4459.443474 -4344.711318 -16820.285493 -8339.780300 -14350.202843 -19685.540990 -8312.890638 -4590.401274 -4508.326541 -2957.961574 -2765.362699 -1576.119696 -1020.429288 -986.257165 -858.282892 -753.002369 -1015.710266 -1084.505723 -2338.318984 -12093.478441 -12545.204359 -22553.995296 -20175.952285 -7827.906672 0.000439 5.577403 7.682947 7.304180
-3571.675376 -3676.181885 -4005.986843 -3595.157643 -3564.056279 -3613.313308 -3590.893974 -3372.109636 -3366.279303 -3243.701113 -3546.103807 -3658.715892 -3673.511411 -3317.208701 -3275.651717 -3524.576927 -3635.105837 -3609.452100 -3543.349857 -3372.196112 -3118.167851 -3234.619201 -3219.440284 -1983.648121 -1396.981940 -3034.613480 -3287.491019 -3832.398804 -8277.794054 -8320.511829 -27259.092383 -24337.595390 -19326.478077 -9115.383062 -7446.103773 -2925.720938 -3077.372617 -1387.100941 -1654.095123 -865.562552 -809.017717 -707.860350 -921.760505 -1247.280219 -3610.915655 -7067.312419 -1546.434373 -3640.311509 -8249.687601 -5828.503608 4.069257 5.479012 6.357656 0.000855
