geotop_simulations/templates/TEST_Venosta_3D_034_template/rec/SoilTemperature0000L0002.old.asc
ncols         252
nrows         194
xllcorner     598250.000000
yllcorner     5144500.000000
cellsize      250.000000
NODATA_value  -9999.0
[rows 140 to 167 of 194, columns 126 to 188 of 252]
0.545308 1.474520 0.738774 0.544242 0.374573 0.185229 -0.631310 0.121221 0.401647 0.456594 0.616614 0.967209 0.953662 0.658733 0.619147 0.889459 1.380934 1.754537 2.228884 2.966599 2.355230 2.671758 3.298993 4.043588 5.053066 6.284511 6.697076 6.739282 6.641671 6.286907 6.783877 5.940383 5.005661 4.223558 3.645868 2.948265 2.465179 2.204182 1.864618 1.002544 1.033876 0.359786 0.113463 1.622879 1.638479 1.427053 -0.004815 0.637945 0.409383 0.405171 0.380595 0.334339 0.322102 0.376787 0.394132 0.379670 0.413199 0.450438 0.617699 -9999.0 -9999.0 -9999.0 -9999.0
0.072975 2.248009 1.908839 1.071007 0.513320 -0.024062 -0.023270 0.217641 0.140886 -0.017660 0.436436 1.076886 2.178772 2.024831 1.385148 1.010669 1.288424 2.023232 3.182701 4.476723 5.396380 2.484316 3.577361 4.303861 5.220484 5.733407 6.575254 6.966606 6.506082 7.283854 6.500347 5.590976 4.664863 3.815206 3.187920 2.586453 2.053535 1.479942 1.073709 0.309574 0.037769 -0.011738 -0.010046 0.366613 0.335107 0.315454 0.355783 0.399271 0.329844 0.338721 0.296930 0.222641 0.198992 0.280103 0.318235 0.333138 0.439863 -9999.0 -9999.0 -9999.0 -9999.0 -9999.0 -9999.0
0.001515 -0.001321 -0.005339 0.588433 0.073391 0.476135 0.921514 0.887221 0.835252 0.884957 1.008558 1.922569 2.888208 3.204373 3.336061 3.516395 3.704643 4.249741 4.757361 5.121961 2.916316 3.029231 3.983298 4.448238 4.984548 5.499449 6.594054 6.297051 6.524324 6.205946 6.280532 5.336540 4.498248 3.791010 3.205230 2.625309 2.017457 1.020105 0.092507 0.007221 0.333591 0.277500 0.220701 0.206473 0.210095 0.227337 0.256850 0.315584 0.273017 0.288216 0.269927 0.101319 0.105467 0.354735 -9999.0 -9999.0 -9999.0 -9999.0 -9999.0 -9999.0 -9999.0 -9999.0 -9999.0
-0.006089 -0.008763 -0.012270 -0.021642 0.013518 0.909741 1.789387 1.277218 1.192782 1.610587 2.392642 3.178647 3.603457 4.055523 1.905328 4.488083 4.736026 2.496736 2.741464 3.027384 3.512917 3.989673 4.465171 4.466071 4.517976 5.513194 7.070484 6.324878 6.342146 6.918235 6.086725 5.274395 4.581998 3.966116 3.336393 2.733982 2.081556 1.351057 0.217375 0.394764 0.424610 0.427026 0.357385 0.276413 0.278894 0.367041 0.387281 0.326203 0.261816 0.266638 0.225461 0.139668 -9999.0 -9999.0 -9999.0 -9999.0 -9999.0 -9999.0 -9999.0 -9999.0 -9999.0 -9999.0 -9999.0
-0.019477 -0.026586 -0.039581 -0.021250 0.674669 1.663269 2.380957 1.692460 1.672464 2.188904 3.119297 4.080382 4.734317 5.168080 2.218168 2.550229 5.792253 2.960780 3.216326 3.570358 3.977009 4.430335 4.862562 4.647624 4.165479 5.861291 7.308033 6.345908 7.247726 6.517343 5.686700 5.003752 4.405633 3.822435 2.872552 2.301039 2.144419 1.582977 1.046104 0.564278 0.164082 -0.011447 -0.010565 0.312538 0.312891 0.427435 0.344497 0.267217 0.230903 0.118910 -4.411043 0.019664 -9999.0 -9999.0 -9999.0 -9999.0 -9999.0 -9999.0 -9999.0 -9999.0 -9999.0 -9999.0 -9999.0
0.043311 -1.293136 -1.184120 -0.014164 1.085952 2.423522 2.885830 2.193026 2.481928 2.745193 3.415866 4.387616 1.385620 1.950510 2.438609 2.911913 3.218169 3.449354 3.781147 4.102236 4.477916 4.932651 5.332224 5.370668 4.547350 6.148723 7.491250 6.462493 6.980882 6.130536 5.175006 4.407899 3.102945 2.629683 2.209328 1.594953 3.070101 1.721259 1.338610 0.917797 0.216574 -0.013879 0.355875 0.274254 0.255754 0.260202 -0.001815 0.112101 0.023248 -0.871753 -0.145906 -0.106131 -9999.0 -9999.0 -9999.0 -9999.0 -9999.0 -9999.0 -9999.0 -9999.0 -9999.0 -9999.0 -9999.0
-2.228592 -2.588681 0.203953 0.467349 0.805079 2.672774 3.930911 3.444688 3.825980 3.673807 3.141537 3.486561 4.352840 1.612231 2.446143 3.152386 3.676273 4.013411 4.328707 4.607996 4.944993 5.374147 5.841136 6.197074 6.721972 6.552222 9.464249 7.369517 6.665692 5.789477 4.819645 3.890270 3.425117 2.131305 1.588031 2.114447 2.444453 0.565162 1.324460 0.813806 0.156931 0.004780 0.424071 0.337921 0.283146 -0.003305 -3.027557 -0.002024 0.022953 -9999.0 -9999.0 -9999.0 -9999.0 -9999.0 -9999.0 -9999.0 -9999.0 -9999.0 -9999.0 -9999.0 -9999.0 -9999.0 -9999.0
0.082300 -0.023100 0.450373 -0.019087 0.437505 1.674976 4.448630 4.891896 4.791603 4.988852 4.559182 3.912889 4.073419 5.002306 1.851918 3.104145 4.100569 4.523064 4.826127 5.106077 5.403257 5.697891 6.250308 7.892551 7.587889 7.236306 8.301069 6.955095 6.103878 5.296605 4.397081 3.459765 2.640483 1.345927 1.249637 1.621817 1.344732 1.760126 0.094780 0.105308 0.042488 -0.012043 0.499641 0.339203 0.278513 0.266737 -9999.0 -9999.0 -9999.0 -9999.0 -9999.0 -9999.0 -9999.0 -9999.0 -9999.0 -9999.0 -9999.0 -9999.0 -9999.0 -9999.0 -9999.0 -9999.0 -9999.0
0.340899 0.836523 0.789878 0.612995 0.573360 1.638298 4.203475 5.736501 5.896181 5.923576 5.821829 5.666003 5.456914 5.873900 1.504261 3.364749 4.506120 5.057331 5.348482 5.637725 5.878201 7.490197 7.663734 7.173444 7.478575 7.497949 7.152457 6.393789 5.423217 4.643554 3.357418 3.004460 2.017703 0.668750 0.452235 0.482762 0.628099 0.825286 1.114234 0.001546 1.330178 0.669708 0.407978 0.258690 0.268012 -9999.0 -9999.0 -9999.0 -9999.0 -9999.0 -9999.0 -9999.0 -9999.0 -9999.0 -9999.0 -9999.0 -9999.0 -9999.0 -9999.0 -9999.0 -9999.0 -9999.0 -9999.0
0.893160 1.235121 1.285002 1.659233 1.893271 1.686906 2.785940 4.977132 1.088203 2.226506 6.408632 6.530006 6.655220 7.093551 3.433649 3.591678 5.032628 7.555160 5.874750 6.163168 7.772997 7.843800 7.110078 7.077307 8.655953 7.305525 6.715765 5.893812 4.948954 4.142650 2.942977 2.328362 1.559784 0.834923 0.600119 0.429083 0.379248 0.406638 0.411664 0.440482 0.387342 0.364154 0.257029 0.112185 0.271984 -9999.0 -9999.0 -9999.0 -9999.0 -9999.0 -9999.0 -9999.0 -9999.0 -9999.0 -9999.0 -9999.0 -9999.0 -9999.0 -9999.0 -9999.0 -9999.0 -9999.0 -9999.0
0.845494 2.051543 2.591948 2.961072 3.431703 2.228286 0.697799 1.500626 4.196540 6.528738 3.148702 3.584036 3.839969 4.065915 4.634609 5.156569 5.813359 6.258070 6.517797 8.187717 6.899020 7.153605 6.623117 7.242478 7.199693 6.849069 6.273178 5.587381 5.731591 5.212337 3.210343 2.530449 2.456340 1.659103 1.001642 0.597489 0.393059 0.309965 0.287991 0.260297 0.252900 0.258681 0.028058 -9999.0 -9999.0 -9999.0 -9999.0 -9999.0 -9999.0 -9999.0 -9999.0 -9999.0 -9999.0 -9999.0 -9999.0 -9999.0 -9999.0 -9999.0 -9999.0 -9999.0 -9999.0 -9999.0 -9999.0
0.607114 2.373334 3.579844 4.303876 4.474609 4.484010 3.583584 2.433748 2.696253 4.247258 2.964521 4.151924 4.706980 4.988261 5.446657 5.979276 6.482179 6.860155 7.063519 7.113589 7.137548 7.096406 7.017708 6.742774 6.540798 6.157982 5.694005 5.336398 4.873414 5.968683 5.043832 4.205494 3.077257 1.967786 0.990821 0.596997 0.351724 0.211317 0.149134 0.071446 0.027803 0.089705 -9999.0 -9999.0 -9999.0 -9999.0 -9999.0 -9999.0 -9999.0 -9999.0 -9999.0 -9999.0 -9999.0 -9999.0 -9999.0 -9999.0 -9999.0 -9999.0 -9999.0 -9999.0 -9999.0 -9999.0 -9999.0
0.512853 2.300073 4.324460 5.279055 5.521881 5.361271 5.127353 5.048252 4.659227 4.282718 2.922896 4.400621 5.580681 6.034302 6.374574 6.657366 6.888164 6.957205 6.866991 6.668681 6.603657 6.458754 6.423277 6.063951 5.633587 5.191796 4.707240 4.523401 4.505041 3.998397 3.588527 2.986352 3.533093 2.435438 1.356240 0.619632 0.257497 0.009361 -1.591335 -4.005929 0.214623 -9999.0 -9999.0 -9999.0 -9999.0 -9999.0 -9999.0 -9999.0 -9999.0 -9999.0 -9999.0 -9999.0 -9999.0 -9999.0 -9999.0 -9999.0 -9999.0 -9999.0 -9999.0 -9999.0 -9999.0 -9999.0 -9999.0
0.804287 1.848288 4.538904 0.787746 1.742236 2.442220 2.866415 3.265440 3.633242 3.740973 3.990846 5.431829 6.389192 7.023423 7.298543 7.209015 6.769786 6.096064 5.724910 5.737491 5.720935 5.266467 5.404180 5.281556 4.722631 4.246892 3.664601 2.008663 3.659071 3.251602 3.531194 3.114014 2.437380 2.957598 1.831772 0.645998 -0.014941 -0.014162 -9999.0 -9999.0 -9999.0 -9999.0 -9999.0 -9999.0 -9999.0 -9999.0 -9999.0 -9999.0 -9999.0 -9999.0 -9999.0 -9999.0 -9999.0 -9999.0 -9999.0 -9999.0 -9999.0 -9999.0 -9999.0 -9999.0 -9999.0 -9999.0 -9999.0
1.424559 1.862535 3.512125 6.075113 1.893611 2.724428 3.247193 3.779703 4.242834 4.630107 5.087551 6.300835 7.126950 7.678482 7.728929 7.164542 5.857831 5.044736 4.457304 4.761160 5.122104 4.537027 4.257750 4.344214 3.890555 3.434939 2.259438 1.667522 1.817664 3.942197 3.134415 3.040685 2.468729 3.089137 1.887053 0.644122 0.484029 -9999.0 -9999.0 -9999.0 -9999.0 -9999.0 -9999.0 -9999.0 -9999.0 -9999.0 -9999.0 -9999.0 -9999.0 -9999.0 -9999.0 -9999.0 -9999.0 -9999.0 -9999.0 -9999.0 -9999.0 -9999.0 -9999.0 -9999.0 -9999.0 -9999.0 -9999.0
1.927965 2.335024 2.917299 3.986514 1.294505 2.756354 3.578757 4.357848 4.909656 5.357650 6.357333 7.050922 7.623089 7.784842 7.425165 5.390602 3.497862 4.184631 4.221482 4.137911 4.448591 4.016368 2.366873 3.372440 3.019180 2.303774 2.354563 2.237462 4.232047 4.760497 2.642089 2.911663 2.314176 1.504677 1.361443 0.623247 0.811675 -9999.0 -9999.0 -9999.0 -9999.0 -9999.0 -9999.0 -9999.0 -9999.0 -9999.0 -9999.0 -9999.0 -9999.0 -9999.0 -9999.0 -9999.0 -9999.0 -9999.0 -9999.0 -9999.0 -9999.0 -9999.0 -9999.0 -9999.0 -9999.0 -9999.0 -9999.0
2.887301 3.299685 3.975358 3.572973 3.402589 1.570568 3.096749 4.467118 5.426404 6.459276 7.095484 7.663017 8.009772 7.858546 6.500828 4.732440 3.142451 3.261869 3.687806 3.642991 2.964494 2.847708 2.343410 1.946102 1.861432 2.182446 3.794454 4.248936 4.138602 3.702025 2.215219 2.670089 2.152469 1.454316 1.283292 0.672065 0.993727 -9999.0 -9999.0 -9999.0 -9999.0 -9999.0 -9999.0 -9999.0 -9999.0 -9999.0 -9999.0 -9999.0 -9999.0 -9999.0 -9999.0 -9999.0 -9999.0 -9999.0 -9999.0 -9999.0 -9999.0 -9999.0 -9999.0 -9999.0 -9999.0 -9999.0 -9999.0
3.670574 4.428973 4.849433 4.793742 3.828892 3.209647 4.076293 4.165702 5.480823 7.050214 7.769965 8.250673 8.389147 7.943081 4.607888 5.201001 3.961423 3.024045 2.943284 1.623594 2.326621 2.541153 2.114763 1.577022 2.015750 2.829207 3.153814 3.282679 3.311845 1.345749 1.972539 2.155611 1.829542 1.317342 1.088391 0.659317 -9999.0 -9999.0 -9999.0 -9999.0 -9999.0 -9999.0 -9999.0 -9999.0 -9999.0 -9999.0 -9999.0 -9999.0 -9999.0 -9999.0 -9999.0 -9999.0 -9999.0 -9999.0 -9999.0 -9999.0 -9999.0 -9999.0 -9999.0 -9999.0 -9999.0 -9999.0 -9999.0
4.054641 5.139564 5.493577 5.318497 4.996990 4.309812 4.081080 5.148236 6.365979 7.452786 8.197533 8.518807 7.329507 5.899575 4.897687 3.959281 2.845822 2.314504 1.447713 1.331846 1.242183 1.636645 1.721184 1.022411 0.594077 0.484258 0.780508 1.593262 1.270088 1.047721 2.006098 1.842273 0.816091 0.600463 0.541901 0.727307 -9999.0 -9999.0 -9999.0 -9999.0 -9999.0 -9999.0 -9999.0 -9999.0 -9999.0 -9999.0 -9999.0 -9999.0 -9999.0 -9999.0 -9999.0 -9999.0 -9999.0 -9999.0 -9999.0 -9999.0 -9999.0 -9999.0 -9999.0 -9999.0 -9999.0 -9999.0 -9999.0
4.531581 5.672767 6.205160 5.653112 5.081137 4.985886 4.758563 4.786075 5.907651 7.713114 8.351283 7.203553 5.668140 3.499624 -0.007524 2.295135 2.602114 1.772293 0.352615 1.107558 0.564399 0.455666 0.396347 0.305245 0.186240 0.196375 0.251531 0.408849 1.053075 1.470448 1.266121 0.550764 0.324929 0.326417 0.612675 -9999.0 -9999.0 -9999.0 -9999.0 -9999.0 -9999.0 -9999.0 -9999.0 -9999.0 -9999.0 -9999.0 -9999.0 -9999.0 -9999.0 -9999.0 -9999.0 -9999.0 -9999.0 -9999.0 -9999.0 -9999.0 -9999.0 -9999.0 -9999.0 -9999.0 -9999.0 -9999.0 -9999.0
5.007441 6.120762 2.547483 6.216314 5.294710 5.306910 4.446248 4.995874 5.908062 6.877920 8.290459 6.528452 5.433885 0.486107 2.256677 3.191133 3.053756 2.214243 2.078253 2.755887 1.889520 0.781121 0.406847 0.171148 -0.002990 -0.003071 0.100558 0.210569 0.399589 0.700373 0.656122 0.358082 0.165625 0.093048 0.695530 -9999.0 -9999.0 -9999.0 -9999.0 -9999.0 -9999.0 -9999.0 -9999.0 -9999.0 -9999.0 -9999.0 -9999.0 -9999.0 -9999.0 -9999.0 -9999.0 -9999.0 -9999.0 -9999.0 -9999.0 -9999.0 -9999.0 -9999.0 -9999.0 -9999.0 -9999.0 -9999.0 -9999.0
1.898607 2.443415 2.724070 6.873703 5.842937 5.489612 4.547853 5.076819 6.589753 7.551948 8.025080 7.559661 6.599672 5.993734 5.071432 3.237271 3.306769 3.403481 5.253421 4.218694 3.170154 1.677923 0.476969 0.195228 -0.005763 -1.360574 -1.876922 0.164319 0.316593 0.351145 0.293686 0.206715 0.001568 -9999.0 -9999.0 -9999.0 -9999.0 -9999.0 -9999.0 -9999.0 -9999.0 -9999.0 -9999.0 -9999.0 -9999.0 -9999.0 -9999.0 -9999.0 -9999.0 -9999.0 -9999.0 -9999.0 -9999.0 -9999.0 -9999.0 -9999.0 -9999.0 -9999.0 -9999.0 -9999.0 -9999.0 -9999.0 -9999.0
4.738433 2.570025 2.888102 3.528855 6.701266 6.055642 4.707576 5.313649 6.641888 7.408900 7.709921 7.408436 6.893976 6.153388 5.185815 4.080556 3.805869 5.930700 4.924547 3.416445 2.081706 0.618379 0.044704 -0.021114 -0.023183 -0.026298 -0.019661 -0.014558 0.269438 0.176149 0.065604 0.060193 0.047379 -9999.0 -9999.0 -9999.0 -9999.0 -9999.0 -9999.0 -9999.0 -9999.0 -9999.0 -9999.0 -9999.0 -9999.0 -9999.0 -9999.0 -9999.0 -9999.0 -9999.0 -9999.0 -9999.0 -9999.0 -9999.0 -9999.0 -9999.0 -9999.0 -9999.0 -9999.0 -9999.0 -9999.0 -9999.0 -9999.0
3.814130 2.402621 2.967425 3.497463 4.279234 4.621347 4.902280 5.884986 6.750374 7.389953 7.542920 9.560390 6.703116 5.934339 5.022599 4.219878 3.782339 5.898482 4.129447 2.418278 1.102054 0.510747 0.579224 0.557435 -0.009398 -0.024774 -0.017256 -0.026505 0.113335 -1.909845 -1.584598 -0.004577 -9999.0 -9999.0 -9999.0 -9999.0 -9999.0 -9999.0 -9999.0 -9999.0 -9999.0 -9999.0 -9999.0 -9999.0 -9999.0 -9999.0 -9999.0 -9999.0 -9999.0 -9999.0 -9999.0 -9999.0 -9999.0 -9999.0 -9999.0 -9999.0 -9999.0 -9999.0 -9999.0 -9999.0 -9999.0 -9999.0 -9999.0
4.214357 2.474997 2.942178 3.437435 4.268773 4.814560 5.105602 5.979523 6.738887 7.264237 9.627842 9.624128 6.141534 5.392808 4.646159 4.074862 3.612686 5.569747 3.671229 1.814810 1.240169 0.991008 0.896883 0.645609 0.256501 -0.015573 -0.013877 -0.977071 -0.698215 -0.692013 -0.797806 -9999.0 -9999.0 -9999.0 -9999.0 -9999.0 -9999.0 -9999.0 -9999.0 -9999.0 -9999.0 -9999.0 -9999.0 -9999.0 -9999.0 -9999.0 -9999.0 -9999.0 -9999.0 -9999.0 -9999.0 -9999.0 -9999.0 -9999.0 -9999.0 -9999.0 -9999.0 -9999.0 -9999.0 -9999.0 -9999.0 -9999.0 -9999.0
2.645277 2.792247 3.041457 3.505137 4.063053 4.828787 5.513833 6.092830 6.662032 8.944485 9.581108 8.951371 4.991625 4.559286 4.419823 4.022254 3.785192 3.355354 2.708671 1.971647 1.799182 1.515847 0.944856 0.551778 0.251834 -0.006368 -2.483289 -0.805819 -0.658621 -0.635982 -9999.0 -9999.0 -9999.0 -9999.0 -9999.0 -9999.0 -9999.0 -9999.0 -9999.0 -9999.0 -9999.0 -9999.0 -9999.0 -9999.0 -9999.0 -9999.0 -9999.0 -9999.0 -9999.0 -9999.0 -9999.0 -9999.0 -9999.0 -9999.0 -9999.0 -9999.0 -9999.0 -9999.0 -9999.0 -9999.0 -9999.0 -9999.0 -9999.0
3.055514 3.211499 3.211877 3.776530 4.281478 4.459463 5.446566 6.029035 6.368555 5.574241 9.237029 4.581506 4.126803 4.129170 3.750124 3.714545 3.483897 3.298404 2.764295 2.707740 2.068529 1.704278 0.974716 0.428568 -0.011972 -3.893097 -1.730557 -0.856192 -9999.0 -9999.0 -9999.0 -9999.0 -9999.0 -9999.0 -9999.0 -9999.0 -9999.0 -9999.0 -9999.0 -9999.0 -9999.0 -9999.0 -9999.0 -9999.0 -9999.0 -9999.0 -9999.0 -9999.0 -9999.0 -9999.0 -9999.0 -9999.0 -9999.0 -9999.0 -9999.0 -9999.0 -9999.0 -9999.0 -9999.0 -9999.0 -9999.0 -9999.0 -9999.0
3.360963 3.658864 3.815344 4.120611 4.582166 4.632037 5.096923 5.683314 6.339057 9.873847 4.935137 4.383659 3.877936 2.276368 2.069550 2.313086 4.216340 2.687589 3.006815 2.409840 2.087275 1.742397 0.990856 0.411053 0.062805 -0.006089 -0.004300 -9999.0 -9999.0 -9999.0 -9999.0 -9999.0 -9999.0 -9999.0 -9999.0 -9999.0 -9999.0 -9999.0 -9999.0 -9999.0 -9999.0 -9999.0 -9999.0 -9999.0 -9999.0 -9999.0 -9999.0 -9999.0 -9999.0 -9999.0 -9999.0 -9999.0 -9999.0 -9999.0 -9999.0 -9999.0 -9999.0 -9999.0 -9999.0 -9999.0 -9999.0 -9999.0 -9999.0
