geotop_simulations/templates/TEST_Venosta_3D_034_template/rec/SoilTemperature0000L0003.old.asc
ncols         252
nrows         194
xllcorner     598250.000000
yllcorner     5144500.000000
cellsize      250.000000
NODATA_value  -9999.0
[rows 112 to 139 of 194, columns 126 to 188 of 252]
7.938446 7.778661 7.589352 7.422780 7.218736 6.961824 6.665074 6.362024 7.173867 6.882642 5.432561 5.059153 4.675251 4.221734 3.704111 3.078792 2.399042 1.997189 1.661505 1.322588 1.018045 0.771128 5.153375 0.391944 0.335134 0.288970 4.723974 0.404359 0.571925 0.735676 0.921599 1.186291 1.489754 1.789973 2.275871 2.574517 2.880843 6.868213 7.226936 3.199654 3.412503 3.569847 3.706922 3.930523 6.447853 6.692701 6.818258 6.900052 7.051262 7.152909 7.284206 7.424421 8.892429 8.816568 5.624987 4.519814 4.511807 4.510857 4.496425 4.485651 4.490674 4.522420 4.521772
4.298358 4.223438 7.845488 7.659036 7.427774 7.161225 6.872267 6.568222 7.342348 7.050192 5.620300 5.239759 4.846372 4.366701 3.854543 3.246529 2.465255 2.057858 1.737952 1.430550 1.190439 0.891478 5.206880 0.508068 0.385790 0.332191 0.339187 0.395842 0.552655 0.725967 0.929480 1.167019 1.439726 1.714911 1.982179 2.236107 5.196219 5.378792 3.061203 3.319839 3.554738 3.744282 3.887468 4.025933 4.141831 4.224621 4.327740 4.429953 4.476126 4.525477 4.595083 6.821833 6.841905 4.662997 4.610150 4.568647 4.539911 7.220708 7.502182 7.388814 7.160603 6.939645 6.788885
6.074360 4.331960 5.896726 10.179764 7.577103 7.336161 7.076337 6.779830 6.476169 6.180806 5.847873 5.452906 5.012449 4.559666 4.069366 3.435175 2.583248 2.189423 1.971910 1.628565 1.271992 0.948819 4.942126 0.605477 0.563458 0.554978 0.574601 0.672358 0.802242 0.837283 1.033727 1.287258 1.554574 1.833212 2.097607 2.346228 2.573492 2.892602 3.170104 3.411261 3.635253 3.823644 3.989981 4.139757 4.264340 4.366474 4.461200 4.546211 4.618631 4.679501 6.842776 6.849007 6.779764 4.651670 4.590121 4.544121 7.646387 7.503338 7.410288 7.234432 6.970567 6.758313 6.554899
6.136476 6.067594 5.990282 5.890147 8.726696 7.472228 7.224659 6.966041 6.659771 6.346034 6.037059 5.628496 5.196949 2.962373 2.759812 2.493575 2.751194 2.371697 2.034495 1.645365 1.274335 0.947134 0.675510 0.496763 0.412708 0.459945 0.512779 0.627047 0.829290 1.068003 1.332981 1.628238 1.648623 1.918439 2.184677 2.439468 2.694280 2.997825 3.256974 3.480065 3.683476 3.864533 4.043532 4.186906 6.493285 6.578665 6.643765 4.612256 4.674540 4.728155 6.858555 4.745970 4.665393 4.600819 6.247867 7.724379 7.572559 7.411909 7.267569 7.070894 6.792275 6.539903 6.290615
4.449749 6.083848 6.055302 6.019114 4.184466 4.137765 7.360359 7.118700 6.812093 6.057478 3.535410 3.376291 3.178949 2.984208 3.476929 3.138758 2.768739 3.414753 2.001238 1.601347 1.202166 0.861820 0.590355 0.418095 0.242587 0.260622 0.321259 0.373801 0.647064 0.959305 1.277468 1.634581 1.973396 1.958049 2.221948 2.481927 2.793998 3.077263 3.319561 3.530265 3.712276 3.881601 4.069169 4.213037 4.339425 4.445046 4.532495 4.607258 4.681119 4.736313 4.753331 6.732304 4.615992 4.562754 7.762999 7.630388 7.449183 7.262502 7.095630 6.877860 6.535919 6.090867 5.686854
4.368694 4.319286 4.288003 4.265524 5.979266 4.122907 4.043794 3.920757 3.812704 3.672613 3.475883 5.623076 5.355914 4.616868 5.248825 4.619684 3.669317 3.247758 1.915545 1.534833 2.127637 1.798914 1.586825 1.446414 0.078768 0.172841 0.187916 0.181519 0.480253 0.745760 1.045173 1.491434 1.876174 2.266520 2.630264 3.007902 2.825887 3.108890 3.350205 3.554568 3.730586 3.909288 4.092311 4.221814 4.334247 4.411223 4.469030 4.557005 4.649775 4.692471 4.700036 6.651747 4.567918 7.831070 7.712365 7.538325 7.339435 7.133582 6.920865 6.675143 6.284388 6.849294 6.341864
7.835734 6.758923 7.708863 7.479499 7.313720 9.682893 6.983382 6.799214 6.477664 6.165712 5.789490 6.448876 6.025724 5.397422 3.776525 3.553473 3.871465 3.019801 1.798290 1.458043 1.932864 1.594798 0.446545 0.294612 0.208666 0.189691 0.171331 0.122930 0.143914 0.583171 0.852414 1.223978 1.666069 2.097725 2.443696 2.891587 3.346168 4.161574 4.859022 3.560134 3.746951 3.930245 4.085428 4.213614 4.300097 4.328499 4.374754 4.464877 4.541964 4.542115 4.532300 5.596173 7.836282 7.761513 7.647518 7.459020 7.233519 6.993720 6.720634 6.507178 6.147985 6.483573 5.819807
8.134162 8.241421 8.200913 6.968922 7.606689 7.379924 7.232146 7.120178 6.923909 6.640789 6.330476 4.947382 4.551350 3.899914 3.380732 4.210790 3.546006 1.649973 1.680779 2.243646 1.778824 0.528552 1.178422 1.069506 1.007685 1.004138 0.193242 0.219903 1.422780 1.658886 1.948275 2.284259 2.737059 3.141562 3.513235 3.984372 3.073233 3.845159 4.787609 5.439860 4.684704 6.402304 5.436923 6.433757 6.882186 6.839612 6.909601 6.844070 6.905737 8.343347 8.293253 8.235471 8.320916 8.358740 7.502778 7.241550 6.834241 7.498039 7.343093 6.276103 6.058027 6.202663 5.363787
7.420925 7.746324 7.857202 6.903531 6.319795 5.884373 6.541047 6.400163 6.210962 5.944531 5.679361 5.427221 5.038843 4.516087 3.968822 3.788112 2.168915 1.345856 1.519299 1.416938 1.765904 1.227738 0.973556 0.875848 0.833648 0.847074 0.192945 0.219682 0.312833 1.420365 1.690427 2.004768 2.448577 2.849824 3.199463 3.733515 4.168520 4.876481 5.951375 5.375056 4.660751 6.455226 6.504730 7.459019 7.554495 6.333631 7.696155 6.529302 7.618957 7.819110 7.758839 7.565441 7.615049 7.849383 7.181272 7.851645 7.397203 6.970445 6.868396 6.856298 6.648401 6.032495 5.168377
6.629206 7.241672 7.510021 6.855075 6.452481 5.929299 5.408217 5.714384 5.474911 5.206159 4.968142 4.786384 4.458118 3.242146 3.516629 2.642221 1.915880 2.267060 1.292559 1.370329 1.867035 1.205763 0.840654 0.713412 0.676470 1.062768 1.111817 0.895124 1.285935 1.227496 1.478790 1.784122 2.192865 2.569305 2.973102 3.492289 3.679619 4.340009 5.583967 6.548725 5.834300 6.322001 6.375188 7.134482 7.020096 7.006356 7.025183 7.337056 7.240565 7.146146 7.141180 6.893103 6.949603 7.226769 7.613130 7.543865 7.085445 6.534760 6.256005 6.311037 6.341624 5.889970 5.123871
5.867209 6.753517 7.133208 6.696783 5.948914 5.456159 5.339564 5.017243 4.770573 4.496149 4.274481 4.088501 3.790391 3.535636 3.061865 2.979984 2.504382 2.057779 2.115759 2.116499 1.912101 1.261990 0.815617 0.658429 0.611641 0.640842 0.715549 0.815929 1.300311 1.114268 1.334373 1.593147 1.955912 2.333570 2.784071 3.175557 3.375089 4.140317 5.072836 6.192615 6.947032 6.005432 6.973125 6.645519 6.399529 6.299560 6.208189 6.668503 6.842533 6.590010 6.489416 6.201908 6.373406 6.574209 6.719559 7.114484 6.712346 6.146400 5.686514 5.628897 5.979926 5.773564 5.139020
5.056772 6.492481 6.766795 6.264900 5.409270 5.180576 4.782062 4.359108 4.065085 3.826024 3.625165 3.407513 3.074609 3.075960 2.761741 2.671656 2.214863 1.855227 1.935746 1.997296 1.904039 1.329406 0.837799 0.671290 0.635036 0.658314 0.719602 1.318882 1.334234 1.017073 1.168371 1.392844 1.741563 2.151717 2.460046 2.803867 3.220765 4.032972 4.647296 4.018050 5.565520 5.821469 6.569971 6.099242 5.758837 5.664145 5.440811 5.748828 6.259451 6.075188 5.872344 5.675241 5.879947 5.975272 5.832323 6.601405 6.322650 5.808746 5.280303 4.941290 5.426173 5.585700 5.049545
4.135063 6.330987 6.366821 5.740461 5.105853 4.628074 4.215623 3.767853 3.350370 3.113943 3.056286 2.835301 2.299964 2.640265 2.508131 2.407475 1.972657 1.653229 1.720354 1.809031 1.833872 1.360237 0.896518 0.702878 0.663383 0.680550 1.283778 1.273937 1.353200 0.937922 1.023853 1.198377 1.649412 1.955314 2.214618 2.621089 3.134143 3.686433 2.005321 3.960974 5.449422 6.644991 6.096258 5.528333 5.116587 4.973946 4.793932 4.942425 5.628676 5.579450 5.327288 5.108966 5.336315 5.473015 5.117195 6.043798 5.864969 5.400374 4.910379 4.319229 4.659942 4.711259 4.973195
4.424667 6.007690 5.920833 5.197148 4.535058 4.065544 3.625429 3.164480 2.748232 2.479594 2.476474 2.287034 1.629105 2.058513 2.226614 2.127512 1.586462 1.371326 1.443846 1.486815 1.482260 1.380603 0.891287 0.647220 0.605756 0.626879 0.660310 0.719810 0.788694 0.984492 1.112729 1.234475 1.442597 1.760103 2.116141 2.525633 2.874268 0.912443 0.949701 4.518010 5.399019 6.280901 5.551464 4.912336 4.473060 4.239316 4.089481 4.245114 4.828238 5.033416 4.849604 4.473263 4.554991 4.816258 4.573035 5.335724 5.305562 4.895184 4.435836 3.850874 3.814712 3.704814 4.171963
4.442532 5.638739 5.418252 4.630609 3.918333 3.497043 3.042031 2.635590 2.309360 2.073593 2.082941 1.894576 1.264543 1.685877 1.981001 1.853421 1.306867 1.041672 1.068752 1.097638 1.142758 0.916889 0.606211 0.440873 0.435542 0.508627 0.614039 0.749990 0.915909 1.098447 1.204592 1.255601 1.381572 1.747519 2.171970 2.342591 1.164455 0.479145 1.899681 4.891946 6.522140 5.913744 5.051341 4.316899 3.855954 3.550179 3.393868 3.481591 3.801651 4.309144 4.338378 4.038352 3.860406 4.112203 4.134606 4.720643 4.782822 4.424474 3.954231 3.514031 3.182733 3.014022 3.187241
3.321504 4.577981 4.904386 4.035172 3.261192 2.874589 2.487801 2.166234 1.850058 1.762768 1.725434 1.536215 1.024875 1.344715 1.301040 1.560179 0.997804 0.753081 0.749211 0.769020 0.656471 0.337494 0.134433 0.134416 0.177142 0.345329 0.569894 0.808714 0.972232 1.111073 1.169116 1.252717 1.478359 1.886179 2.265709 1.130509 0.495064 0.456417 3.846251 5.277422 6.356750 5.591528 4.665920 3.830678 3.283251 2.999370 2.866493 2.936803 3.053236 3.446285 3.704754 3.615326 3.422197 3.576748 3.645935 4.190124 4.307209 3.984287 3.522218 3.122552 2.740591 2.567397 2.589304
4.597581 4.287530 4.351153 3.375972 2.647510 2.157035 1.823071 1.555521 1.368719 1.345048 1.331313 1.228921 0.899538 1.185604 0.984336 1.101367 0.661627 0.363963 0.209416 0.105451 0.007357 -0.003223 -0.003631 0.000541 0.084632 0.160331 0.435660 0.729929 0.921185 1.109144 1.303102 1.566194 1.900908 2.101023 2.451771 1.024671 0.179020 1.900712 4.855464 5.371209 6.120606 5.271818 4.352939 3.506173 2.877567 2.547939 2.444874 2.471485 2.566123 2.733950 2.964370 2.997149 2.998308 3.166533 3.156502 3.734351 3.811411 3.448809 2.939487 2.479291 2.035168 2.010619 2.033515
4.699339 4.064729 3.883167 2.803270 1.899350 1.398374 1.102835 0.780111 0.634971 0.744009 0.795823 0.594264 0.387789 0.644677 0.884537 0.345696 0.011186 0.003424 -0.002525 -0.006818 -0.008065 -0.009170 -0.008305 -0.007458 -0.001596 0.105136 0.209761 0.638356 0.987664 1.403395 1.831829 2.349644 2.507626 2.294081 1.807069 0.988394 0.627709 3.845043 5.442196 5.477100 5.940014 4.989636 4.067886 3.246564 2.587986 2.163394 1.942041 1.982340 2.082923 2.156899 2.246745 2.272186 2.399522 2.637030 2.655751 3.262414 3.467001 3.145094 2.629704 1.700440 1.551343 1.464686 1.466590
4.636349 3.793436 3.566449 2.472854 2.402080 1.328477 0.210516 0.238133 1.797300 0.130273 0.274054 0.292791 0.292620 0.325213 0.576858 0.026394 -0.005191 1.085855 1.018045 -0.009300 1.020794 1.383383 1.994422 2.347457 2.475673 2.623078 0.735012 1.114120 1.541287 1.837748 2.319574 2.581529 2.889203 3.052312 2.562852 1.593238 3.750086 2.793136 5.663752 5.668757 5.933454 4.999091 4.047203 3.174320 2.509195 2.009434 1.614893 1.401108 1.167962 1.598323 1.075015 1.690348 1.799068 2.109296 2.126653 2.703111 3.041527 2.791529 2.374132 1.962615 0.974783 1.020348 0.972120
3.662055 3.611003 3.338131 4.011799 2.896667 1.386793 1.004825 0.957206 0.820062 1.016152 2.014893 0.239906 0.213442 0.206591 0.122707 -0.006114 -0.006987 -0.008831 0.888292 1.526079 2.851609 3.565238 1.100811 1.237545 1.431451 1.608735 1.790075 2.059100 2.312655 2.272332 2.305065 3.489785 4.059335 3.742227 3.793453 3.870191 4.569104 5.442248 5.646749 5.551032 5.276869 4.635390 4.315591 3.456384 2.734464 2.136804 1.592513 0.873414 1.879050 0.729580 1.011966 0.814094 1.477593 1.622734 1.531595 2.102989 2.105339 1.842322 1.914552 1.603312 0.948570 0.646560 0.430910
3.446764 4.060229 3.138359 1.910434 1.723937 1.053841 0.950115 0.642497 0.505960 0.664301 1.161622 0.124650 1.726613 1.456276 1.001955 -0.007082 -0.009383 0.038629 1.788725 3.239607 0.985872 1.185903 1.441960 1.585270 1.884919 2.151797 2.283713 2.469730 2.858442 3.161080 3.655934 4.451142 6.097680 6.445332 4.793976 4.834525 5.136513 5.389680 5.321904 6.156870 5.828559 4.762228 4.643689 3.833781 3.050263 2.380285 1.722009 1.049926 0.451183 1.342951 0.420827 0.540198 0.687616 0.631478 1.089965 1.506173 1.805826 2.071440 1.484351 1.376214 1.010400 0.294534 0.115535
3.322059 3.115139 3.021919 1.860805 1.517112 0.980325 0.529236 0.108458 0.026271 0.440669 0.909877 1.119294 0.913079 0.853359 0.876264 -0.010206 1.202705 2.128175 3.297135 3.945491 0.884823 1.031125 1.554486 1.982457 2.503101 2.840097 2.951605 3.338837 3.786640 5.827313 6.117876 6.522719 4.612365 5.141921 5.327836 5.067478 5.134345 5.205866 6.077938 5.583666 5.279069 5.247160 4.894770 4.189326 3.427121 2.682716 1.981365 1.279276 0.971448 1.708614 1.492541 1.702660 0.385590 0.415789 0.755087 1.101290 1.929163 1.468531 1.500006 0.899227 0.419004 0.370553 0.005862
3.123473 3.580163 2.845146 1.351644 3.648876 2.387047 1.253578 0.726981 0.779894 1.430263 1.616480 1.296458 0.924809 0.987419 0.933883 0.903597 1.877619 2.879374 3.566209 0.850438 1.070991 1.057628 1.412683 2.217960 3.064132 3.569909 4.155931 4.363487 6.267835 6.440768 6.839637 5.149870 4.395781 2.664061 5.969588 6.504282 6.212248 5.927760 5.550289 5.046666 4.454661 4.636831 4.477217 3.970072 3.238112 2.546834 2.273775 1.532068 1.264608 1.124269 2.577422 1.520642 0.328151 2.819922 3.689126 3.892707 0.929832 1.604471 0.515601 0.138826 0.005101 0.251182 2.039472
2.923065 3.271358 2.246942 3.960462 3.881961 3.139735 1.955204 1.933146 1.896642 1.639312 1.495127 1.130086 0.935438 0.774894 0.668810 1.535737 2.560102 3.183883 0.550740 0.943775 1.310072 1.395246 1.426571 2.790443 3.847773 6.072876 6.476716 6.731141 6.925073 7.053341 5.379769 5.793565 2.615883 5.722085 5.855168 6.255285 5.984659 5.551733 5.052578 4.547482 3.796097 3.890495 4.181638 3.679456 3.166951 2.308537 2.010013 1.018553 1.152700 1.355413 1.053534 0.615713 1.810296 1.789253 2.624148 0.231774 0.231605 0.450166 0.387910 -0.001357 -0.006317 1.176109 1.320105
2.686148 1.768008 0.890288 0.006432 1.776817 1.213603 1.031162 1.026832 0.900881 0.738325 0.711094 0.867875 1.136498 1.554177 1.858430 2.679292 3.508212 4.169843 4.772903 1.552455 2.008876 2.221057 2.789885 3.048437 3.913517 4.929798 6.769713 7.213723 7.357552 7.366213 5.919117 5.902369 5.974144 6.493450 6.056923 5.566188 5.524282 5.339256 4.806898 4.211249 3.386595 3.289773 3.469435 3.322919 2.622067 1.728868 1.616627 0.866807 0.348168 0.013759 0.456162 0.457432 0.358486 1.299277 1.726064 2.605270 0.218976 0.285823 0.348160 0.304699 1.539709 1.417820 1.415661
3.073867 1.607839 0.018824 -0.008701 0.440409 0.478274 0.484242 0.465018 0.422674 0.511505 0.824167 1.314314 2.357039 3.187021 3.666522 4.082292 4.648183 5.401145 1.688430 2.147548 2.600119 3.035027 3.581571 3.811903 4.370450 5.225322 6.702641 7.285264 7.480093 7.496028 6.196973 6.167656 6.499712 5.997581 5.494384 4.767382 4.529392 4.779226 4.543892 3.981591 3.162236 2.700946 2.749631 2.487021 1.614804 1.576178 0.641584 0.656476 0.255716 0.176482 1.228212 0.174713 0.301450 1.928811 2.447553 2.734680 2.341827 0.191404 0.225377 0.279446 1.733819 -9999.0 -9999.0
1.095013 0.094893 -0.006418 -0.021546 0.070390 -3.841333 -3.918729 -0.877292 -1.848534 0.639777 1.108732 1.508693 2.771576 3.608677 4.098791 4.592400 1.147312 1.324131 1.573374 2.005993 2.375781 2.825507 3.923747 3.742786 6.453292 6.688551 6.821739 7.314756 7.577996 7.286391 6.451844 5.650539 6.046005 5.423515 4.858932 4.141881 3.686898 3.770710 3.896275 3.669232 3.006544 1.663158 2.182323 1.025322 1.601562 0.849648 0.266518 0.108449 0.004728 0.847712 1.006754 1.148262 0.052305 1.468285 2.081363 1.876239 1.526101 0.138567 0.162564 0.249153 2.088496 -9999.0 -9999.0
0.800200 1.150096 0.769183 0.591426 0.173015 -1.053862 -0.760747 -0.825640 -2.853112 0.924856 1.359422 1.497637 1.623612 2.455945 3.321320 3.806054 4.152112 4.333291 4.037458 1.160977 1.358459 2.654497 3.363611 4.021858 5.054548 6.780959 7.145820 7.243224 7.329323 6.451540 7.066277 6.326596 5.533309 4.863165 4.258171 3.520911 3.128204 2.954611 2.790760 3.145023 1.956077 0.976296 0.600915 0.917562 0.414730 0.327221 0.195061 0.023444 0.004261 0.976967 1.042586 1.011681 0.933321 1.033622 1.123748 1.049818 1.120004 1.307432 0.197003 2.011207 -9999.0 -9999.0 -9999.0
