geotop_simulations/templates/TEST_Venosta_3D_034_template/rec/SoilTemperature0000L0001.old.asc
ncols         252
nrows         194
xllcorner     598250.000000
yllcorner     5144500.000000
cellsize      250.000000
NODATA_value  -9999.0
[rows 140 to 167 of 194, columns 124 to 185 of 252]
2.672568 1.173662 0.388790 0.764011 0.003363 -0.066753 -0.016979 -0.007618 -0.679359 -0.019623 -0.007597 -0.023687 -0.045448 0.060297 0.099647 -0.028462 -0.029370 0.155118 0.644180 1.032844 1.509355 2.227177 2.230856 2.525406 3.143841 3.884556 4.913212 5.642000 6.056215 6.136326 6.119537 6.113075 6.718511 5.877393 4.941756 4.159070 3.578820 2.874100 2.398529 2.134813 1.786898 0.851756 0.889319 0.207812 -0.026044 0.911394 0.941541 0.850170 -0.006089 0.016106 -0.009182 -0.007058 -0.005077 -0.005448 -0.006602 -0.009406 -0.007586 -0.008829 -0.010975 -0.016029 -0.032872 -9999.0
1.465525 0.540886 -0.025692 1.419532 1.028102 0.182067 -0.256422 -0.884438 -0.954533 -0.689329 -0.728245 -0.814936 -0.200535 0.162505 1.223388 1.113696 0.558212 0.227939 0.517779 1.230848 2.332415 3.568696 4.476933 2.169699 3.422534 4.156377 5.079869 5.594107 5.952860 6.382019 6.297851 7.214758 6.438608 5.529817 4.601849 3.749880 3.117736 2.510420 1.980682 1.403256 0.999047 0.166796 -0.020421 -0.030144 -0.027696 -0.011886 -0.009743 -0.004018 -0.002195 -0.005084 -0.007752 -0.006529 -0.004855 -0.004874 -0.006234 -0.007488 -0.008673 -0.010038 -0.013145 -9999.0 -9999.0 -9999.0
0.303788 -0.016662 -0.014488 -0.013567 -0.013702 -0.036532 -0.609614 -0.369160 -0.037034 -0.043870 -0.052418 -0.034348 0.045514 0.964996 1.891038 2.198878 2.334934 2.519400 2.724625 3.267328 3.782211 4.171014 2.609069 2.731984 3.844238 4.306788 4.832928 5.337882 5.976053 6.064030 6.333287 6.052444 6.220899 5.275347 4.430222 3.705673 3.109601 2.531788 1.927461 0.826278 -0.026945 -0.016001 -0.024215 -0.020008 -0.015043 -0.012651 -0.010114 -0.007634 -0.002625 -0.003312 -0.005849 -0.004795 -0.003865 -0.007796 -0.009115 -0.006555 -9999.0 -9999.0 -9999.0 -9999.0 -9999.0 -9999.0
-0.017024 -0.008276 -0.009042 -0.022557 -0.077031 -0.209597 -0.465971 -0.032339 0.734549 0.251943 0.166619 0.573655 1.354918 2.156642 2.593212 3.033816 1.579173 3.453040 3.711616 2.164310 2.416712 2.711481 3.362047 3.842741 4.324380 4.304336 4.332561 5.340678 6.943120 6.120481 6.177840 6.858146 6.017426 5.192496 4.481914 3.850747 3.082223 2.501719 1.859257 1.146897 0.040627 -0.068365 -0.068071 -0.050823 -0.032772 -0.017231 -0.011162 -0.007527 -0.001621 -0.002512 -0.003949 -0.004110 -0.004860 -0.006863 -9999.0 -9999.0 -9999.0 -9999.0 -9999.0 -9999.0 -9999.0 -9999.0
-0.015188 -0.029841 -0.025865 -0.057985 -0.093837 -0.224055 -0.070955 0.661459 1.341165 0.700682 0.661928 1.152373 2.068641 3.032257 3.690590 4.124862 1.878529 2.211860 4.754569 2.622979 2.883756 3.411588 3.821538 4.284408 4.722733 4.483068 3.971303 5.700344 7.194813 6.166580 7.186593 6.460113 5.616944 4.917751 4.307309 3.724817 2.683602 2.109387 1.921906 1.369998 0.827583 0.325757 -0.034461 -0.083547 -0.050894 -0.019593 -0.012394 -0.003789 -0.002364 -0.003366 -0.004467 -0.007582 -4.629369 -0.017806 -9999.0 -9999.0 -9999.0 -9999.0 -9999.0 -9999.0 -9999.0 -9999.0
-0.009173 -0.006013 -0.011225 -1.332102 -1.213924 -0.625830 0.101465 1.394251 1.855509 1.217735 1.457235 1.714083 2.386045 3.356116 1.036047 1.601141 2.090410 2.566740 2.872872 3.284405 3.618281 3.942400 4.322136 4.782810 5.182120 5.205978 4.349685 5.990848 7.386027 6.281777 6.918865 6.073700 5.114428 4.341256 2.945327 2.482292 2.066194 1.420279 2.285941 1.496531 1.094169 0.651761 -0.029255 -0.117332 -0.031867 -0.019411 -0.012029 -0.004061 -0.594929 -0.006647 -0.013954 -0.941317 -0.156575 -0.113597 -9999.0 -9999.0 -9999.0 -9999.0 -9999.0 -9999.0 -9999.0 -9999.0
-0.007350 -0.007586 -2.356391 -2.739801 -0.195095 -0.026134 -0.028334 1.662972 2.871137 2.412623 2.745739 2.615190 2.165523 2.545734 3.407470 1.269443 2.095443 2.803194 3.509376 3.850876 4.170234 4.451189 4.788056 5.214745 5.682213 6.037010 6.008002 6.399296 8.703709 7.296656 6.601712 5.729733 4.758452 3.826895 3.362726 1.996495 1.446135 1.450354 1.706665 0.352747 1.084599 0.567126 -0.032167 -0.047641 -0.029573 -0.028739 -0.016783 -0.390564 -3.193058 -0.385850 -0.016837 -9999.0 -9999.0 -9999.0 -9999.0 -9999.0 -9999.0 -9999.0 -9999.0 -9999.0 -9999.0 -9999.0
-0.014646 -3.432977 -0.024858 -0.931931 -0.482879 -0.855827 -0.194285 0.778136 3.409057 3.810744 3.699118 3.874846 3.497298 2.943979 3.148176 4.074909 1.496019 2.750199 3.931441 4.361770 4.667348 4.945802 5.239899 5.530542 6.086600 7.155038 6.869844 7.106823 7.657736 6.900627 6.047892 5.236027 4.334416 3.396404 2.585469 1.221313 0.676628 0.954589 0.688425 1.072247 -0.011838 -0.016168 -0.033952 -0.061100 -0.029239 -0.029925 -0.019623 -0.011856 -9999.0 -9999.0 -9999.0 -9999.0 -9999.0 -9999.0 -9999.0 -9999.0 -9999.0 -9999.0 -9999.0 -9999.0 -9999.0 -9999.0
-0.053818 -0.062586 -0.572447 -0.056538 -0.074727 -0.214475 -0.115680 0.755237 3.218721 4.660023 4.799459 4.811953 4.702035 4.578280 4.434951 4.890965 1.123320 3.173411 4.329810 4.890345 5.181551 5.471246 5.708889 6.739332 6.924403 7.019475 7.345243 7.410482 7.098580 6.346277 5.370142 4.585076 3.208549 2.941727 1.963048 0.539834 -0.034730 -0.034723 -0.013532 0.200309 0.499336 -0.008484 0.590047 -0.024065 -0.048943 -0.040052 -0.066591 -9999.0 -9999.0 -9999.0 -9999.0 -9999.0 -9999.0 -9999.0 -9999.0 -9999.0 -9999.0 -9999.0 -9999.0 -9999.0 -9999.0 -9999.0
-0.013243 -0.847127 -0.036885 0.186655 0.237205 0.584055 0.854039 0.768925 1.900488 3.984577 0.716915 1.861990 5.300021 5.417379 5.575060 6.045911 3.062403 3.214841 4.848972 6.765399 5.701388 5.991936 7.009174 7.094708 6.960860 6.462431 7.973418 7.243860 6.661610 5.839320 4.891247 4.083016 2.792512 2.168068 1.395571 0.663518 -0.033327 -0.100727 -0.031641 -0.014153 -0.005319 -0.006060 -0.006990 -0.017783 -0.140466 -0.339535 -0.306304 -9999.0 -9999.0 -9999.0 -9999.0 -9999.0 -9999.0 -9999.0 -9999.0 -9999.0 -9999.0 -9999.0 -9999.0 -9999.0 -9999.0 -9999.0
-0.029311 -0.010393 -0.026010 1.001821 1.508137 1.833497 2.294139 1.251259 -0.019048 0.723825 3.305056 5.489631 2.789518 3.234917 3.488025 3.896275 4.460503 4.975547 5.631184 6.079726 6.342344 7.408591 6.730925 7.010902 6.044965 7.154657 7.131493 6.787035 6.205595 5.514155 4.977500 4.426942 3.000685 2.326880 1.690341 0.873329 0.208722 -0.045434 -0.054104 -0.006973 -0.004011 -0.003481 -0.006334 -0.008875 -0.637835 -9999.0 -9999.0 -9999.0 -9999.0 -9999.0 -9999.0 -9999.0 -9999.0 -9999.0 -9999.0 -9999.0 -9999.0 -9999.0 -9999.0 -9999.0 -9999.0 -9999.0
-0.984078 -0.007832 -0.010457 1.355670 2.479560 3.151430 3.307962 3.335822 2.561926 1.549052 1.860145 3.377408 2.634584 3.809168 4.548726 4.828985 5.281782 5.807097 6.304259 6.682042 6.888829 6.949004 6.998126 6.989544 6.934395 6.673605 6.478947 6.094746 5.619438 5.242546 4.763020 5.114107 4.222491 3.380335 2.269009 1.172090 0.197638 -0.051326 -0.028950 -0.004853 -0.005822 -0.008429 -0.014420 -0.013391 -9999.0 -9999.0 -9999.0 -9999.0 -9999.0 -9999.0 -9999.0 -9999.0 -9999.0 -9999.0 -9999.0 -9999.0 -9999.0 -9999.0 -9999.0 -9999.0 -9999.0 -9999.0
-0.010928 -0.008779 -0.007378 1.332145 3.236262 4.132851 4.353597 4.199272 3.999433 3.969187 3.695278 3.429672 2.643839 4.084360 5.435755 5.890649 6.222157 6.489707 6.711731 6.783442 6.710702 6.541898 6.506474 6.374048 6.350702 6.001006 5.578799 5.142318 4.651277 4.447201 4.412552 3.778091 3.368463 2.760120 2.744002 1.654150 0.562572 -0.041973 -0.006085 -0.020445 -1.680294 -4.201263 -0.014502 -9999.0 -9999.0 -9999.0 -9999.0 -9999.0 -9999.0 -9999.0 -9999.0 -9999.0 -9999.0 -9999.0 -9999.0 -9999.0 -9999.0 -9999.0 -9999.0 -9999.0 -9999.0 -9999.0
-0.058752 -0.104171 -0.032018 0.933697 3.484972 0.397708 1.352588 2.073670 2.517505 2.933065 3.319472 3.464743 3.733752 5.313062 6.268021 6.896634 7.156665 7.047270 6.600700 5.945232 5.599986 5.637521 5.646209 5.198343 5.336582 5.222611 4.672319 4.202478 3.620372 1.889265 3.601294 3.071885 3.319714 2.907553 2.236183 2.178346 1.042746 -0.037656 -0.601074 -0.605187 -9999.0 -9999.0 -9999.0 -9999.0 -9999.0 -9999.0 -9999.0 -9999.0 -9999.0 -9999.0 -9999.0 -9999.0 -9999.0 -9999.0 -9999.0 -9999.0 -9999.0 -9999.0 -9999.0 -9999.0 -9999.0 -9999.0
-0.047325 0.153601 0.434532 0.931945 2.554124 4.987946 1.512646 2.371241 2.924399 3.470920 3.949932 4.365939 4.836321 6.203102 7.028386 7.559305 7.590800 7.008825 5.696740 4.914044 4.345273 4.662727 5.042211 4.462674 4.193251 4.287107 3.834019 3.381902 2.128951 1.519965 1.658776 3.274391 2.940637 2.856327 2.278431 2.330095 1.147836 -0.035941 -0.227863 -9999.0 -9999.0 -9999.0 -9999.0 -9999.0 -9999.0 -9999.0 -9999.0 -9999.0 -9999.0 -9999.0 -9999.0 -9999.0 -9999.0 -9999.0 -9999.0 -9999.0 -9999.0 -9999.0 -9999.0 -9999.0 -9999.0 -9999.0
0.029663 0.626658 0.908426 1.353156 1.982685 3.059050 0.948220 2.429443 3.277679 4.067095 4.635915 5.109474 6.260505 6.962809 7.528204 7.659827 7.290237 5.241897 3.342103 4.054957 4.100464 4.028044 4.359771 3.936019 2.212001 3.314242 2.962978 2.156198 2.147294 1.985992 3.403283 3.964193 2.457017 2.737114 2.152047 1.351642 0.717605 -0.036043 -0.036215 -9999.0 -9999.0 -9999.0 -9999.0 -9999.0 -9999.0 -9999.0 -9999.0 -9999.0 -9999.0 -9999.0 -9999.0 -9999.0 -9999.0 -9999.0 -9999.0 -9999.0 -9999.0 -9999.0 -9999.0 -9999.0 -9999.0 -9999.0
0.513365 1.204191 1.806724 2.237126 2.934516 2.633492 2.544134 1.302643 2.849069 4.208360 5.175376 6.366874 7.005532 7.576282 7.915498 7.734557 6.347236 4.584295 2.988008 3.121482 3.561177 3.523368 2.749292 2.649651 2.172214 1.806440 1.710890 1.964395 2.885475 3.339099 3.299815 2.964085 2.045412 2.506492 2.002933 1.304435 0.627114 -0.035253 0.123767 -9999.0 -9999.0 -9999.0 -9999.0 -9999.0 -9999.0 -9999.0 -9999.0 -9999.0 -9999.0 -9999.0 -9999.0 -9999.0 -9999.0 -9999.0 -9999.0 -9999.0 -9999.0 -9999.0 -9999.0 -9999.0 -9999.0 -9999.0
0.892936 1.688567 2.556215 3.295042 3.734511 3.734032 2.909693 2.435357 3.361697 3.958026 5.268108 6.967276 7.686401 8.163493 8.292784 7.822933 4.303459 5.055237 3.812060 2.878978 2.814717 1.384434 2.101739 2.332042 1.940706 0.941478 1.261929 1.973734 2.305759 2.478501 2.565464 1.177274 1.821118 2.007073 1.686895 1.170334 0.426639 -0.036855 -9999.0 -9999.0 -9999.0 -9999.0 -9999.0 -9999.0 -9999.0 -9999.0 -9999.0 -9999.0 -9999.0 -9999.0 -9999.0 -9999.0 -9999.0 -9999.0 -9999.0 -9999.0 -9999.0 -9999.0 -9999.0 -9999.0 -9999.0 -9999.0
1.313956 1.922231 2.955046 3.981399 4.348208 4.213837 3.965928 3.427582 3.354783 4.481113 6.295488 7.380826 8.117808 8.429299 7.093289 5.632649 4.731818 3.805925 2.694316 2.170355 1.190072 1.098093 1.030903 1.452296 1.065243 0.367448 -0.026849 -0.015560 0.162222 0.956813 1.115478 0.922090 1.449134 1.296890 0.759522 0.533817 -0.036315 -0.035752 -9999.0 -9999.0 -9999.0 -9999.0 -9999.0 -9999.0 -9999.0 -9999.0 -9999.0 -9999.0 -9999.0 -9999.0 -9999.0 -9999.0 -9999.0 -9999.0 -9999.0 -9999.0 -9999.0 -9999.0 -9999.0 -9999.0 -9999.0 -9999.0
1.515946 2.463053 3.443559 4.519142 5.037954 4.543817 4.052204 4.034449 3.957480 4.601861 5.740480 7.646161 8.271694 6.979794 5.416998 3.325312 -0.013933 2.121017 2.452965 1.632014 0.124453 0.439010 -0.022801 -0.023952 -0.028238 -0.044197 -0.005866 -0.006207 -0.007989 -0.015942 0.488401 0.902943 0.733587 0.069527 -0.031982 -0.064080 -0.038576 -9999.0 -9999.0 -9999.0 -9999.0 -9999.0 -9999.0 -9999.0 -9999.0 -9999.0 -9999.0 -9999.0 -9999.0 -9999.0 -9999.0 -9999.0 -9999.0 -9999.0 -9999.0 -9999.0 -9999.0 -9999.0 -9999.0 -9999.0 -9999.0 -9999.0
1.525304 2.838993 3.926880 4.978997 2.149642 5.093281 4.275457 4.343415 4.192998 4.805223 5.743488 6.707159 8.205393 6.279361 5.276993 0.249256 2.069180 3.034602 2.903828 1.927220 1.800882 1.887277 1.100504 0.089849 -0.051716 -0.011015 -0.317323 -0.144098 -0.009403 -0.012122 -0.026786 0.113935 0.079106 -0.028099 -0.124553 -0.282731 -0.036382 -9999.0 -9999.0 -9999.0 -9999.0 -9999.0 -9999.0 -9999.0 -9999.0 -9999.0 -9999.0 -9999.0 -9999.0 -9999.0 -9999.0 -9999.0 -9999.0 -9999.0 -9999.0 -9999.0 -9999.0 -9999.0 -9999.0 -9999.0 -9999.0 -9999.0
0.884553 2.627750 1.555516 2.069162 2.327447 5.735240 4.806718 4.536257 4.287586 4.868206 6.520579 7.483260 7.933822 7.433618 6.453390 5.851923 4.929688 2.933942 3.153958 3.061246 4.174278 3.193467 2.220887 0.852783 -0.069085 -0.022497 -0.366451 -1.413780 -1.963015 -0.013727 -0.033263 -0.015551 -0.015445 -0.012538 -0.481346 -9999.0 -9999.0 -9999.0 -9999.0 -9999.0 -9999.0 -9999.0 -9999.0 -9999.0 -9999.0 -9999.0 -9999.0 -9999.0 -9999.0 -9999.0 -9999.0 -9999.0 -9999.0 -9999.0 -9999.0 -9999.0 -9999.0 -9999.0 -9999.0 -9999.0 -9999.0 -9999.0
0.679539 2.000129 3.743736 2.214436 2.496984 3.141528 5.623192 5.075796 4.439274 5.084484 6.561370 7.332146 7.614293 7.279187 6.755906 6.015298 5.042443 3.756850 3.460834 4.849850 3.889660 2.499559 1.277448 -0.032822 -0.471279 -0.684272 -0.759696 -0.716549 -0.646922 -0.545133 -0.029821 -0.009762 -0.014124 -0.017963 -0.580763 -9999.0 -9999.0 -9999.0 -9999.0 -9999.0 -9999.0 -9999.0 -9999.0 -9999.0 -9999.0 -9999.0 -9999.0 -9999.0 -9999.0 -9999.0 -9999.0 -9999.0 -9999.0 -9999.0 -9999.0 -9999.0 -9999.0 -9999.0 -9999.0 -9999.0 -9999.0 -9999.0
1.416937 1.910334 2.907344 2.076742 2.587429 3.098053 3.911710 4.289427 4.618699 5.782215 6.655833 7.293796 7.432388 8.682372 6.561543 5.790818 4.870579 4.061239 3.431253 4.853331 3.210038 1.661767 0.471360 -0.041819 -0.058966 -0.155868 -0.735768 -0.785868 -0.708608 -0.719639 -0.062912 -2.000857 -1.656924 -0.351045 -9999.0 -9999.0 -9999.0 -9999.0 -9999.0 -9999.0 -9999.0 -9999.0 -9999.0 -9999.0 -9999.0 -9999.0 -9999.0 -9999.0 -9999.0 -9999.0 -9999.0 -9999.0 -9999.0 -9999.0 -9999.0 -9999.0 -9999.0 -9999.0 -9999.0 -9999.0 -9999.0 -9999.0
1.429808 2.771552 3.281681 2.158908 2.576378 3.036237 3.883264 4.460658 4.795677 5.863862 6.627655 7.143046 8.729063 8.714187 5.989537 5.237608 4.486086 3.910343 3.272459 4.589489 2.844495 1.645043 0.598517 0.262918 0.098886 -0.053114 -0.443101 -0.620158 -0.506391 -0.999481 -0.714783 -0.707815 -0.815999 -9999.0 -9999.0 -9999.0 -9999.0 -9999.0 -9999.0 -9999.0 -9999.0 -9999.0 -9999.0 -9999.0 -9999.0 -9999.0 -9999.0 -9999.0 -9999.0 -9999.0 -9999.0 -9999.0 -9999.0 -9999.0 -9999.0 -9999.0 -9999.0 -9999.0 -9999.0 -9999.0 -9999.0 -9999.0
1.769709 2.124599 2.338024 2.475284 2.691099 3.304568 3.858116 4.451381 5.355982 5.957304 6.532271 8.047135 8.662729 8.052139 4.836692 4.400876 4.253922 3.673922 3.453618 3.074379 2.491554 1.795300 1.070646 0.719710 0.187371 -0.058171 -0.033101 -0.322908 -2.550820 -0.823994 -0.675334 -0.652506 -9999.0 -9999.0 -9999.0 -9999.0 -9999.0 -9999.0 -9999.0 -9999.0 -9999.0 -9999.0 -9999.0 -9999.0 -9999.0 -9999.0 -9999.0 -9999.0 -9999.0 -9999.0 -9999.0 -9999.0 -9999.0 -9999.0 -9999.0 -9999.0 -9999.0 -9999.0 -9999.0 -9999.0 -9999.0 -9999.0
2.133130 2.427398 2.746426 2.888992 2.867388 3.587893 4.080796 4.059006 5.262749 5.860983 6.206058 4.992596 8.329165 4.423972 3.970977 3.971269 3.418820 3.398728 3.193573 3.052497 2.562971 1.999431 1.339819 0.937969 0.274957 -0.081472 -0.297652 -4.009659 -1.779163 -0.873798 -9999.0 -9999.0 -9999.0 -9999.0 -9999.0 -9999.0 -9999.0 -9999.0 -9999.0 -9999.0 -9999.0 -9999.0 -9999.0 -9999.0 -9999.0 -9999.0 -9999.0 -9999.0 -9999.0 -9999.0 -9999.0 -9999.0 -9999.0 -9999.0 -9999.0 -9999.0 -9999.0 -9999.0 -9999.0 -9999.0 -9999.0 -9999.0
2.466491 2.702873 3.053740 3.507550 3.652706 3.948140 4.397405 4.427410 4.892741 5.489123 5.743158 8.920278 4.776891 4.234856 3.738773 2.020321 1.842600 2.094432 3.463539 2.519366 2.376904 1.782222 1.396197 1.025730 0.353820 -0.073095 -0.164281 -0.385505 -0.396872 -9999.0 -9999.0 -9999.0 -9999.0 -9999.0 -9999.0 -9999.0 -9999.0 -9999.0 -9999.0 -9999.0 -9999.0 -9999.0 -9999.0 -9999.0 -9999.0 -9999.0 -9999.0 -9999.0 -9999.0 -9999.0 -9999.0 -9999.0 -9999.0 -9999.0 -9999.0 -9999.0 -9999.0 -9999.0 -9999.0 -9999.0 -9999.0 -9999.0
