geotop_simulations/templates/TEST_Venosta_3D_034_template/rec/SoilPressure0000L0002.old.asc
ncols         252
nrows         194
xllcorner     598250.000000
yllcorner     5144500.000000
cellsize      250.000000
NODATA_value  -9999.0
[rows 96 to 119 of 194, columns 162 to 215 of 252]
-1584.998706 -1122.528992 -1158.330270 -1238.050603 -1189.880769 -831.554557 -1029.318951 -898.753006 -829.106163 -1297.428719 -1582.414949 -1309.333631 -1081.542098 -1326.617603 -1534.230070 -1991.678394 -707.100903 -896.435557 -815.088514 -931.881487 -1248.191690 -1205.605919 -1047.242142 -1143.939183 -1156.809854 -998.325547 -944.489370 -1138.151583 -1072.575855 -1027.564099 -918.898540 -874.339965 -797.365700 -715.481361 -799.569757 -700.292829 -622.651818 -648.488645 -620.386778 -561.636773 1188.577637 -487.684255 -509.755588 -510.196787 15.244760 15.942213 15.458975 27.707752 -379.873515 87282.414852 134021.089549 155591.268655 177434.911329 273915.218805
-1222.718661 -1046.080871 -1035.089095 -1222.020703 -817.113147 -722.673248 -714.119322 -753.745096 -798.238102 -1257.195853 -1253.184844 -1222.601348 -1098.489087 -968.739446 -1432.963244 -1517.189067 -1361.788054 -1142.483452 -1064.508838 -892.592846 -955.028331 -1039.734292 -1339.478327 -990.240460 -953.008607 -914.216843 -873.665506 -966.720486 -1410.668257 -1425.350335 -933.221671 -924.420749 -833.471249 -641.982954 -591.175070 -622.019856 -637.866686 -635.381352 -561.714149 -539.937149 -572.008216 -556.052470 -547.666718 -528.893669 -562.601206 -559.416517 -396.832302 35.066657 14.868086 23075.680454 49548.802193 74219.912856 76625.791453 73428.371075
-725.152202 -587.485933 -768.336014 -818.358161 -929.401521 -686.653733 -860.929984 -823.148112 -924.952870 -1034.403794 -1050.370361 -1051.359257 -1214.004187 -1189.992295 -1069.446354 -1128.961555 -1738.332574 -1976.796923 -1174.589963 -932.650994 -959.051558 -1617.111201 -2078.273722 -1432.340210 -941.926724 -854.153654 -1119.127192 -989.441984 -1368.253536 -1264.951655 -1079.567914 -1068.713917 -743.315182 -701.166433 -572.955586 -576.854313 -576.788901 -558.934412 -508.011217 -521.259703 -531.121975 -550.962972 -606.198530 -604.924603 -569.675034 -505.264797 -413.248192 32.689368 -139019.453088 5049.640960 6720.074660 20170.185998 41722.907879 38352.610189
-744.090505 -549.671540 -1259.865731 -1479.299335 -907.507203 -709.337697 -672.590234 -697.345483 -710.444355 -1062.913474 -1851.381096 -1534.465026 -1123.445716 -1878.706085 -1264.008825 -1324.097790 -1403.923799 -1434.064595 -1227.717673 -951.309170 -920.325005 -1172.763284 -2289.568468 -2165.158828 -1839.351322 -923.377199 -1078.663277 -1441.762904 -1435.211424 -1793.208877 -1939.912314 -1229.726766 -999.826382 -696.504579 -615.320809 -574.902723 -575.088467 -537.676893 -465.314537 -501.624806 -535.234229 -553.848972 -549.684263 -572.911322 -582.916570 -606.017806 -611.249484 24.019543 -170.567979 -1171.259199 -168.055767 -357.732746 8598.231396 15648.214607
-723.075394 -445.808798 -978.916777 -1130.028848 -1211.093379 -792.641986 -599.257501 -643.575569 -684.557168 -936.252181 -1896.983386 -1736.422797 -1470.329855 -1751.180950 -1261.090226 -1149.296445 -2546.124217 -2238.037831 -2518.824945 -1377.506212 -1100.508562 -1257.743534 -2123.306010 -1867.063163 -2290.190626 -1152.962699 -938.128010 -1300.468006 -2328.269801 -2759.303036 -2730.887254 -2016.930474 -1054.346425 -910.878152 -751.278717 -612.227740 -580.449492 -555.856127 -453.288995 -485.886709 -512.989275 -512.119033 -530.880245 -548.266540 -552.845825 -535.903202 -549.875785 28.946900 14.633443 14.924145 -510.999273 -450.546766 -207.355953 -263.378485
-652.754473 -496.712041 -712.756165 -1566.343424 -1402.163287 -1404.131899 -669.246896 -590.541093 -704.901340 -1031.652077 -1923.457637 -2325.613517 -1878.445474 -1877.483028 -1706.332294 -1746.412113 -3121.949082 -3106.049677 -3023.856951 -2255.586048 -1670.211563 -1467.483930 -2169.066634 -1750.236812 -1818.606101 -1696.676493 -1346.204780 -2818.749462 -3263.193160 -2963.329201 -2843.943670 -2381.084741 -1308.512651 -1039.837571 -883.710483 -693.874981 -597.279909 -577.537939 -498.725758 -491.560749 -513.190913 -511.913372 -518.424678 -537.552296 -544.004065 -531.462997 -519.096084 15.849143 -325.564743 477.273574 856.307803 557.508150 162.161276 -286.487328
-673.186906 -673.187038 -588.571980 -1575.810004 -1976.727820 -1994.563702 -884.120772 -621.008297 -764.177869 -2373.628479 -2364.509096 -2409.597355 -2559.307480 -2246.231667 -2069.857106 -3139.405487 -3204.211391 -3255.288327 -3201.198560 -2928.685952 -2173.266980 -1500.380522 -2218.468778 -1928.242558 -2282.637806 -2217.064612 -3309.411429 -3169.273223 -2944.551512 -3082.872311 -3084.599612 -2957.437031 -1717.081495 -1284.668750 -1024.247131 -797.907321 -785.959902 -632.356148 -548.911501 -522.861590 -530.572726 -533.109512 -483.042190 5167.264590 8718.159306 4848.187479 269.190220 4090.984206 3907.582409 1523.518104 24.262529 22.646642 11.219719 6.564051
-592.843006 -680.687958 -678.025415 -2039.386531 -2330.954126 -2447.338507 -2096.317803 -783.360362 -1642.734770 -2551.172244 -2491.409125 -2492.764872 -2685.805831 -2622.973303 -2722.193706 -2816.959304 -2895.546286 -2937.802886 -3299.760202 -3213.553084 -2755.905870 -1552.597041 -1972.907888 -2425.028834 -2458.146519 -3562.639292 -3499.974520 -3479.329299 -3422.222519 -2985.151896 -3162.438930 -3033.129500 -2723.654201 -1998.643461 -1360.203510 -1112.730637 -1039.221359 -737.019831 -609.408432 -569.127114 -555.894947 9088.075006 21356.224362 33035.037508 31959.217931 3759.992829 3475.477279 645.171995 18.132140 20.844901 22.637510 22.512051 18.294216 13.773155
-573.166593 -605.062595 -770.530978 -2302.924149 -2538.647159 -2908.270826 -2215.385088 -1205.411057 -2762.600389 -2813.417402 -2712.685328 -2709.467038 -3485.713508 -2926.159471 -2975.819530 -2993.759073 -3043.007993 -3075.053770 -3063.415933 -3324.276427 -3235.503661 -2227.260376 -1457.281328 -2350.512845 -2645.258009 -2907.743866 -3636.076547 -3595.463241 -3479.990916 -2977.713610 -3175.716496 -3183.574040 -3063.146475 -2824.179016 -2188.276266 -1747.335642 -1007.883042 -837.908808 -677.592054 -614.026801 936.534762 8746.268657 8549.471739 43776.148365 40243.958927 24117.736614 2811.711480 -388.764584 17.025054 20.032061 22.714606 23.148067 21.555698 21.006335
-591.845879 -592.422584 -1077.613969 -2718.801571 -2745.425664 -2889.581600 -2623.000770 -2457.305688 -3090.968092 -3090.805209 -2953.993320 -3569.261736 -3679.670144 -3730.923695 -3776.251227 -3837.411918 -3080.391961 -3091.186204 -3366.717900 -3360.156337 -3343.638153 -2805.522230 -2308.387848 -2485.816035 -2893.981127 -3227.649585 -3079.118764 -3023.554057 -3197.410388 -3171.951966 -3198.848230 -3240.276848 -3209.258259 -3097.649222 -2959.502598 -2028.838405 -1249.440757 -929.828684 27.265140 1047.969444 4693.934736 8736.822607 22489.785135 33716.902605 29777.836236 17873.684109 1836.996615 -498.511620 -57.173202 19.589049 22.670572 23.880211 22.793390 21.919242
-614.943932 -614.914574 -1045.132013 -2841.446630 -3078.659724 -3043.245110 -2949.666213 -2978.696750 -3189.900309 -3213.378572 -3226.110865 -3148.120529 -3138.006295 -3145.338457 -3166.956505 -3383.362349 -3389.695517 -3180.072758 -3189.117392 -3215.708719 -3225.448336 -3206.292773 -3155.035627 -2765.387918 -2825.136459 -3251.643316 -3258.613912 -3212.982504 -3264.264985 -3276.522471 -3283.301444 -3218.301425 -3222.813961 -3136.371352 76.956488 3246.005264 10166.290771 9842.449584 10026.605864 8464.587639 5094.693955 7193.890580 9789.603281 12337.992457 4804.971150 -584.079046 -562.463851 -541.372049 -394.945338 19.553288 22.087744 24.357138 23.778817 20.798425
-639.759347 -659.189543 -1076.511804 -2940.274027 -3095.048119 -3180.253301 -3209.510307 -3156.450694 -3250.622881 -3230.413418 -3282.877389 -3220.313351 -3225.532020 -3249.692186 -3396.500762 -3411.349178 -3410.516427 -3275.683604 -3293.473360 -3310.716994 -3322.589394 -3450.883389 -3360.404158 -3229.058350 -3066.909624 -3291.734804 -3172.907218 -3170.442209 -3340.308405 -3351.015288 -3281.221556 -3263.392512 -498.217937 2107.901033 12714.922777 20863.130094 22054.899351 17170.953820 13016.678972 1869.721411 494.515312 -685.379258 -664.764780 -605.797354 -566.242935 -644.542894 -528.559066 -505.855214 -525.434089 -243.601347 20.380895 24.213898 23.699211 20.620145
-665.492677 -725.200856 -1219.034786 -3000.756686 -3128.278629 -3209.395023 -3258.110501 -3285.538420 -3317.604787 -3304.677706 -3284.027871 -3297.642571 -3310.844070 -3326.755317 -3338.034425 -3341.917918 -3441.597054 -3458.115342 -3378.414841 -3388.018686 -3393.315352 -3485.866455 -3477.958782 -3385.881923 -3295.529741 -3322.626456 -3264.331332 -3289.277367 -3311.020751 -3308.524659 -3022.869333 15.755704 17.586226 184.773508 5386.601583 26714.675069 23155.270057 3827.490845 15.854390 -523.930540 -693.111665 -807.085265 -768.997843 -693.589017 -631.371772 -602.447921 -583.497842 -561.811036 -519.249463 -446.974403 15.226888 22.828539 23.389762 20.112131
-696.253921 -792.169064 -1388.989314 -2910.432617 -3113.395175 -3237.223188 -3280.287538 -3306.681961 -3301.336600 -3340.674639 -3338.359496 -3356.439857 -3443.770275 -3389.942206 -3406.764706 -3480.755632 -3483.220641 -3441.923249 -3451.040175 -3518.488369 -3519.142065 -3512.892914 -3507.215304 -3495.533924 -3372.708782 -3342.119298 -3357.355726 -3358.844140 -3358.501386 15.683757 3733.709080 4979.269646 5405.511570 4005.829054 531.405088 15812.099946 2699.531298 -612.469503 -1281.478172 -782.298264 -834.354157 -740.547635 -711.893965 -665.639159 -620.672935 -583.798956 -567.968921 -535.437559 -498.870794 -426.619312 -405.327815 15.649259 -10.816149 22.207431
-740.726309 -944.008405 -2839.289684 -2914.045078 -3140.013644 -3226.692757 -3272.883936 -3339.184936 -3373.494451 -3406.459826 -3433.004278 -3457.319707 -3479.382141 -3498.821520 -3506.796349 -3516.333823 -3525.773287 -3505.482865 -3544.959753 -3550.263187 -3554.973772 -3552.644429 -3544.348318 -3527.641475 -3493.581964 15.663037 68.545552 86.051412 100.615748 640.530909 2630.015951 2634.487776 2256.452810 47.107295 1065.134275 603.848236 -2891.240055 -1647.662713 -1301.977983 -777.196068 -659.844989 -675.162331 -677.371903 -649.685445 -613.164856 -583.531829 -567.685163 -519.313617 -497.495658 -417.529696 -381.855866 15.634481 25.460771 19.070131
-800.816597 -2839.969562 -2949.714582 -2944.167032 -3156.016297 -3251.408577 -3294.026482 -3335.063260 -3379.470219 -3418.646776 -3467.717085 -3494.460851 -3514.871301 -3526.078127 -3538.709104 -3555.088749 -3554.416623 -3563.118964 -3566.307393 -3592.413620 -3588.618964 -3570.222083 -3526.751675 112.171300 139.170724 124.593410 89.734428 63.470109 50.034617 36.098695 23.505182 -3315.569890 -3267.874507 -3150.895410 -2960.331857 -2772.521572 -2984.739320 -2328.360995 -1408.240234 -1009.480252 -769.015780 -623.449956 -662.915901 -687.238544 -612.732789 -579.543938 -551.452584 -515.828267 -446.996556 -418.806597 -427.689373 15.546732 26.170910 -330.316724
-540.227374 -1082.524202 -999.783369 31.927727 503.438213 27.052037 631.335495 58.086000 -3405.500816 -3453.739310 -3492.877932 -3524.795296 -3552.150454 -3571.805509 -3578.261245 -3571.019536 -56.157834 14.507936 -28.496865 56.007369 94.762006 151.511821 197.936286 117.100378 64.341481 47.888225 35.412673 22.655676 15.091353 -3366.664615 -3318.963184 -3240.804252 -3154.831633 -3182.507727 -3054.636991 -2863.754541 -2687.699267 -2493.763807 -1298.677242 -946.357961 -743.548474 -566.767260 -662.643502 -651.102054 -609.666644 -563.141712 -550.764618 -520.764230 -420.364561 -360.377100 -380.184931 15.215270 24.951417 -25506.624579
16356.759679 14557.360628 8278.389628 5317.492820 4229.641798 4277.455375 22746.849585 20110.022607 26101.391822 15750.065015 7769.302179 3866.045529 5760.644007 21652.625164 28753.272570 29361.738702 18964.511279 4464.908061 2665.847723 1017.937293 40.789214 -3460.659785 -3567.228802 -3556.990483 -3525.136816 -3486.698281 -3452.983460 -3416.946094 -3376.012133 -3317.929443 -3350.836257 -3187.199149 -3049.385485 -3077.607588 -2913.997789 -2621.532359 -2348.825338 -2080.731884 -1693.740784 -847.430418 -662.637976 -508.724099 -591.487056 -606.729538 -579.703122 -569.353953 -532.210102 -484.248995 -393.956977 -453.948228 -329.489090 29.529251 11.378774 -69923.276901
24701.194411 24283.835057 2924.998690 4508.030834 4399.617921 33966.168528 35019.788639 18201.001975 50222.004001 33526.777072 25919.359295 15458.564628 42896.411449 47379.995057 45604.854563 38620.924406 6562.460298 606.308510 621.662210 113.265013 -3589.790281 -3579.191248 -3568.710501 -3544.116187 -3510.785565 -3473.297529 -3432.594202 -3394.932836 -3351.695824 -3282.130353 -3300.717804 -3247.874026 -3153.382923 -3037.470664 -2813.736428 -2397.281620 -2080.776266 -1767.964255 -1340.478421 -1192.749536 -589.588972 -466.280399 -486.714610 -542.741117 -597.447596 -545.501843 -515.351887 -433.487293 -615.048393 20593.902595 15.526253 25.357720 -34007.124219 -89722.759162
21285.634133 21172.732304 18002.172504 17164.763741 20886.915874 29274.529284 33365.199698 38608.712677 52224.590448 63589.514104 82358.159426 61787.247815 57942.013931 56753.918704 45256.431527 41005.083254 23648.287929 6925.956356 -693.687375 -3600.343948 -3591.818990 -3580.762525 -3558.806837 -3534.718646 -3503.236360 -3460.849801 -3411.897527 -3360.425033 -3370.243688 -3318.979019 -3253.115540 -3361.484946 -3234.710929 -2898.357358 -2703.740701 -2287.122728 -1933.049280 -1684.168580 -1320.746456 -1039.562150 -509.830804 -412.749148 -433.810863 -555.417481 -576.106897 -599.097948 -498.827681 -493.222623 772.112001 -46.439005 15.203475 -2086.507999 -79512.602156 -108113.118072
17363.273330 17382.169229 15809.612089 14356.171607 16795.639972 21231.154241 26231.833459 33263.691894 45466.206012 62060.601422 63625.528783 58423.610412 59021.819491 67382.371486 20834.396786 27200.603120 10884.409383 164.604309 -3607.963093 -3598.036595 -3587.610644 -3570.276418 -3549.454794 -3525.111637 -3475.599453 -3396.454540 -3323.218951 -3344.346259 -3302.874728 -3257.235910 -3416.759151 -3334.935752 -3147.494999 -2545.046877 -2441.877321 -2124.567646 -1859.223831 -1672.596810 -1372.670094 -1049.544118 -435.388499 -326.662410 -559.287183 -555.607172 -671.474408 -537.413574 -427.391134 -247.432251 -410.167250 -3.725069 14.421645 -44694.867393 -100521.199996 -123628.250761
1371.808321 4688.170573 5481.947545 5821.883878 7917.817430 11285.803989 16738.555330 21196.468674 12082.265854 44017.134963 46656.977494 46138.450002 44539.493881 19394.840052 15753.312395 13951.350184 845.502977 -3615.449935 -3608.746699 -3598.471364 -3585.332300 -3565.194684 -3544.653753 -3510.464968 -3442.992059 -3400.994821 -3328.696442 -3286.004115 -3243.716978 -3421.762417 -3370.636403 -3305.587309 -3195.860966 -2754.385928 -1764.669347 -1982.847578 -1667.615836 -1587.128538 -1320.353293 -1057.056848 -387.132006 -202.874993 -133.125735 -668.090462 -1138.888788 -723.228999 -87.735962 11.775085 15.596258 10.635747 14.001347 -78061.850133 -116931.045326 -139618.307240
-1461.034261 -2512.511875 -2960.716757 128.158253 299.219218 466.648450 2208.954422 5592.258243 4252.707882 24214.019508 24601.699884 23129.554465 20129.720225 11934.333395 316.679625 15.125908 -3618.682378 -3617.593572 -3610.913809 -3601.778221 -3588.696242 -3565.109010 -3536.635396 -3502.258006 -3442.340201 -3395.691655 -3321.937733 -3263.575602 -3192.664423 -3100.896561 -3000.773343 -2841.015642 -2618.163650 -1831.909234 -1246.168397 -1500.935578 -1216.533046 -1396.045006 -1172.056746 -1036.137388 -341.502357 16.511707 16.498877 -133.855845 -1043.445209 -1525.035082 -609.184311 -241.468860 -16.736588 -412.031357 5.808677 -89739.038701 -122675.672466 -156758.618643
-1520.226213 -2483.693129 -3009.435258 -3183.459142 -614.697329 -3392.375608 -1401.533778 -988.352117 -2102.969644 -3422.066484 -3430.353780 -3422.940364 -3452.514340 -3561.325634 -3557.442038 -3557.567126 -3574.581601 -3578.375332 -3603.340450 -3574.170712 -3534.641216 -3524.504689 -3513.258420 -3498.274128 -3462.764615 -3398.380589 -3306.120673 -3202.431987 -3072.058429 -2952.900020 -2855.737074 -2705.274540 -2412.002752 -1446.593557 -1030.011359 -1117.615535 -878.214457 -1088.267312 -1108.638959 -943.271991 -311.038948 17.320108 17.174257 -247.446971 -1333.827126 -858.776593 -98.150862 -741.175204 -566.057507 913.031871 -56.880255 -2661.381657 -118058.247743 -184041.371776
