geotop_simulations/templates/TEST_Venosta_3D_034_template/rec/SoilTemperature0000L0008.asc
ncols         252
nrows         194
xllcorner     598250.000000
yllcorner     5144500.000000
cellsize      250.000000
NODATA_value  -9999.0
[rows 28 to 55 of 194, columns 62 to 123 of 252]
7.348558 7.343075 7.589553 7.880635 8.069019 8.239987 8.411028 9.076450 11.349000 11.312114 11.209418 17.949131 17.525284 16.383164 9.754518 9.915468 9.703009 9.664560 9.901374 9.947580 7.619756 7.945762 7.910222 10.621326 10.723869 10.938973 8.962492 15.426127 12.187523 9.268059 11.070132 12.874506 12.795151 8.399889 6.544786 6.247830 6.096660 8.202779 7.989029 7.866456 7.596161 6.639393 8.207549 7.058542 7.260080 7.508465 8.922439 10.984785 10.622051 8.329184 4.719263 4.480150 7.132911 8.283158 9.448219 9.462534 9.118300 4.225678 6.480380 5.802407 4.943879 5.267214
12.911529 7.664537 6.987212 7.165306 7.474882 7.877187 8.290767 14.455702 9.860788 11.334302 11.242008 11.101082 17.872173 17.423309 8.692197 8.672999 8.590689 8.408351 8.301789 8.303341 6.552764 8.396983 7.429360 13.316986 13.632896 13.602950 13.156384 12.478504 5.530328 5.262788 5.301428 5.227716 5.554211 5.744554 7.193425 7.181152 6.957883 6.781751 9.200603 8.865711 8.393786 6.823278 6.262988 10.713037 10.370582 9.423748 8.910149 9.712016 9.345048 8.118980 7.231133 6.553937 5.973206 7.361182 7.937207 7.675150 7.592613 4.419906 4.534794 3.777661 5.017607 5.270202
6.644475 6.608190 7.932600 7.915972 8.046023 8.715854 8.330308 9.294865 9.927879 11.305320 11.218891 11.072655 10.947346 17.838648 17.704595 15.419416 15.566652 10.785804 7.921447 7.937934 9.727427 14.733819 14.726457 14.293421 13.703766 7.787843 7.430630 6.391107 6.249866 6.071953 5.951579 6.031817 6.266837 6.588265 6.496222 8.507203 8.576759 8.498254 8.341759 8.113559 8.451685 9.158034 8.519884 6.816195 6.997956 10.661018 9.697167 9.194027 8.290015 7.060691 5.775624 5.592485 6.143659 6.527361 6.076715 6.098379 6.477262 6.430464 6.957299 6.890118 4.824650 5.264742
8.584902 7.592241 9.442906 9.665420 8.635796 9.011706 9.423363 9.715093 9.888881 11.197520 11.147685 11.005291 10.830385 10.640214 17.521362 15.257583 15.369569 15.125052 15.049309 8.479349 8.811754 7.812771 10.322877 12.564305 12.331978 8.310733 10.214248 10.298346 8.261544 7.440911 7.489168 7.548017 7.930374 7.824247 7.826617 7.448493 7.436266 6.734819 7.538927 8.807977 7.121907 7.594593 6.616496 6.063274 5.447396 5.772523 9.557208 7.743002 6.777504 5.470940 4.533018 4.491063 5.528878 5.578662 5.071284 5.577496 6.102229 5.868996 6.510771 6.378820 4.924690 4.303118
7.036564 8.265664 7.717325 7.251562 8.413072 7.791792 9.562271 8.719155 9.030140 9.757900 11.025181 10.877306 10.711395 10.554201 10.432661 14.884141 14.453147 9.664613 9.084984 7.834984 7.463939 7.194978 6.896485 7.510958 7.388211 7.604070 7.893637 6.711725 6.641108 6.370524 6.304253 6.384804 5.889723 5.826687 5.276976 4.790982 4.511107 7.253098 7.652493 8.285881 8.362095 7.139265 6.643388 6.244310 6.170182 9.449280 8.211888 5.962195 5.463245 4.471158 3.686529 4.168907 5.529240 4.711559 3.755037 4.631859 5.008968 4.778111 5.745780 5.587949 4.053516 3.233253
6.961431 8.687086 8.072423 8.295557 7.662273 7.944908 6.699374 8.997117 8.641100 6.655472 10.821843 10.688269 10.521299 10.369917 9.893587 12.467851 8.105385 7.720453 7.471658 6.084742 11.721466 10.262987 5.680374 5.693031 5.551718 6.591069 6.673575 5.572542 5.596834 5.806575 5.771224 4.227607 5.942932 4.954894 5.809508 5.133839 4.683022 5.935285 5.519392 5.598274 7.365738 6.709426 6.397279 6.143422 5.804546 8.693321 7.028056 6.431507 4.732007 3.431272 5.222257 7.735309 8.452506 8.197839 6.294412 4.685453 3.107396 3.677734 5.366561 5.022571 3.652424 2.304889
5.540275 5.477485 5.372264 4.226103 4.431290 4.791499 4.959892 5.093789 5.641217 6.367328 10.464836 10.421286 10.243237 10.083721 9.656590 11.842242 5.949081 5.413422 4.953529 4.373485 10.750789 3.061382 7.841228 7.144521 8.605846 10.583159 2.839901 3.037718 2.568619 2.411550 2.290553 3.095202 2.386024 4.291709 4.615199 3.096870 4.364054 3.416363 2.036908 9.389257 11.250460 3.260922 3.104926 2.803044 2.543058 1.432175 -0.000405 7.429736 5.532923 5.642392 8.066800 8.800034 9.022231 8.387135 6.565187 5.112240 2.536787 3.098637 4.575089 3.589305 2.105749 -0.000647
5.255296 5.275727 5.138525 3.833975 4.164192 4.519779 4.749126 5.123421 5.604112 6.054057 4.172208 10.019005 9.883846 9.719292 9.644402 15.491539 5.763559 5.183672 4.634471 3.911163 9.680176 2.754300 7.314248 7.244993 8.383683 2.578242 2.625284 2.629763 2.693347 2.555786 2.776817 2.759936 2.049960 3.193314 4.551781 2.988279 2.628781 3.575272 2.440404 8.489741 8.723402 10.931317 2.662742 2.410741 1.861991 0.410675 -0.000533 7.309113 7.199115 8.042979 9.243125 9.728672 10.052425 8.876373 5.398006 3.757264 3.264141 2.375508 -0.000453 -0.000384 -0.000381 -0.000474
4.932130 4.941860 4.819884 4.689601 3.764264 4.222218 4.528510 5.043121 5.490620 5.841097 5.878846 7.662829 9.426976 9.261531 9.178560 14.926748 10.611301 4.991005 4.378709 3.610771 3.366369 2.775064 2.391681 8.492833 2.662208 2.530577 2.365238 2.522223 2.893282 2.879834 3.171129 2.932468 2.295490 2.170477 3.863377 4.013093 3.691610 3.260190 2.599855 1.654651 7.538576 8.798427 1.529173 1.866227 0.904806 7.700930 7.385496 6.614155 7.283659 8.893898 9.847164 10.675267 10.141186 8.800812 5.165504 3.849186 3.873879 2.422740 -0.000332 -0.000488 -0.000530 -0.000552
4.489093 4.431519 4.236914 4.136742 3.362747 3.873124 4.328255 4.782161 5.198774 5.608010 11.271303 7.152697 8.974761 8.858310 8.713924 14.066287 5.686893 5.268554 4.027041 3.289224 3.418104 2.854284 8.213798 9.020146 2.795802 2.554584 2.276477 2.445537 2.876632 2.971453 3.285360 9.926665 9.993460 1.636820 2.761861 3.718970 3.350424 3.058734 2.554771 2.144980 8.262686 8.618560 9.657553 9.373714 -0.000414 -0.001073 8.481969 6.554708 7.554861 8.835532 10.148857 11.104771 7.748984 5.512582 3.595579 3.330589 3.214951 -0.000423 -0.000333 -0.000288 -0.000288 -0.000384
3.457930 3.559697 3.723288 3.775056 3.022181 3.565720 4.049013 4.466277 4.861703 5.305773 5.753064 6.692324 8.504290 8.437524 8.302045 13.327124 5.357521 4.930434 3.709337 3.028243 2.330711 2.882195 9.035715 10.544694 3.294889 9.005604 2.424252 2.254706 2.399771 2.601857 3.104808 2.995074 10.746110 1.727432 1.815442 3.359724 3.017935 2.762434 2.275658 2.038223 9.111889 9.083737 9.601840 8.790700 -0.000419 -0.000827 7.733137 6.369617 8.352954 9.093556 10.376100 11.343332 7.117735 3.605336 2.329352 -0.000425 -0.000446 -0.001251 -0.000332 -0.000651 -0.000410 2.606662
2.886482 9.496236 3.256929 3.405843 3.684872 3.124462 3.635108 4.085397 4.538246 4.989922 5.429906 6.149747 8.036612 8.011117 7.899809 12.857414 5.178969 4.770178 3.551407 2.903489 3.571219 3.547611 11.444469 12.076679 11.557994 3.351887 2.691877 1.970962 2.060668 2.309738 9.918217 11.051524 2.801956 2.006867 1.471998 2.662486 2.656181 2.289180 1.989127 8.363005 9.499119 8.589769 8.171718 0.351119 -0.000763 -0.001424 5.318912 5.320136 8.528793 9.798398 10.909110 11.032282 6.425596 3.423194 2.280256 -0.001517 -0.000343 -0.000351 -0.000302 -0.000462 3.034977 4.264131
10.379391 10.130425 10.343468 3.130641 3.288999 3.549559 3.099520 3.616602 4.145594 4.633183 5.120959 5.666605 7.592280 7.605814 7.549947 12.686797 5.067367 4.683685 3.474873 3.017260 2.707136 3.815520 3.658050 3.720843 3.590039 3.423042 3.267758 2.326743 1.768796 1.729165 8.642935 9.375835 9.507725 1.714727 1.403093 2.176682 2.336038 2.030775 8.952565 8.652445 8.700470 7.022628 6.023514 5.836560 5.656352 5.153792 5.079207 6.850638 8.930945 10.225134 11.034955 9.433087 5.223269 3.034135 -0.000454 -0.000453 -0.000508 -0.000516 -0.000327 0.195040 4.583405 5.065126
3.125444 9.945311 9.341107 9.803040 2.872556 3.191743 2.640249 3.185633 3.732419 4.264159 4.832173 5.246729 7.185754 7.236631 7.201576 12.329477 11.731976 4.673449 4.479711 3.088148 2.749897 2.454499 2.260618 3.613309 3.325121 3.167115 3.186728 2.810374 1.939942 7.092991 7.118513 7.184911 7.573592 8.970159 10.368920 2.242631 2.728703 2.408552 10.114766 9.386915 8.606242 7.387478 5.109935 4.182717 4.208915 5.915664 8.986201 9.162793 9.987278 10.941923 11.283664 8.869883 3.958431 2.019257 -0.002445 -0.000692 -0.000311 -0.000304 -0.000582 3.944139 5.235532 5.946808
2.590913 9.343727 8.289358 8.026767 2.008931 2.615101 2.996983 2.840955 3.415150 3.964986 4.578424 4.771411 6.809456 6.874984 6.818991 11.962356 4.984051 4.677433 4.408542 4.025604 2.596536 2.139933 1.935446 1.916367 3.208789 3.013645 2.966755 2.882509 2.936858 2.881193 2.628541 2.292068 2.039508 9.730873 10.794134 2.054012 2.824356 2.456282 2.294934 2.002350 1.078913 -0.000884 6.058069 4.383745 4.639708 7.127293 8.933781 9.858323 10.827979 11.619396 11.592238 0.227027 3.576609 2.297630 -0.000485 -0.000645 0.149092 0.194229 3.069196 4.792028 5.896205 6.771833
8.565610 8.803051 8.526695 8.091580 8.349824 2.322677 2.697148 3.175729 3.195937 3.773490 4.393665 4.091675 6.484398 6.550689 6.459254 5.142201 4.814096 4.621764 4.005654 3.462423 8.900879 7.974847 2.223196 2.146527 2.533738 2.754788 2.526167 2.614108 2.731209 2.768947 2.788656 10.286592 2.998894 11.009456 1.902113 1.814516 1.860831 1.574343 1.655955 1.302065 -0.001185 -0.001449 5.930836 5.848583 6.583841 7.862238 9.030863 10.280217 11.269340 11.795617 0.745975 -0.002631 -0.003945 3.048069 2.017040 0.015089 3.467630 3.668340 4.163136 5.336922 6.613191 7.806518
6.265592 8.101412 9.188932 9.437817 9.444902 2.343957 2.669206 2.565139 3.105267 3.702925 4.298725 4.786877 4.726530 6.356237 8.051615 4.993912 4.751800 4.266410 4.009780 3.690338 3.634641 10.746708 10.968670 10.684810 2.796714 9.603029 1.769674 1.479589 1.349691 7.322920 7.606077 9.860183 11.008658 2.781560 1.938637 1.618705 1.503237 1.001586 0.623140 -0.001028 -0.001477 -0.001418 5.178932 7.599512 8.564703 8.773271 9.029930 10.185844 11.305179 1.644375 0.581795 -0.003334 2.698309 -0.000411 -0.001909 -0.000302 -0.000385 4.438613 4.806721 5.893077 7.348785 8.616916
6.132233 8.046310 9.293715 9.791856 9.852095 2.252145 2.531313 2.429205 2.980953 3.596232 4.180535 4.644882 7.894455 6.301031 8.125567 8.148415 4.727315 8.261598 4.324965 4.036018 12.213776 12.615899 12.456004 11.550712 2.878027 9.479065 1.929220 1.207553 -0.000676 5.376211 7.336986 9.276341 10.364231 2.505044 2.044564 1.794149 1.307141 0.335590 -0.000929 -0.001272 -0.001349 6.141269 7.478208 8.997625 9.472071 9.893217 10.270507 10.760013 11.389372 11.509751 0.742929 4.731216 2.949495 -0.000183 -0.000539 -0.000295 -0.000441 4.993566 5.247492 5.878204 7.597834 8.992096
9.225064 9.280526 9.637572 9.976341 2.041172 2.253783 2.506129 2.349800 2.984845 3.599748 4.138554 4.570733 5.738124 6.272844 8.074465 4.893416 4.729524 8.401651 4.017893 8.669358 12.556623 12.320805 11.237476 3.072483 2.910729 9.623631 9.467859 1.794952 1.340175 1.266662 8.253268 8.875497 9.674584 2.205262 1.871780 1.637261 1.190849 0.510661 -0.000545 0.243080 7.911602 8.880892 9.218695 9.944548 10.429941 10.704807 11.237045 11.716755 11.812815 9.355120 -0.001288 -0.003287 3.292724 2.133027 -0.000431 0.893827 4.267068 5.266482 5.282233 5.386690 6.149494 7.242839
9.870236 9.975874 10.026612 1.884113 2.028621 2.183334 1.978207 2.445038 3.063992 3.640094 6.875986 7.139241 4.449859 4.530462 8.180350 4.919222 4.765056 8.256941 4.202099 3.880345 3.489257 3.017103 2.549292 2.036673 3.174186 2.899326 2.496910 2.138685 2.030080 9.061805 2.184435 8.604528 9.431223 2.095861 1.604631 1.326826 0.731580 0.235347 0.401519 6.968030 8.467383 9.712656 10.105975 10.986608 11.415385 11.516981 11.873047 12.129916 12.210320 9.530999 -0.001740 3.954295 2.977401 -0.000421 -0.000537 -0.000713 2.565725 3.872058 3.638242 3.783939 4.671952 6.313344
8.279170 8.812114 9.291821 1.804436 2.061159 2.180709 2.066919 2.581634 3.148792 3.588207 4.050440 4.412218 6.129124 4.666247 8.209421 8.357780 4.763631 8.536768 8.733316 4.079250 3.716671 3.246472 2.710449 2.362782 3.296285 2.945149 9.073329 2.272184 2.396103 2.688021 2.786187 2.357775 1.833685 9.189466 9.243978 0.930988 -0.000531 0.275940 6.786730 6.522060 8.428669 9.850173 11.112494 11.926290 12.301279 2.732159 2.814217 2.852566 2.745228 1.048882 -0.002595 3.145152 1.497009 -0.000955 -0.000520 -0.000330 -0.000640 -0.000464 0.836072 3.443151 4.842582 6.579258
9.193612 9.001466 9.102101 1.880214 2.240968 2.416295 2.129522 2.731483 3.141369 3.614748 4.089187 4.468778 7.864985 4.841641 8.311255 8.407098 4.790724 8.556090 8.748484 8.695407 3.775971 3.370885 2.898617 2.423151 3.111566 2.798097 2.698585 2.703369 2.765128 2.814609 2.724137 2.551679 2.032812 7.667897 7.144795 -0.000732 5.650145 6.216349 6.147203 7.811512 9.807615 10.772538 11.832886 12.665719 2.952776 3.104552 3.225912 3.092694 1.453796 -0.001365 -0.002897 2.605202 -0.000417 -0.001165 -0.001672 -0.000355 -0.000412 -0.000428 3.757581 5.215512 6.895390 8.166852
10.605533 10.376113 10.297603 10.532960 2.577797 2.744029 2.383626 2.778752 3.237270 3.741205 4.205252 4.590312 8.199107 5.090912 8.754074 5.144592 4.991706 8.393504 4.445409 4.044326 3.700176 3.332521 2.899578 2.358698 1.673111 2.552987 2.629766 2.558464 2.686237 2.757936 2.737829 2.568325 9.281930 1.042332 5.268772 4.414263 4.805453 6.330554 7.750673 9.409380 10.495843 11.480319 2.427133 2.837626 3.179791 3.396939 3.350510 1.414414 -0.001208 5.742673 4.582176 3.359059 3.565112 3.633147 2.823520 2.800538 2.742928 4.221213 5.107546 6.360493 7.658561 8.510954
10.374211 10.702773 2.411876 2.620048 2.797699 2.033974 2.446516 2.877747 3.355958 3.852108 4.318041 4.739013 8.608653 6.534750 12.205541 5.412754 5.240442 5.038013 4.526316 3.936962 3.404132 2.957362 2.532903 2.056188 1.601512 2.841272 3.541537 3.551473 3.428843 3.387069 3.142307 2.781073 9.475466 7.990441 6.912047 7.553379 8.998137 9.701583 10.050303 10.630111 11.345423 2.626728 2.586374 2.854479 3.351232 2.037345 0.758150 6.249838 5.608978 5.415922 4.595200 4.227767 4.617817 4.774312 3.918441 2.354956 2.461627 4.415550 5.044483 6.170472 6.858841 7.291246
9.884357 10.107039 2.067700 2.277450 2.524853 2.047287 2.496530 2.986824 3.500337 4.002139 8.624446 8.922507 9.177375 5.583799 7.571306 5.739526 10.139428 5.317388 4.797630 4.223087 3.737915 3.371363 4.322160 4.131215 4.017051 4.212711 4.231093 4.022755 3.768409 3.285206 3.216219 2.731474 9.415591 8.357213 9.307094 9.917329 10.649326 11.114800 2.906952 3.034230 12.157097 2.911580 2.829667 2.953093 2.376348 0.730642 -0.001478 4.791769 4.955772 4.926010 4.396118 4.219505 4.899308 4.684883 3.314089 0.525530 2.370456 3.922041 4.465131 5.474798 6.148084 6.744977
8.657825 8.922687 1.778401 2.031257 2.436649 2.306337 2.630555 3.222815 3.792071 4.328472 4.807221 9.584204 9.747970 7.659161 7.796588 7.835906 10.568230 10.207151 5.039885 4.550726 4.257858 4.022626 3.645855 3.261048 2.988856 4.619078 4.265516 4.133015 3.721569 3.499767 3.159091 2.609304 2.297881 1.991913 9.504163 10.509399 2.984000 3.019976 3.099999 3.197767 3.269549 3.208894 3.118187 3.350166 2.118316 6.416620 5.134424 5.145927 4.912405 4.422703 4.219426 3.998263 3.837992 3.375226 2.792219 3.394752 4.282161 5.092055 5.684710 5.989470 6.310451 7.283658
8.228003 7.938943 1.940981 2.155751 2.654797 2.425596 2.895113 3.475710 4.071142 4.625000 5.185070 5.731407 6.091031 7.913218 7.936607 6.127585 10.942518 10.650795 5.410402 5.067575 4.781487 4.402541 4.145423 3.740711 3.593666 3.324434 4.662891 4.419411 4.087138 3.785589 3.191267 2.758201 2.247115 7.920321 9.293394 10.557027 3.027957 3.158698 3.325003 3.442400 3.543297 3.571755 3.448205 2.766659 2.213600 7.175054 7.290838 7.338376 5.647851 4.276645 3.624975 2.810639 -0.000419 -0.001238 3.244448 5.024970 5.161664 6.019920 6.600273 6.845120 7.328223 8.189131
10.227937 9.951911 9.777252 9.888491 10.329851 4.034051 3.303419 3.801505 4.359377 4.875478 5.498919 6.158065 6.316592 8.092111 8.108392 6.269721 6.551747 6.273452 5.875721 5.605592 5.278827 4.905881 4.297690 3.958514 4.046401 5.190781 4.922535 10.460730 4.264277 3.763042 3.095192 2.354167 7.969837 7.860241 9.842421 3.032233 3.055096 3.271729 3.517678 3.729513 3.864011 3.866943 3.853633 2.633744 1.847296 -0.001326 7.484630 6.507532 4.505876 3.047345 -0.000445 -0.000366 -0.000367 -0.000555 4.307463 5.917830 6.293397 7.152634 7.540833 7.582371 8.089894 -0.001243
