geotop_simulations/templates/TEST_Venosta_3D_034_template/rec/SoilTemperature0000L0004.old.asc
ncols         252
nrows         194
xllcorner     598250.000000
yllcorner     5144500.000000
cellsize      250.000000
NODATA_value  -9999.0
[rows 84 to 111 of 194, columns 0 to 62 of 252]
-9999.0 -9999.0 -9999.0 -9999.0 -9999.0 -9999.0 -9999.0 -9999.0 -9999.0 -9999.0 -9999.0 -9999.0 -9999.0 -9999.0 -9999.0 -9999.0 -9999.0 -9999.0 -9999.0 -9999.0 -9999.0 -9999.0 -9999.0 -9999.0 -9999.0 -9999.0 -9999.0 -9999.0 -9999.0 -9999.0 -9999.0 -9999.0 -9999.0 7.176913 7.193726 7.048159 1.885498 6.270201 5.812562 5.890835 5.540641 4.681756 4.396289 3.579273 3.413964 3.970815 0.894128 4.561588 1.352249 4.674734 1.914421 3.224488 4.594433 4.261857 4.989257 4.840234 4.509755 4.390672 4.725030 5.240047 5.934945 6.670096 7.263264
-9999.0 -9999.0 -9999.0 -9999.0 -9999.0 -9999.0 -9999.0 -9999.0 -9999.0 -9999.0 -9999.0 -9999.0 -9999.0 -9999.0 -9999.0 -9999.0 -9999.0 -9999.0 -9999.0 -9999.0 -9999.0 -9999.0 -9999.0 -9999.0 -9999.0 -9999.0 -9999.0 -9999.0 -9999.0 -9999.0 -9999.0 -9999.0 1.936282 2.448292 2.618310 2.480099 2.307257 7.343813 6.788224 6.736101 6.057941 4.336514 3.480097 2.960456 2.520506 2.495943 2.575977 2.682448 2.990414 3.995392 5.454519 2.366380 4.096851 4.388007 4.445003 4.462514 5.350487 5.165414 5.075293 5.221664 5.946650 6.674076 7.153772
-9999.0 -9999.0 -9999.0 -9999.0 -9999.0 -9999.0 -9999.0 -9999.0 -9999.0 -9999.0 -9999.0 -9999.0 -9999.0 -9999.0 -9999.0 -9999.0 -9999.0 -9999.0 -9999.0 -9999.0 -9999.0 -9999.0 -9999.0 -9999.0 -9999.0 -9999.0 -9999.0 -9999.0 -9999.0 -9999.0 -9999.0 1.282703 1.675621 2.114382 2.540759 2.689328 2.655254 2.546738 7.787545 2.186568 6.238225 4.733488 3.981782 3.563441 3.019056 3.282687 3.744359 3.977779 4.549574 5.439698 6.479217 2.542336 3.246602 4.168680 4.596576 4.694856 4.772197 5.826942 6.011088 5.539237 6.111072 6.851271 7.272730
-9999.0 -9999.0 -9999.0 -9999.0 -9999.0 -9999.0 -9999.0 -9999.0 -9999.0 -9999.0 -9999.0 -9999.0 -9999.0 -9999.0 -9999.0 -9999.0 -9999.0 -9999.0 -9999.0 -9999.0 -9999.0 -9999.0 -9999.0 -9999.0 -9999.0 -9999.0 -9999.0 -9999.0 -9999.0 -9999.0 -9999.0 0.826921 0.853910 1.170949 1.803934 2.421892 2.726059 2.743557 2.685394 2.350081 1.879937 1.420644 4.146283 3.925898 4.178507 4.650538 5.268876 5.616359 6.023460 6.494478 2.832950 2.923166 3.406975 3.706804 4.200352 4.523987 4.957641 5.185298 5.480734 5.791452 6.086625 6.410913 6.516753
-9999.0 -9999.0 -9999.0 -9999.0 -9999.0 -9999.0 -9999.0 -9999.0 -9999.0 -9999.0 -9999.0 -9999.0 -9999.0 -9999.0 -9999.0 -9999.0 -9999.0 -9999.0 -9999.0 -9999.0 -9999.0 -9999.0 -9999.0 -9999.0 -9999.0 -9999.0 -9999.0 -9999.0 -9999.0 -9999.0 -9999.0 3.674933 0.611538 0.551780 0.782848 1.307396 1.984157 2.564282 5.369672 5.043132 2.020637 1.448975 1.262369 4.234308 4.589344 4.751295 5.327110 5.895435 2.669987 2.909928 2.995937 3.057871 3.263185 3.095120 3.198834 3.514536 4.110456 5.109522 5.612778 5.698202 5.455726 5.442926 5.538339
-9999.0 -9999.0 -9999.0 -9999.0 -9999.0 -9999.0 -9999.0 -9999.0 -9999.0 -9999.0 -9999.0 -9999.0 -9999.0 -9999.0 -9999.0 -9999.0 -9999.0 -9999.0 -9999.0 -9999.0 -9999.0 -9999.0 -9999.0 -9999.0 -9999.0 -9999.0 -9999.0 -9999.0 -9999.0 -9999.0 -9999.0 3.613833 3.250763 3.643632 4.292150 0.640260 0.873420 1.695964 5.400445 5.284947 2.274869 1.778404 1.581935 4.612879 4.531481 4.492986 5.055305 2.135899 2.466724 2.795480 2.974771 2.929256 2.699258 2.605109 2.516107 2.678215 2.740787 3.157218 3.704336 4.348921 4.633403 5.008404 5.369357
-9999.0 -9999.0 -9999.0 -9999.0 -9999.0 -9999.0 -9999.0 -9999.0 -9999.0 -9999.0 -9999.0 -9999.0 -9999.0 -9999.0 -9999.0 -9999.0 -9999.0 -9999.0 -9999.0 -9999.0 -9999.0 -9999.0 -9999.0 -9999.0 -9999.0 -9999.0 -9999.0 -9999.0 -9999.0 -9999.0 -9999.0 -9999.0 2.709563 2.610885 3.394807 4.317806 0.688732 0.963281 2.261231 5.462701 2.631357 2.239236 1.868564 1.706213 4.368714 4.149226 4.544335 5.524257 2.228019 2.566047 2.756169 2.688221 2.628212 2.599207 2.476908 2.467239 2.475542 2.723686 3.436135 4.165047 4.708744 5.291728 5.722688
-9999.0 -9999.0 -9999.0 -9999.0 -9999.0 -9999.0 -9999.0 -9999.0 -9999.0 -9999.0 -9999.0 -9999.0 -9999.0 -9999.0 -9999.0 -9999.0 -9999.0 -9999.0 -9999.0 -9999.0 -9999.0 -9999.0 -9999.0 -9999.0 -9999.0 -9999.0 -9999.0 -9999.0 -9999.0 -9999.0 -9999.0 -9999.0 -9999.0 2.172505 2.800884 4.370504 0.794247 0.871042 1.547102 5.510586 2.889064 2.554026 2.178785 1.880574 4.448168 4.345716 4.045771 4.707552 1.952605 2.280057 2.464893 2.566527 2.738403 3.035389 3.185154 3.360999 3.798234 4.349015 4.977446 5.533998 5.903407 5.491997 5.974587
-9999.0 -9999.0 -9999.0 -9999.0 -9999.0 -9999.0 -9999.0 -9999.0 -9999.0 -9999.0 -9999.0 -9999.0 -9999.0 -9999.0 -9999.0 -9999.0 -9999.0 -9999.0 -9999.0 -9999.0 -9999.0 -9999.0 -9999.0 -9999.0 -9999.0 -9999.0 -9999.0 -9999.0 -9999.0 -9999.0 -9999.0 -9999.0 -9999.0 2.422692 3.272330 4.894142 6.154674 0.898826 1.080472 2.182937 5.678818 2.824177 2.477210 2.108857 4.770217 4.527076 4.016703 3.867221 4.684468 2.032006 2.415228 2.917690 3.251886 3.435252 3.602493 3.892390 4.271987 3.858672 5.167322 4.922099 5.335065 5.724654 6.636290
-9999.0 -9999.0 -9999.0 -9999.0 -9999.0 -9999.0 -9999.0 -9999.0 -9999.0 -9999.0 -9999.0 -9999.0 -9999.0 -9999.0 -9999.0 -9999.0 -9999.0 -9999.0 -9999.0 -9999.0 -9999.0 -9999.0 -9999.0 -9999.0 -9999.0 -9999.0 -9999.0 -9999.0 -9999.0 -9999.0 -9999.0 -9999.0 -9999.0 3.174381 4.156378 5.301727 5.931289 0.846922 0.790152 1.147012 5.511755 3.094701 2.756092 2.353686 1.926242 4.438536 4.514921 4.420434 4.988968 5.770180 2.957708 3.297722 3.437011 3.581740 3.751742 3.961653 3.518019 4.171859 4.774786 5.354257 5.794958 6.057288 6.504033
-9999.0 -9999.0 -9999.0 -9999.0 -9999.0 -9999.0 -9999.0 -9999.0 -9999.0 -9999.0 -9999.0 -9999.0 -9999.0 -9999.0 -9999.0 -9999.0 -9999.0 -9999.0 -9999.0 -9999.0 -9999.0 -9999.0 -9999.0 -9999.0 -9999.0 -9999.0 -9999.0 -9999.0 -9999.0 -9999.0 -9999.0 -9999.0 -9999.0 3.164569 4.030931 4.825266 5.198676 5.902165 7.021936 0.862994 2.361754 3.197549 5.179231 2.597051 2.206647 1.895682 5.054449 5.467089 6.073425 6.684085 7.063167 3.371808 3.532328 2.973400 3.175818 3.474741 3.776241 4.501647 5.258822 5.933174 6.350897 6.624300 6.939634
-9999.0 -9999.0 -9999.0 -9999.0 -9999.0 -9999.0 -9999.0 -9999.0 -9999.0 -9999.0 -9999.0 -9999.0 -9999.0 -9999.0 -9999.0 -9999.0 -9999.0 -9999.0 -9999.0 -9999.0 -9999.0 -9999.0 -9999.0 -9999.0 -9999.0 -9999.0 -9999.0 -9999.0 -9999.0 -9999.0 -9999.0 -9999.0 -9999.0 2.917637 3.259053 3.832783 4.820655 6.338709 1.128165 0.960307 1.862760 3.212685 5.494253 3.008911 2.346321 1.742795 2.459531 6.100788 6.680904 7.329340 2.743312 7.561325 3.742374 3.404539 3.629928 3.949786 4.158758 4.590176 5.628495 6.493250 6.923395 7.165591 7.532247
-9999.0 -9999.0 -9999.0 -9999.0 -9999.0 -9999.0 -9999.0 -9999.0 -9999.0 -9999.0 -9999.0 -9999.0 -9999.0 -9999.0 -9999.0 -9999.0 -9999.0 -9999.0 -9999.0 -9999.0 -9999.0 -9999.0 -9999.0 -9999.0 -9999.0 -9999.0 -9999.0 -9999.0 -9999.0 -9999.0 -9999.0 -9999.0 -9999.0 2.413782 2.638498 3.724133 5.382009 6.530168 1.110603 1.341142 1.767528 3.113302 5.865828 3.422191 2.865630 2.751145 2.190358 6.938490 7.571953 2.960869 3.353685 8.115674 3.684785 3.936534 7.051346 4.489337 4.737863 4.897939 5.713583 6.821025 7.402358 7.689966 8.031550
-9999.0 -9999.0 -9999.0 -9999.0 -9999.0 -9999.0 -9999.0 -9999.0 -9999.0 -9999.0 -9999.0 -9999.0 -9999.0 -9999.0 -9999.0 -9999.0 -9999.0 -9999.0 -9999.0 -9999.0 -9999.0 -9999.0 -9999.0 -9999.0 -9999.0 -9999.0 -9999.0 -9999.0 -9999.0 -9999.0 -9999.0 -9999.0 -9999.0 1.981322 2.478680 4.000603 5.509737 0.840535 1.053829 1.648112 2.032241 2.760983 3.727826 5.801871 3.387614 2.946633 2.792609 2.779736 3.129600 3.668912 3.995475 4.087387 4.180418 4.505206 7.347921 7.583699 5.310063 5.651732 6.195174 6.982441 7.733387 8.118745 8.423935
-9999.0 -9999.0 -9999.0 -9999.0 -9999.0 -9999.0 -9999.0 -9999.0 -9999.0 4.383649 4.069130 -9999.0 -9999.0 -9999.0 -9999.0 -9999.0 -9999.0 -9999.0 -9999.0 -9999.0 -9999.0 -9999.0 -9999.0 -9999.0 -9999.0 -9999.0 -9999.0 -9999.0 -9999.0 -9999.0 -9999.0 -9999.0 -9999.0 2.895507 3.381977 4.416366 5.556920 0.945247 1.098413 1.412353 1.762227 2.020333 3.366558 4.242501 3.911578 3.511223 3.341893 3.310311 3.715581 4.257964 4.589913 4.627885 4.667382 5.069454 7.684505 7.903832 8.191251 6.066885 6.450367 6.992089 7.493931 7.707023 7.865584
-9999.0 -9999.0 -9999.0 -9999.0 -9999.0 -9999.0 -9999.0 -9999.0 -9999.0 4.841617 4.760788 4.271697 3.519887 3.165437 3.760285 1.969581 -9999.0 -9999.0 -9999.0 -9999.0 -9999.0 -9999.0 -9999.0 -9999.0 -9999.0 -9999.0 -9999.0 -9999.0 -9999.0 -9999.0 -9999.0 -9999.0 -9999.0 3.662379 4.045708 4.311411 4.703559 5.215910 5.836401 1.120323 1.586906 2.298215 2.858110 4.233048 6.057675 4.035796 3.847818 3.703298 4.110774 4.732619 5.094534 5.124868 5.096615 5.517293 8.034224 8.245941 6.337088 6.460132 6.856422 7.474901 7.826752 7.877346 5.831226
-9999.0 -9999.0 -9999.0 -9999.0 -9999.0 -9999.0 -9999.0 -9999.0 -9999.0 4.799161 4.862221 4.990378 4.956920 -9999.0 -9999.0 -9999.0 -9999.0 -9999.0 -9999.0 -9999.0 -9999.0 -9999.0 -9999.0 -9999.0 -9999.0 -9999.0 -9999.0 -9999.0 -9999.0 -9999.0 -9999.0 -9999.0 -9999.0 -9999.0 4.462093 4.789166 4.872879 4.794967 4.982682 5.645406 1.693571 2.242038 2.119225 3.834613 4.616021 4.539297 4.352708 4.098052 4.176533 4.911318 5.488797 5.583412 5.481689 5.697899 8.172229 8.536861 6.732728 6.771802 7.162214 7.616234 7.871923 5.750255 5.623640
-9999.0 -9999.0 -9999.0 -9999.0 -9999.0 -9999.0 -9999.0 -9999.0 -9999.0 4.020418 4.614608 4.887145 5.122993 -9999.0 -9999.0 -9999.0 -9999.0 -9999.0 -9999.0 -9999.0 -9999.0 -9999.0 -9999.0 -9999.0 -9999.0 -9999.0 -9999.0 -9999.0 -9999.0 -9999.0 -9999.0 -9999.0 -9999.0 -9999.0 4.309829 4.771620 5.280827 5.676002 6.101668 6.581761 2.173366 2.418152 2.251810 3.070154 4.748683 6.811194 4.867135 4.718925 4.544598 4.842526 5.632067 7.731935 5.867257 5.522882 6.258188 6.966896 8.948182 6.951441 7.223691 7.547475 4.298066 5.434115 8.495384
-9999.0 -9999.0 -9999.0 -9999.0 -9999.0 -9999.0 -9999.0 -9999.0 -9999.0 4.380782 4.835895 4.868915 5.050744 5.456689 5.564418 -9999.0 -9999.0 2.436658 2.719617 2.790713 2.725216 2.741335 2.505642 -9999.0 -9999.0 -9999.0 -9999.0 -9999.0 -9999.0 -9999.0 -9999.0 -9999.0 -9999.0 -9999.0 -9999.0 3.579282 4.705471 5.749309 6.470578 2.142977 2.443822 2.643034 2.749616 3.056219 4.407733 5.126433 7.101669 5.199101 5.034164 4.860392 5.414936 6.146336 6.298664 6.347768 6.250043 7.108345 8.869547 8.918119 8.726802 5.450368 5.958378 8.144635 6.414257
-9999.0 -9999.0 -9999.0 -9999.0 4.976529 5.127931 4.809829 5.097781 5.777496 5.877750 5.700327 2.283286 2.297704 2.346607 2.337792 2.208164 -9999.0 2.572445 2.849453 2.893149 2.855190 2.822482 2.699374 -9999.0 -9999.0 -9999.0 -9999.0 -9999.0 -9999.0 -9999.0 -9999.0 -9999.0 -9999.0 -9999.0 -9999.0 3.701759 4.298604 5.221514 1.176888 1.709627 2.135684 2.435667 2.195422 1.737714 3.413028 4.741950 5.390737 7.290507 5.553413 5.504203 5.546916 6.098421 6.652795 6.650365 6.697507 6.794071 11.498336 11.766512 5.323071 6.822514 7.779371 6.714311 6.639508
-9999.0 -9999.0 -9999.0 5.850388 6.071943 6.096627 5.894990 6.315323 6.816915 6.771343 6.517085 2.684280 2.737739 2.710642 2.595165 2.397029 2.366808 2.461732 2.778543 3.014503 3.076972 3.046139 3.054770 3.052481 2.839049 2.682182 -9999.0 -9999.0 0.005139 4.638566 4.756298 1.226992 1.116415 -9999.0 -9999.0 -9999.0 4.065123 4.620420 5.282568 1.011611 1.366864 1.498300 2.242885 2.510330 2.686787 3.618842 5.026357 7.630030 5.863018 5.944479 5.987144 6.077031 6.779039 8.346063 8.455718 8.536185 11.390224 5.143370 6.541562 7.469652 6.435608 6.183031 5.645654
-9999.0 -9999.0 -9999.0 3.165594 3.057919 2.944600 2.883410 2.888333 2.926422 2.924043 2.954788 3.007702 3.056263 2.995418 2.801360 2.564837 2.540706 2.520965 2.746548 3.133825 3.316588 3.371487 3.409580 3.395144 3.119762 2.707253 2.342845 2.047462 1.672913 1.203947 -9999.0 -9999.0 -9999.0 -9999.0 -9999.0 -9999.0 3.075052 3.680534 4.480588 4.946884 0.916580 1.597181 2.177334 2.476870 2.658648 2.904600 3.520275 5.049037 6.073053 6.160308 6.306125 6.410970 8.275253 8.344369 8.411008 8.372140 6.571757 6.460039 7.508496 6.345620 5.972061 5.422124 4.965135
-9999.0 -9999.0 -9999.0 3.541234 3.452413 3.376917 3.324332 3.278645 3.260638 3.166197 3.128134 3.199783 3.241982 3.108490 2.916582 2.764449 2.857256 2.850146 2.802817 3.017537 3.370939 3.569604 3.450271 3.313424 3.085975 2.705558 2.221464 1.796591 1.328118 1.020122 3.969757 -9999.0 -9999.0 -9999.0 -9999.0 -9999.0 2.740965 3.739861 4.748335 5.315795 1.112348 1.397705 1.658910 2.125143 2.380808 2.714065 2.951812 3.383637 5.193413 7.608438 8.008239 8.070962 8.173977 8.270701 8.320036 9.016323 6.336316 7.395368 6.502264 6.041566 5.365637 4.721228 4.248353
-9999.0 -9999.0 3.848333 3.789540 3.774974 3.703627 3.558958 3.469352 3.505923 3.494984 3.399346 3.342306 3.330064 3.222297 3.156895 3.143343 3.212607 3.211883 3.163349 3.266416 3.508708 3.704896 3.481793 3.155856 2.859789 2.536547 1.993342 1.315210 0.813632 0.729257 3.159317 -9999.0 -9999.0 -9999.0 -9999.0 -9999.0 2.663624 3.550461 4.538265 5.002201 4.903081 0.895325 1.042698 1.566931 2.389910 2.908992 3.625463 4.226775 5.154865 6.252529 6.796500 8.194284 8.228123 8.260366 6.383467 6.296882 7.522169 6.422320 5.741195 5.127675 4.450326 3.783045 3.276776
-9999.0 -9999.0 3.715827 3.789658 3.825130 3.848487 3.921933 3.894362 3.889501 3.871348 3.807905 3.728641 3.650297 3.668577 3.640285 3.571410 3.543227 3.551919 3.553597 3.598499 3.716942 3.852983 3.413023 2.839753 2.447847 1.950157 1.432875 3.012320 2.677504 2.642481 2.808963 -9999.0 -9999.0 -9999.0 -9999.0 2.527165 2.743681 2.951500 3.291283 3.721115 4.239950 4.927141 1.839281 2.271094 2.671292 3.239269 3.874024 4.509105 5.105751 6.090820 8.023060 8.224637 8.225239 6.271597 6.283128 7.691693 6.578127 5.933717 5.154500 4.463321 3.786420 3.129876 2.676169
-9999.0 -9999.0 6.458612 7.043911 3.690749 3.872621 4.109186 4.165037 4.220566 4.170094 4.075252 4.016469 4.030864 4.112827 4.083873 3.991813 6.742349 3.953344 3.955111 3.902308 3.985561 4.049663 3.409286 3.046107 2.464716 4.218994 3.852051 1.335641 3.628000 3.606525 3.863074 3.911722 3.345287 2.799906 2.805764 3.127823 3.312610 3.593812 3.983729 4.472370 5.202811 2.114663 2.540066 2.880556 2.943539 3.476453 4.065351 4.624964 5.147825 5.940315 6.785771 8.264547 7.659464 4.773854 7.810624 7.183865 6.242326 5.690652 5.032469 4.361455 3.762300 3.158691 2.678055
-9999.0 -9999.0 4.795361 5.388155 6.492124 3.526613 3.989509 4.225678 4.470780 4.547600 4.540775 4.553619 4.353278 4.428046 4.529867 4.480955 7.247080 4.398478 4.412251 4.370810 4.457345 4.409267 3.688060 3.175378 2.628368 2.139022 2.423638 2.093625 1.784832 1.605893 4.770718 4.690093 4.057244 3.454803 3.518083 3.670803 3.984842 4.400542 4.846014 5.269557 1.892456 2.281397 2.697537 3.034882 3.061420 3.677025 4.354506 4.969670 5.586478 6.260518 6.912527 8.282234 4.811207 5.200386 7.577453 6.727784 5.789677 5.365815 4.888992 4.297178 3.778383 3.163380 2.679747
-9999.0 -9999.0 3.787297 4.052307 4.717080 5.651410 3.155186 3.836510 4.378119 4.702588 4.834916 4.887325 7.819308 4.823891 7.617710 7.693694 7.721440 4.916311 4.934618 4.904119 4.915959 4.634659 4.015093 3.517491 3.015022 2.547694 2.088814 2.411805 2.124120 1.909516 1.795630 1.561580 1.153856 0.875415 4.210415 4.395373 4.696848 1.260871 1.513780 1.838444 2.135369 2.462032 2.894445 3.237320 3.339579 3.920974 4.619927 5.292132 5.409292 6.523809 7.085761 6.642857 6.313393 7.778388 7.217762 6.127047 5.375798 4.664211 4.290144 3.991723 3.538564 3.032419 2.676453
