geotop_simulations/templates/TEST_Venosta_3D_034_template/rec/SoilTemperature0000L0003.asc
ncols         252
nrows         194
xllcorner     598250.000000
yllcorner     5144500.000000
cellsize      250.000000
NODATA_value  -9999.0
[rows 112 to 139 of 194, columns 63 to 125 of 252]
1.953254 1.860980 1.747041 1.720930 2.033596 2.213227 2.225425 2.499896 2.773413 2.946247 3.694364 3.990033 4.389322 5.059796 5.724837 6.172334 6.653444 6.991365 7.108752 7.163773 7.225441 7.381310 7.690492 8.135913 8.620879 9.081884 9.585909 10.071879 9.735920 9.066676 8.938268 9.850931 10.941775 10.777291 6.149445 4.944358 4.932340 4.903347 4.857942 4.813875 4.772830 4.715696 4.675601 4.635637 4.591926 4.554645 4.520499 4.494784 4.477440 4.465328 4.461166 4.708247 4.712971 4.476978 4.486504 4.478803 4.473046 4.460215 4.433938 4.397144 4.362735 4.320332 7.996211
1.607833 1.484932 1.476151 1.528917 1.836722 1.995072 2.131926 2.450049 2.632905 3.147446 3.470699 3.826087 4.323417 4.961663 5.497810 6.047606 6.383321 6.532928 6.543020 6.486086 6.547887 6.754716 7.173294 7.674756 8.157242 8.688948 9.221297 9.000164 9.585158 11.585718 8.891442 8.945812 10.746820 10.752699 4.945161 4.952125 4.929010 4.893273 4.855375 4.814345 4.774221 4.728859 4.682613 4.639284 4.591257 4.552108 4.536553 4.736266 4.510478 4.500361 4.719563 4.737082 4.741756 4.530173 4.553985 4.558244 4.559888 4.558751 4.548346 4.521386 4.491192 4.453698 4.382688
1.053029 1.027220 1.203136 1.694418 1.972870 2.011696 2.032296 2.377118 2.510412 2.922041 3.229455 3.636687 4.215329 4.849893 5.306701 5.731229 5.934312 5.975616 5.888770 5.854247 5.966708 6.299745 6.813058 7.271216 7.740269 8.314512 8.914474 8.719630 9.373691 9.681425 10.619793 10.676915 10.681278 10.658092 6.288175 4.947809 4.925730 4.895264 4.860338 4.816150 4.779546 4.743318 4.691456 4.632122 4.578371 4.739743 4.744354 4.541417 4.530693 4.524068 4.532315 4.541990 4.548197 4.563388 4.581490 4.582823 4.587187 4.587514 4.578671 4.565693 4.543841 6.202044 6.139026
0.514307 0.384450 0.968297 1.504347 1.767805 1.760409 1.916683 2.148151 2.537625 2.798532 3.143435 3.544953 4.088063 4.621770 4.996209 5.340125 5.499270 5.454133 5.344475 5.370375 5.557990 6.012239 6.548082 7.002498 7.486808 8.030834 8.704781 8.627622 9.206405 9.598754 8.645862 10.640537 10.712913 10.745654 6.075202 4.929276 4.897076 4.872318 4.833412 4.795142 4.764775 4.729640 4.677238 4.614851 4.552593 4.719275 4.737688 4.538104 4.545765 4.540393 4.543745 4.547583 4.555543 4.562204 4.568828 4.564731 4.558363 4.559168 4.567353 4.570625 4.561939 4.544010 4.496134
0.144635 0.264921 1.871004 2.627031 1.122324 1.267017 1.493735 1.838311 2.291878 2.598273 2.955622 3.433049 3.850570 4.281689 4.658530 5.039997 5.212223 5.161449 5.079803 5.157924 5.423737 5.953005 6.483845 6.954429 7.437541 7.925515 7.955010 8.600329 9.115349 9.546723 8.492490 10.465285 10.665649 9.619924 7.109614 5.434178 4.861132 4.825007 4.775793 4.742282 5.311999 5.257915 5.222382 5.154941 4.484293 4.473795 4.491351 4.498027 5.134998 5.112818 5.115297 5.117457 5.121565 5.122630 5.085303 4.379039 4.296609 4.352428 4.456754 4.509526 4.535130 4.523452 4.486276
0.170207 1.375854 1.550765 1.668999 0.645797 0.954950 1.280647 1.651874 2.028580 2.394905 2.689402 3.190020 3.552454 3.985944 4.465097 5.000591 5.291005 5.317457 5.269583 5.339904 5.597603 6.134949 6.707122 7.153091 7.510378 8.076423 8.224926 8.686314 9.773102 9.492667 11.095329 9.406537 9.784800 9.783463 9.803333 9.806860 6.868550 6.767622 9.337681 9.159069 8.887455 8.797598 5.737988 4.405575 4.355140 4.350409 5.326574 4.850554 4.858739 4.868572 4.891819 4.899063 4.924503 4.824877 8.221653 7.993905 8.447495 8.308860 8.412674 8.559721 4.343615 4.392156 4.396034
1.871066 2.103620 2.172090 2.245816 0.859465 0.829925 1.217730 1.617446 1.793062 2.073878 2.376210 2.780890 3.357243 3.839462 4.414480 5.098845 5.560954 5.711439 7.261831 5.825552 5.957433 6.320128 7.043965 7.519313 6.891732 8.350001 9.081225 9.541416 9.815152 9.891798 9.230012 9.135181 9.705845 9.523254 9.414576 8.876095 9.085042 8.575950 8.411017 8.205771 8.026805 7.887179 7.768819 7.717770 7.694396 7.593025 7.398042 8.093307 7.955190 7.925511 8.017780 8.122107 8.214299 7.877464 8.260074 7.371649 7.405445 7.276816 7.155332 7.477583 8.376018 8.493853 7.703316
2.270216 2.677407 3.017363 3.262119 1.525025 1.335163 1.221799 1.422466 1.683422 2.066377 2.558825 3.066717 3.543940 3.928048 4.468522 5.170361 5.804402 7.586211 7.602753 7.972300 6.208628 6.142273 6.793790 7.227242 8.118159 8.980766 9.430653 9.653112 9.690742 8.960097 8.865609 9.435944 9.368964 9.367421 8.713848 8.373980 8.204950 7.977879 7.855877 7.628871 7.440625 7.375548 7.242255 7.094726 6.984867 7.010737 7.806836 7.551057 7.320563 7.174670 7.220005 7.256856 7.348690 7.873268 7.847306 7.058556 6.781156 7.221958 7.190866 7.521000 7.703551 7.808431 8.004914
2.459162 3.157559 3.803656 1.706562 1.825035 1.817326 1.814308 1.881404 2.105766 2.565199 3.078180 3.523331 3.889811 4.228883 4.698283 5.296129 5.957109 7.545881 6.922947 8.456830 6.515122 6.313092 6.529020 7.596960 8.496539 9.434888 9.473748 8.771548 8.781490 9.249680 8.470495 9.057012 8.972059 8.921838 8.069688 7.868739 7.597633 8.198199 7.286708 7.892069 6.802534 7.653346 6.703985 6.571995 7.337329 7.296306 7.295024 7.019934 6.701319 6.513094 6.511727 6.444746 6.456761 7.192649 7.243984 7.024640 6.794255 6.562891 6.553825 6.862129 6.969284 7.076949 7.301425
2.576578 3.428995 1.518762 1.753627 1.948517 2.084820 2.303941 2.454012 2.599380 2.880022 3.288256 3.753142 4.091073 4.642885 5.131836 5.606678 6.150363 6.682418 7.319997 8.894136 6.777948 6.998289 7.862394 9.168271 3.744113 9.220940 9.207776 8.468154 8.946387 8.784525 8.033041 7.987907 8.521298 7.716453 7.563245 7.316707 7.741843 7.516504 7.381990 7.223052 6.230500 7.002518 6.906995 6.813524 6.668319 6.550912 6.751319 6.523812 6.088274 5.812996 5.790753 5.724432 5.867729 6.561462 6.548305 6.419308 6.264801 5.977624 5.922666 6.157941 6.233259 6.342684 6.587353
2.197010 1.000354 1.174277 1.617407 2.114279 2.375891 2.603477 2.766347 2.957110 3.126732 3.411032 3.979012 4.626007 5.177938 5.654518 6.073101 6.482496 6.936188 7.503818 8.904734 7.437521 8.148643 9.229538 9.275529 8.519379 8.374809 8.138775 8.616104 8.454813 8.287085 8.153465 8.121086 8.041777 7.873060 7.626426 7.351153 7.067552 6.833109 6.600076 6.445074 6.351243 6.231526 6.074621 5.997218 5.914198 5.733124 6.162395 6.128639 5.655347 5.225384 5.099659 5.073017 5.394704 6.005673 5.934491 5.788060 5.681535 5.417891 5.293608 5.471353 5.562310 5.666890 5.900269
1.665404 0.740769 1.051599 1.359952 2.101724 2.672657 2.927055 3.126932 3.384741 3.577367 3.668317 4.444755 5.147136 5.752079 6.222457 6.591720 6.967257 7.324050 8.457395 8.760232 9.074628 8.523415 9.224645 8.388203 8.235434 8.029727 8.299945 7.550946 7.393852 7.745387 7.591809 7.569992 7.516611 7.282497 6.968939 6.668253 6.403704 6.147076 5.838940 5.700232 5.672207 5.493062 5.291043 5.214881 5.214334 4.988754 5.480937 5.777767 5.323128 4.807933 4.509846 4.447744 4.890882 5.404366 5.312471 5.163514 5.094791 4.926856 4.815228 4.921243 5.035982 5.166123 5.303551
1.626195 2.503218 1.237114 1.548038 1.932716 2.840624 3.330531 3.579994 3.877307 4.122084 4.196343 4.587880 5.594110 6.256956 6.711853 8.325757 8.682729 8.986689 9.105071 9.095031 8.443647 9.203472 8.372025 8.139128 7.841450 8.109831 7.819197 7.554245 7.325643 7.148230 7.007233 6.997239 6.943410 6.657116 6.280632 5.981812 5.740680 5.457394 5.098331 4.962352 4.965655 4.733482 4.538157 4.436142 4.457172 4.277193 4.710951 5.403518 5.012725 4.449352 4.041214 3.908313 4.319987 4.758519 4.690419 4.547334 4.498988 4.409331 4.395679 4.486996 4.593345 4.743135 4.610273
1.728685 3.091877 4.443369 1.833347 2.078775 2.698836 4.787098 5.357771 5.788100 4.474098 4.682720 6.140881 6.123793 6.480410 6.941461 7.629660 8.361698 8.889132 9.249160 9.258616 8.885636 9.025792 8.053754 8.329698 7.983137 7.647458 7.309433 6.985044 6.714025 6.505794 6.402191 6.381819 6.325380 6.007927 5.573143 5.288913 5.095598 4.783299 4.386457 4.229974 4.220036 3.948502 3.729174 3.626663 3.605322 3.577806 3.990457 4.973331 4.719728 4.119091 3.632133 3.442468 3.580242 3.796322 3.973649 3.834596 3.813681 3.780974 3.816253 3.943967 4.072717 4.232039 4.050778
2.196093 3.329973 1.030820 1.697607 2.181988 2.548396 3.226971 3.836624 4.500945 4.795520 4.882561 5.427245 5.919484 6.414620 6.886802 7.406110 7.975213 8.668772 9.039211 9.100434 9.097848 8.756264 8.268571 7.922170 7.575729 7.172910 6.764785 6.384944 6.093072 5.878006 5.795588 5.739293 5.712869 5.406305 4.943280 4.635241 4.512715 4.181402 3.767854 3.515788 3.502615 3.283840 2.990545 2.876199 2.898500 2.888981 2.326337 4.582245 4.394557 3.756389 3.185775 2.922796 2.922305 3.066162 3.225504 3.030153 2.990022 3.077053 3.160375 3.327254 3.511110 3.711620 3.739263
1.586112 1.869332 0.584926 1.296769 1.917542 2.349669 2.711596 3.182967 3.745435 4.578489 4.985674 5.422995 5.901366 6.378536 6.848351 7.390666 8.014975 8.657657 8.938987 9.138122 8.885423 8.387742 7.858114 7.447495 7.116553 6.682602 6.191681 5.744351 5.452437 5.260285 5.192287 5.114295 5.145177 4.861773 4.409208 4.047213 3.943930 3.623990 3.222324 2.503321 2.820102 2.394872 2.332711 2.214207 2.017776 1.624743 2.062386 3.514516 4.047029 3.390342 2.764148 2.360910 2.240401 2.616711 2.579345 2.349443 2.265536 2.415850 2.567631 2.781423 3.060596 3.293273 3.151436
0.628852 1.102434 0.278631 0.900082 1.587590 2.286936 2.843457 3.410896 4.008286 4.700349 5.192240 5.665649 6.144880 6.606728 7.020771 7.493624 8.410897 7.554626 8.326080 9.023314 8.553550 7.915158 7.364621 6.892998 6.570126 6.153607 5.609056 5.094588 4.782030 4.622096 4.186333 4.541484 4.649399 4.379867 3.966226 3.624964 3.126674 3.084995 2.667561 2.094718 2.190568 1.798373 1.693894 1.434633 1.523577 1.096523 1.930793 3.082728 3.606015 2.941248 2.238537 1.696595 0.815415 1.379899 1.417834 1.550817 1.422472 1.214213 1.952772 2.366622 2.728040 2.944172 2.131062
1.421577 1.604840 2.074264 2.418777 2.020797 2.646442 3.281087 3.929943 4.434792 4.913226 5.507090 6.006587 6.499464 6.966907 7.352175 7.792858 8.699487 7.300272 8.501947 8.799537 8.158731 7.379568 6.783069 6.278213 5.938067 5.564545 5.032453 4.474911 4.112476 3.976350 4.020065 4.025999 3.893774 3.996716 3.600434 2.971029 3.051407 2.658943 2.181869 1.557044 1.344019 1.213733 1.199358 1.374689 1.339646 1.033945 1.939101 2.601797 3.114510 2.351297 1.571289 0.996220 1.663707 0.593229 0.764502 0.625619 0.967491 1.261449 2.657255 1.836221 2.168708 2.918295 2.892998
1.780811 2.716767 3.754836 4.640604 2.646771 3.047039 3.554206 4.211106 4.763256 5.373710 5.950686 6.415698 7.519840 7.531528 7.726283 8.088255 8.587130 7.389134 8.983453 8.552766 7.766327 6.859488 6.165819 5.630731 5.240393 4.904607 4.114642 3.576678 3.440000 2.959842 2.975376 3.074080 3.477436 3.291592 2.862051 2.512660 2.608775 2.164002 1.802122 1.177551 0.958966 1.246442 1.563123 1.677844 1.481931 1.416460 1.947079 2.299633 2.500782 1.597577 1.575641 1.559563 1.220884 0.092069 1.111708 1.048036 1.227062 2.156582 3.378394 1.613930 2.448158 2.957536 3.223272
1.359743 2.076778 3.633518 5.135222 2.766566 3.152357 3.665830 4.632427 5.235415 5.838547 6.284079 6.631563 6.098319 7.221389 7.610541 8.087075 8.616151 7.695945 8.911727 8.344757 7.435168 6.442603 5.621082 4.988642 4.539338 4.174429 3.450612 2.979786 2.555762 2.418270 2.926829 2.465616 2.689699 2.741493 2.300383 2.229416 1.691497 2.245289 2.013456 2.221719 2.718980 3.561542 1.798881 1.696898 1.497967 1.718418 1.600626 1.989880 1.849623 0.807631 1.053979 1.076276 0.796904 0.612404 0.515800 0.901458 1.597859 2.865467 1.278002 1.603441 1.778896 1.932153 2.141481
1.811936 2.938962 1.247673 1.930405 2.706332 3.230627 3.870453 4.557258 5.027872 5.997637 5.780544 5.600734 6.644966 6.931943 7.417189 7.969632 8.581330 7.810221 8.486189 8.228873 7.234319 6.193766 5.277641 4.519701 3.949544 3.163902 2.808872 2.365305 2.045375 2.028664 2.203099 1.834064 1.931910 2.063958 1.728250 1.581617 0.833465 0.925247 2.019628 2.515396 2.980665 1.138957 1.196328 1.181595 1.120394 0.727366 1.057949 3.065167 0.510249 1.521930 1.056971 0.729881 0.452476 0.423521 0.460617 1.219470 2.082888 3.162942 1.169643 1.495422 1.666180 1.903889 2.628842
2.258787 1.085839 1.533171 2.029993 2.615192 3.641967 4.300238 4.953471 5.415348 5.836384 6.067766 6.252205 6.495867 6.845196 7.405630 7.980265 8.638132 8.770568 8.941024 8.213186 7.190695 6.124643 5.162516 4.331432 3.663857 3.235416 2.528952 1.976629 1.718669 1.520430 1.522886 1.866080 2.057490 1.347718 1.121044 1.579218 1.016399 1.086269 1.485553 1.285765 1.304015 1.878547 2.185440 2.604388 0.817289 2.732212 2.779618 2.193390 0.010181 -0.001172 -0.006672 0.596435 0.562337 1.228491 1.592732 2.200526 3.061102 4.089873 1.233406 1.550647 2.545175 3.003586 3.782134
1.790257 0.918193 1.471973 1.990544 2.493362 3.032340 3.662958 4.730651 4.785210 5.631475 5.947554 6.275643 6.609992 6.760042 7.063558 8.071842 8.806132 8.822662 8.981429 8.294388 7.311961 6.265933 5.295881 4.436900 3.719878 3.096456 2.479918 2.171424 1.628019 1.227699 1.020409 0.985478 1.183439 1.274418 1.023158 0.844285 0.529183 0.557377 0.783511 0.882191 0.741897 0.746336 0.748802 0.887113 1.432820 1.266211 1.260146 0.724866 0.397880 -0.028382 0.020937 0.130051 0.825524 1.609307 2.429425 3.325509 4.162301 5.005551 1.380612 1.710573 1.734078 3.311540 2.846655
1.078184 1.568033 2.066678 2.400249 2.690744 3.030813 3.546236 4.156955 5.051085 5.590970 6.066157 6.052411 6.250202 6.806985 7.970823 8.580098 8.376771 8.253829 8.456475 8.435380 7.578024 6.589712 5.632302 4.775642 4.031220 3.345420 2.644235 1.926502 2.170013 1.446351 1.012558 0.622146 0.585793 0.604135 0.554717 0.537610 0.478934 0.393490 0.517596 0.575772 0.447016 0.348046 0.381342 0.553867 0.750283 0.473921 0.486862 0.312804 0.047884 -2.414832 -1.530128 -1.015670 0.500467 1.039868 2.230157 0.405035 0.518309 1.042244 1.605054 1.831696 2.884908 3.652871 3.972896
1.565477 2.037882 2.499559 2.905238 3.228592 3.420730 3.675987 4.277793 4.989697 5.725728 5.495708 5.528821 6.607322 8.132794 8.607921 8.763071 8.809370 8.754717 8.691488 8.492436 7.482091 7.047591 6.119036 5.248965 4.481568 3.737739 2.956439 2.094668 1.551003 1.431845 0.894175 0.449694 0.370146 0.216908 0.211514 0.297607 0.127407 0.092437 0.082226 0.083717 0.020612 -0.002760 0.163366 0.496107 0.485416 0.312254 0.335071 0.340376 0.135212 -2.781635 -0.942912 -3.066933 0.505954 0.852211 1.687125 3.302267 0.467950 1.052640 1.813680 1.797840 2.889426 3.690986 3.911600
1.646045 2.026018 2.454758 3.020010 3.561780 3.890112 4.107368 4.496889 5.019537 3.953556 2.990729 6.569699 7.472391 8.493478 8.528908 8.362904 8.212164 8.122196 8.189706 8.295183 7.618186 7.071017 6.637972 5.772558 4.965092 4.160212 3.307325 2.403294 1.293183 0.390037 0.752849 0.417452 0.113289 -2.964409 -1.624194 -1.367777 -0.663829 -0.840023 -1.066985 -0.829703 -1.253565 -0.823866 -0.719227 -1.266761 -2.886245 0.010029 0.114739 0.400373 0.478867 0.387328 0.168464 0.621140 0.740170 0.886574 1.641061 0.263745 0.434514 1.058463 1.897435 1.987262 2.230079 2.828034 2.703222
2.461839 3.334163 4.574650 3.078608 3.763889 4.168433 4.619481 4.753862 4.281147 4.095698 6.494751 7.416897 8.249564 8.125515 7.855456 7.524327 7.321521 7.273103 7.480533 7.819750 7.935275 7.725049 7.250492 6.261912 5.388348 4.491201 3.558406 2.580737 1.587284 0.579389 0.270536 1.043148 0.607125 0.499796 0.029705 -1.048783 -0.000574 0.491232 0.478200 0.435285 -0.912778 -0.678179 -0.631999 -1.210138 -1.162245 -0.737926 -0.678380 -0.679206 -0.665708 -0.885932 0.392748 0.825830 0.635434 1.131624 2.259021 3.826751 5.249654 1.018512 1.873100 2.458340 2.481975 2.460701 3.161683
2.824836 4.350913 2.683338 3.293039 3.875863 4.569801 5.045924 4.868995 2.652022 5.878635 7.229306 8.100868 7.809080 7.385409 6.949502 6.558007 6.354731 6.357686 6.653280 7.154732 7.501585 7.639017 7.348873 6.676126 5.711612 4.705193 3.696425 2.700683 1.697445 1.081684 0.743909 2.120582 1.559663 0.786085 0.632813 0.732133 0.815826 1.232889 1.067489 0.762601 0.148237 -0.693543 -0.724938 -0.661107 -0.797985 -0.835888 -0.773370 -0.600384 -0.573987 -0.852030 0.591175 0.708745 0.713618 1.212694 2.132683 3.784874 0.391424 0.823239 1.749896 2.613279 2.536080 3.238855 2.468235
