geotop_simulations/templates/TEST_Venosta_3D_034_template/rec/SoilTemperature0000L0006.old.asc
ncols         252
nrows         194
xllcorner     598250.000000
yllcorner     5144500.000000
cellsize      250.000000
NODATA_value  -9999.0
[rows 112 to 139 of 194, columns 62 to 123 of 252]
3.044515 3.785177 3.826730 3.676644 3.727308 4.354448 4.692246 4.761266 5.009051 5.112201 4.815065 4.378527 4.764479 5.265491 5.933525 6.638421 7.165618 7.523716 7.652994 7.661714 7.719239 7.818404 8.072823 8.469393 8.910550 9.385968 9.885896 10.427112 10.915906 11.668770 10.417999 10.245523 10.457320 16.455546 16.150022 9.650603 6.035690 6.021775 5.985136 5.926480 5.872939 5.823354 5.751065 5.702984 5.654061 5.597890 5.548311 5.505038 5.472819 5.452458 5.440713 5.439660 5.148937 5.154622 5.472683 5.494760 5.493981 5.497423 5.492429 5.477423 5.452434 5.437142
2.704051 2.394342 3.291707 3.249171 3.488074 4.123610 4.432017 4.641525 4.720685 4.496070 3.856620 4.296791 4.866063 5.437043 6.085349 6.597446 6.967673 7.072621 7.099051 7.088031 7.039364 7.170348 7.502121 7.927888 8.396860 8.924234 9.501672 10.069405 10.907298 11.484588 17.677489 10.189592 10.301900 16.086502 16.091650 6.035709 6.046512 6.014180 5.968294 5.920068 5.870472 5.821821 5.765787 5.708282 5.653532 5.592204 5.542043 5.522941 5.174432 5.488416 5.475600 5.156142 5.178154 5.182451 5.525843 5.565684 5.575689 5.583930 5.590778 5.587621 5.567205 5.540369
2.694936 2.681308 2.672676 2.943298 3.891761 4.415243 4.533758 4.407921 4.357917 4.152187 3.763254 4.277020 4.767152 5.329350 5.849953 6.165645 6.417518 6.515430 6.535339 6.416921 6.427867 6.705620 7.148827 7.577309 8.009576 8.535430 9.171574 9.824679 10.687373 11.289857 11.566054 15.736040 15.888662 15.951092 15.919382 9.819084 6.042310 6.010845 5.971809 5.929621 5.875089 5.831751 5.788052 5.721555 5.645641 5.577203 5.181867 5.186706 5.533397 5.513249 5.504011 5.518618 5.532804 5.542498 5.567670 5.597507 5.602303 5.613063 5.621170 5.619341 5.612404 5.595190
2.248562 2.010785 1.881050 2.890264 3.826604 4.177547 4.126721 4.053438 3.824668 3.322569 5.013105 5.496285 4.581390 4.992326 5.380009 5.693262 5.983261 6.092554 6.024757 5.906286 6.049484 6.414490 6.850775 7.309153 7.814797 8.362761 8.987795 9.691364 10.669750 11.176125 11.490135 9.811443 15.835404 15.990742 16.081384 7.110016 5.998681 5.976080 5.943915 5.894661 5.848155 5.816340 5.775476 5.708502 5.629279 5.550582 5.163842 5.183931 5.535458 5.537573 5.527765 5.533654 5.541456 5.555627 5.569737 5.583827 5.586235 5.587093 5.594669 5.610209 5.619824 5.617007
1.010341 0.838393 1.502833 8.290797 9.287503 3.243807 3.270281 3.203656 3.416155 4.286856 4.891658 5.160429 4.301281 4.585100 4.961548 5.375802 5.760227 5.886349 5.822804 5.779914 6.006471 6.362670 6.825866 7.352308 7.917222 8.501996 9.077936 10.177241 10.693559 11.181576 11.479631 9.621676 15.526362 15.918542 13.819025 9.676347 8.065302 5.938201 5.890137 5.829759 5.796981 7.871274 7.784540 7.724827 7.622207 5.471757 5.473425 5.501774 5.504084 7.573808 7.533003 7.535580 7.543183 7.557586 7.574379 7.541232 5.352998 5.243397 5.343503 5.493722 5.559754 5.594807
6.405516 1.052250 7.165249 7.875692 7.919091 2.504265 2.707188 2.853811 3.394425 4.170828 4.577771 4.596275 3.912557 4.252938 4.761812 5.378357 5.966030 6.216569 6.248023 6.221695 6.363362 6.701261 7.273398 7.846862 8.347724 8.813142 9.367295 10.616837 11.028761 10.772977 11.396082 16.843975 11.162353 14.177036 14.201861 14.290533 14.336746 9.304600 9.156366 13.603895 13.374028 13.039192 12.916912 6.811899 5.400509 5.334849 5.349997 6.223419 7.239393 7.246780 7.255762 7.284975 7.292738 7.331056 7.189987 12.089229 11.629437 9.082616 9.030624 9.191928 9.259502 5.380835
8.570434 8.525070 9.220310 9.285093 9.074722 2.763395 2.529315 2.937207 3.604495 3.850762 3.906308 3.970871 4.424680 4.193693 4.832378 5.540048 6.256764 6.670065 6.778504 12.835083 6.931093 7.218420 7.662735 8.322773 8.840696 9.792841 9.745538 10.326113 10.623556 10.647508 10.577943 10.799769 10.809478 10.491968 13.852672 13.728447 10.567358 13.130015 10.166566 9.951063 9.704518 9.575927 9.504610 9.414650 9.360016 9.325646 9.221892 8.923036 8.751391 8.615221 8.595563 8.686231 8.809125 8.940061 11.649554 8.860640 10.855966 11.046757 11.146136 11.157170 11.435361 9.093612
2.739553 9.269643 10.094075 10.583527 10.755640 3.788118 3.366562 3.102172 3.353961 3.623267 3.887476 4.437649 5.179539 5.835719 6.283133 5.563967 6.271220 6.913888 13.324032 13.109596 13.784628 8.936207 8.955040 9.557953 10.063638 9.631169 10.213478 10.399110 10.409949 10.326607 10.417649 10.410603 10.154284 10.104891 10.060605 12.523329 9.756812 9.558461 9.369551 9.177138 8.966011 8.896243 8.896077 8.737858 8.565189 8.470540 8.479695 8.411146 8.141740 7.916334 7.779322 7.814038 7.900800 8.085684 8.536319 8.444710 10.667051 10.342336 7.913315 7.960681 8.192294 8.333516
7.727107 9.601511 10.662785 11.506443 4.254622 4.180590 4.052006 4.077890 4.160767 4.369564 4.874190 5.517514 6.070236 6.440626 6.676981 5.758196 6.307714 6.965574 13.160145 7.945953 14.283555 9.355121 9.331801 9.585800 10.405720 9.606936 10.213294 10.101231 10.217745 10.210868 9.871509 10.034530 9.714430 9.603008 9.525843 9.398374 9.123630 8.881066 8.775114 8.566966 8.468355 8.215880 8.288769 8.119283 7.968317 7.980887 7.947128 7.910824 7.607673 7.306924 7.130249 7.127472 7.150849 7.242133 7.829710 7.811880 7.620408 7.391470 7.254881 7.271239 7.474115 7.585934
8.423291 9.770950 10.846729 4.069952 4.305205 4.242560 4.361004 4.766584 4.997209 5.151730 5.464021 5.929652 6.418303 5.336099 5.846903 6.283029 6.644455 7.097885 7.654334 8.341261 14.780143 9.699711 9.959802 10.507333 10.084638 4.610985 9.753526 9.812979 9.924372 9.503581 9.374567 9.510255 9.467805 9.145641 9.107794 8.849802 8.594477 8.294012 8.070088 7.923186 7.809981 7.641268 7.605525 7.493481 7.401783 7.299143 7.252634 7.399269 7.091239 6.673642 6.418256 6.442336 6.519057 6.673487 7.161992 7.106769 7.025003 6.866070 6.670634 6.611153 6.764197 6.859112
8.458986 9.086424 3.261248 3.513833 3.981041 4.398422 4.696143 5.089892 5.321110 5.537292 5.736549 6.089888 5.277613 5.902790 6.425284 6.855318 7.224674 7.560083 7.938907 8.530327 14.712400 10.155779 10.476024 9.951491 9.851000 9.788702 9.667576 9.525559 9.165002 8.984331 8.839540 8.748596 8.765979 8.642354 8.402199 8.123168 7.870508 7.605171 7.328661 7.099355 6.984656 6.879653 6.732380 6.580850 6.533444 6.497867 6.454579 6.863138 6.707745 6.234064 5.831567 5.799907 5.924277 6.163207 6.612621 6.539080 6.416780 6.258792 6.060114 5.947854 6.078948 6.198121
8.209514 8.211970 2.841667 3.122408 3.432306 4.394149 5.011093 5.357905 5.672678 5.934997 6.177816 6.379107 5.767802 6.463160 7.011400 7.424787 7.784062 8.151315 8.501814 14.128792 14.409690 14.361805 10.129560 9.778555 9.737221 9.569971 9.372063 8.850807 8.837353 8.643397 8.267006 8.183016 8.187660 8.042171 7.764973 7.461277 7.200848 6.911299 6.610316 6.369641 6.275073 6.184554 5.995823 5.825149 5.779992 5.821713 5.780022 6.288517 6.379020 5.895543 5.425130 5.239144 5.301132 5.612128 6.009998 5.901866 5.767677 5.675389 5.582710 5.518581 5.599811 5.732275
7.827469 8.128059 9.114850 3.414911 3.766313 4.221617 5.211654 5.788894 6.136120 6.403661 6.753825 6.912917 7.222561 6.813339 7.394294 7.828441 14.176855 14.538477 14.923980 14.995086 14.798989 10.335377 9.779432 9.785531 9.480445 9.129723 8.640432 8.352089 8.063301 7.796732 7.659750 7.606433 7.574566 7.438448 7.110481 6.761106 6.495474 6.207629 5.916793 5.671404 5.551104 5.458261 5.273216 5.114599 4.996049 5.072939 5.094677 5.563471 6.016972 5.548061 5.033296 4.785516 4.747010 4.995760 5.344393 5.259742 5.153339 5.126292 5.108899 5.157294 5.224500 5.314322
6.477955 8.398985 10.087392 11.724698 4.277332 4.453780 4.909668 10.251739 11.009781 11.557805 6.941173 7.121684 11.552113 11.004205 7.227243 7.715507 12.583164 13.617809 14.421805 14.987183 14.659274 13.039002 9.538574 9.385191 8.863151 8.516482 8.167182 7.801465 7.452357 7.157688 7.003142 6.943395 6.905704 6.789799 6.405899 6.021381 5.793121 5.554790 5.249561 4.941618 4.772588 4.682888 4.454531 4.226403 4.097785 4.172306 4.355356 4.848217 5.602197 5.230061 4.693158 4.366997 4.190386 4.159579 4.267541 4.499038 4.417554 4.435518 4.435216 4.490861 4.579250 4.740873
7.549367 9.222696 10.407010 3.272670 3.909093 4.226988 4.228415 7.202473 8.062669 8.939403 9.180819 9.060025 6.067459 6.492197 6.957753 7.487819 8.112195 8.799630 13.859421 14.367125 9.901404 9.646723 9.226114 8.789675 8.454732 8.084520 7.660098 7.214720 6.842171 6.563554 6.383438 6.306326 6.260620 6.190491 5.812100 5.430353 5.201629 5.024235 4.678249 4.290626 4.022841 3.995587 3.782190 3.442821 3.337958 3.544111 3.773228 4.360412 5.245214 4.885203 4.287801 3.807831 3.589552 3.511908 3.540283 3.720255 3.560647 3.566214 3.673909 3.745944 3.889027 4.183053
7.837695 8.083756 8.009615 2.273044 2.932663 3.363240 3.589951 4.010138 4.540544 5.082831 5.155247 5.640776 6.128447 6.630060 7.137168 7.666415 8.267292 8.921975 13.821907 13.913782 9.757706 9.349759 8.836595 8.328198 7.932298 7.605564 7.133920 6.596724 6.179804 5.913977 5.741285 5.695290 5.666076 5.657414 5.289138 4.942164 4.630514 4.443964 4.109336 3.737176 3.786162 3.370462 3.584763 2.795715 2.771084 3.800160 3.812508 4.219344 5.036498 4.518682 3.888380 3.322501 3.034000 2.872476 3.140630 3.076620 2.903582 2.879580 3.011512 3.129251 3.406003 3.879655
6.371554 5.571600 6.037533 1.539334 2.103082 2.750144 3.696042 4.574828 5.194912 5.912856 5.702162 6.335841 6.858494 7.309357 7.719773 8.118972 8.565507 13.643560 11.637630 12.448161 9.528914 8.956331 8.309391 7.755665 7.329428 7.026908 6.560791 6.005570 5.514931 5.211807 5.080090 5.482843 5.130647 5.161437 4.815546 4.543997 4.229886 4.315406 3.531095 3.166041 3.508398 2.764874 2.870955 2.126918 2.841737 3.401259 3.305168 3.961657 4.432707 4.065712 3.410833 2.739681 2.323255 2.126022 2.497221 2.505823 2.051674 1.951648 2.442265 2.568645 3.220530 3.768151
7.642177 7.638310 8.013520 8.229813 8.359933 3.882802 4.809997 5.675713 6.399021 7.053213 6.217327 6.777439 7.293082 7.768761 8.177507 8.562481 8.920221 13.906023 10.971530 8.801262 9.240107 8.545997 7.763674 7.165786 6.682748 6.342571 5.961314 5.452125 4.889555 4.523659 4.425449 4.580195 4.665780 5.230166 4.476087 4.199740 4.437117 3.600442 3.157537 2.688522 2.856040 2.482490 2.164276 2.438638 3.221641 3.494291 3.230715 3.695825 3.719427 3.527487 2.728892 1.946119 1.533877 6.435387 1.626801 1.801255 1.757276 5.105460 5.942933 8.210746 3.867954 4.426189
7.165391 8.867238 10.024087 11.319521 12.401798 5.290355 5.789525 6.357955 6.997518 6.103513 6.627938 7.096547 7.516187 12.825749 12.306114 12.424740 8.913367 9.411060 10.879590 9.563125 8.959556 8.132638 7.222221 6.521438 6.002658 5.627511 5.288845 5.145390 4.616743 3.833382 4.063571 4.363379 4.609979 4.852840 4.484275 4.137861 3.879093 3.173016 3.467410 2.291190 2.382432 2.134590 2.662166 3.563357 4.094847 4.013300 3.725897 3.569058 3.388932 2.870982 1.846446 5.930895 6.815981 6.106047 0.450430 5.450881 5.396769 6.346492 8.166295 9.787709 3.779335 3.525119
6.163498 7.328868 8.613092 10.786981 12.845767 5.470206 6.000409 6.540829 5.915096 6.472034 6.931244 7.197671 7.288743 9.079108 7.598781 8.084217 8.731767 9.409366 11.252770 9.496835 8.769610 7.837723 6.841964 5.979339 5.340412 4.877350 4.493380 4.365866 3.948977 3.519975 6.781858 7.697935 3.759470 3.780404 3.762294 3.309498 6.549128 2.846609 6.627293 6.601096 7.746986 8.967591 10.472768 4.162594 4.183076 3.921621 3.832088 2.963914 3.099737 2.092428 0.573032 5.291636 5.682591 4.473439 3.504958 3.704578 5.315847 7.718361 9.554244 3.535689 3.970299 4.258032
6.693551 8.684280 9.971985 3.511760 4.177410 4.976099 5.515135 6.023387 6.487470 6.874484 6.671084 9.272073 8.216029 6.965288 7.386910 8.052892 8.731635 9.393119 11.204962 12.197193 8.667386 7.682355 6.674157 5.730596 4.927386 4.304231 4.038967 3.724023 6.314273 3.110520 6.801968 6.860155 2.934993 2.831501 2.956023 2.660527 5.786424 1.797624 1.760528 6.979172 8.416617 9.364023 3.032063 3.028874 3.090809 2.988547 2.140010 2.185751 7.300627 0.792240 5.869924 5.338920 4.298085 2.939020 2.697196 4.044541 6.510931 8.671947 9.931704 3.446452 3.862461 4.118530
7.358577 9.382144 3.450084 3.779179 3.986407 4.320672 4.301118 4.897276 5.508882 5.955675 6.270339 6.425768 6.685100 7.166735 7.743234 8.322654 8.888902 9.469113 12.992505 9.472416 8.650344 7.624755 6.608230 5.668907 4.837983 4.186562 8.078557 6.903316 6.173894 6.261275 6.331146 6.130218 6.338100 6.222892 2.228583 1.965099 6.296376 5.339344 5.367751 6.369328 6.248999 6.257193 6.950021 7.214399 7.723720 2.292864 7.223559 7.007592 6.097227 -0.006791 -0.016973 -0.018892 3.365921 4.855219 6.701781 7.984154 9.130522 10.157551 11.244560 3.642850 3.985440 3.742798
8.106415 8.367468 2.721493 3.156734 3.489756 3.860433 4.424158 5.078791 5.281141 6.077841 6.074932 6.513015 7.205050 7.884652 9.628528 9.857146 9.269908 9.663576 13.069055 9.563479 8.785744 7.806065 6.815540 5.856205 5.032665 4.418091 3.797816 3.062985 7.061016 6.575210 6.184908 5.448644 5.191315 5.280439 5.263840 4.892600 4.424288 3.474268 3.244094 4.272451 4.687582 3.996505 4.054521 4.062267 4.672569 5.612977 4.948646 4.678936 3.598714 2.167912 -0.036317 -0.004712 0.675074 4.759422 7.997316 9.298708 10.585580 11.566392 12.375604 3.841892 4.192187 4.276261
10.711630 3.527255 3.874151 4.234967 4.328862 4.396916 4.587885 5.005250 5.523820 5.577853 6.249375 7.085576 8.947947 9.346482 9.885393 9.359729 9.574225 8.951198 11.639548 12.125579 8.984889 8.183995 7.244331 6.269747 5.462924 4.812483 4.114212 3.320586 2.546364 7.885204 6.851490 5.480249 4.255969 3.361685 3.333456 3.065363 3.123797 2.895913 2.393255 3.081812 3.295135 2.535590 2.073651 2.333951 3.291797 4.199642 2.678711 2.604045 1.727088 0.263753 -1.655228 -1.233044 -0.560070 3.135137 5.876474 8.619863 2.248794 2.728924 3.451899 4.003103 4.286343 4.090207
3.919731 4.234675 4.620704 4.957715 5.289558 5.511242 5.450358 5.449833 6.056163 7.045464 6.915768 8.575300 8.769386 9.556049 9.276603 9.377256 9.255412 9.156048 9.088360 9.114414 9.061270 9.066739 7.670700 6.746581 5.993548 5.264961 4.453210 3.619989 2.695260 3.163021 6.741054 5.309173 4.032033 2.289821 1.294048 1.216342 1.783917 0.809259 0.651927 0.611079 0.565393 -0.004032 -0.132223 1.108682 3.085773 2.938102 1.848206 1.900227 1.921076 0.667404 -0.868704 -0.566346 -1.003589 3.205823 4.916282 7.536003 9.662690 2.496477 3.349987 4.183254 4.289665 4.114916
3.679217 3.862774 3.980667 4.429420 5.302870 5.924410 6.141364 6.206812 6.610627 7.641131 7.431333 6.910863 9.459934 9.503521 8.984070 8.842665 8.625856 8.459004 8.397437 8.520800 8.726774 9.071626 8.555972 7.287270 6.523464 5.674618 4.839985 4.003845 3.052718 1.433307 0.848369 5.080925 3.295562 0.765912 -1.835763 -1.264966 -1.071524 -0.403843 -0.463852 -0.568049 -0.466606 -1.007821 -0.470338 -0.392730 -0.609061 -1.543071 -0.012745 0.603806 2.342555 2.730719 2.159491 1.112895 3.770149 4.511998 5.121175 7.473141 1.657070 2.374508 3.349110 4.324671 4.515278 4.528180
2.286423 7.841723 9.187170 11.286233 5.359111 6.028539 5.118032 6.947369 7.314202 7.328059 7.505551 9.127002 8.950136 8.587056 8.367025 8.067555 7.744000 7.557177 7.536099 7.769445 8.118934 8.354931 8.323518 11.621860 6.975248 6.022053 5.102030 4.121283 3.048697 1.962391 0.497373 1.493305 6.567971 5.289807 2.922936 -0.008417 -0.536738 -0.087581 3.118953 4.027416 2.732362 -0.519517 -0.360121 -0.326379 -0.953834 -0.865168 -0.404773 -0.381191 -0.384091 -0.352665 -0.499926 2.826280 5.033799 5.523031 6.509124 8.565340 10.351164 11.944835 3.283335 4.164349 4.516110 3.929743
6.446605 8.730778 11.247784 4.973914 5.382711 5.854825 5.447844 6.019985 7.672819 6.157777 8.582611 8.885818 8.447469 8.078395 7.637414 7.190095 6.797983 6.600684 6.644570 6.966891 7.441979 7.834217 8.126776 7.961555 10.741115 6.252073 5.201008 4.115669 3.102389 2.876695 2.477899 2.495238 8.905401 7.772521 6.256053 5.516108 6.488818 6.501683 7.219664 7.065577 4.293088 1.010795 -0.498705 -0.384190 -0.353136 -0.430661 -0.472426 -0.418277 -0.314227 -0.302247 -0.492661 3.554826 5.213179 5.993546 6.585479 8.369936 10.264632 2.228073 2.868669 3.655806 4.165960 3.639556
