geotop_simulations/templates/TEST_Venosta_3D_034_template/rec/SoilTemperature0000L0005.asc
ncols         252
nrows         194
xllcorner     598250.000000
yllcorner     5144500.000000
cellsize      250.000000
NODATA_value  -9999.0
[rows 112 to 139 of 194, columns 126 to 188 of 252]
9.140482 8.985911 8.793640 8.605792 8.385423 8.127059 7.836581 7.528681 9.929951 9.572797 6.526494 6.113137 5.683198 5.182007 4.600521 3.880076 3.120754 2.723972 2.373768 2.034482 1.732101 1.470071 7.251858 1.069484 0.919334 0.870203 6.591973 0.982610 1.156927 1.300991 1.527867 1.815457 2.143367 2.453552 2.751897 3.100116 3.415481 8.842270 8.978751 3.780871 4.016565 4.223650 4.356444 4.642028 7.555397 7.826989 8.010689 8.153119 8.335491 8.467844 8.583293 8.695665 11.262290 11.168500 6.357212 5.239602 5.222962 5.217629 5.196771 5.182413 5.191234 5.228671 5.227096
4.998493 4.934501 9.023612 8.832913 8.593589 8.329335 8.049465 7.739755 10.105520 9.738764 6.716640 6.296799 5.859932 5.342154 4.761236 4.058592 3.175335 2.770333 2.460481 2.142067 1.854193 1.560011 7.310225 1.180001 0.885187 0.829269 0.835062 0.892942 1.053060 1.229138 1.435229 1.672031 1.932906 2.199183 2.457085 2.701195 6.551476 6.862877 3.598850 3.893056 4.154303 4.366606 4.528981 4.687247 4.823048 4.920268 5.040441 5.154328 5.198014 5.242638 5.312349 9.049130 9.075738 5.380126 5.318066 5.271821 5.241404 8.287946 8.668521 8.561654 8.337209 8.116329 7.954628
8.326088 5.045093 8.162007 10.779525 8.745113 8.515804 8.267614 7.960174 7.641237 7.319826 6.956087 6.522629 6.042988 5.543718 4.984134 4.265161 3.291723 2.887171 2.572938 2.247827 1.911448 1.605624 6.941035 1.247143 1.192649 1.177807 1.189252 1.264538 1.389533 1.343125 1.540872 1.789324 2.045743 2.315103 2.570936 2.810633 3.030580 3.395413 3.711730 3.984891 4.234611 4.445457 4.631580 4.798334 4.937539 5.050048 5.153660 5.246659 5.325948 5.392793 9.067467 9.080674 9.001145 5.357072 5.292818 5.253964 8.825026 8.688092 8.586701 8.401682 8.150319 7.934972 7.708617
8.397766 8.336849 8.266151 8.165165 10.761582 8.655867 8.421643 8.146513 7.825820 7.491989 7.147589 6.707972 6.232417 3.580631 3.345409 3.036903 3.247925 2.959887 2.608105 2.245415 1.898965 1.594967 1.330937 1.136900 1.035596 1.070876 1.117978 1.229646 1.429611 1.678230 1.944201 2.215694 2.137105 2.397012 2.655116 2.902240 3.165792 3.512061 3.806580 4.059841 4.286741 4.489107 4.688212 4.846894 8.580976 8.704049 8.800102 5.315387 5.384486 5.444063 9.093563 5.463633 5.369968 5.302187 7.288124 8.898967 8.758048 8.607254 8.440149 8.242689 7.983518 7.715296 7.407955
5.158605 8.342523 8.330899 8.310819 4.910017 4.886440 6.589437 6.438767 7.016822 7.112301 4.228132 4.051077 3.827027 3.606628 4.055098 3.878202 3.400739 3.692717 2.568425 2.189393 1.837506 1.515863 1.239746 1.045722 0.839199 0.860798 0.914319 0.965683 1.242472 1.568449 1.890081 2.242096 2.576939 2.432918 2.688595 2.941795 3.283213 3.604855 3.878847 4.117623 4.321172 4.510856 4.720290 4.878577 5.016600 5.131933 5.226995 5.309202 5.392064 5.452958 5.472075 8.953656 5.318686 5.269364 8.947587 8.803910 8.635808 8.447233 8.270294 8.055223 7.680825 7.153791 6.667436
5.070231 5.018238 4.995009 4.988228 8.262788 4.855872 4.777605 4.644242 4.533189 4.379568 4.156529 6.625260 6.335511 5.530494 5.640280 4.968388 3.999678 3.548311 2.474361 2.100763 2.448517 2.132171 1.923116 1.782834 0.292566 0.648253 0.691922 0.672103 1.072999 1.355541 1.662324 2.097723 2.476611 2.863357 3.227492 3.634235 3.336210 3.650493 3.920706 4.151063 4.347477 4.547781 4.751570 4.893877 5.014786 5.095816 5.157702 5.255062 5.360123 5.408350 5.416382 8.863997 5.270879 9.025931 8.896109 8.721190 8.529211 8.319703 8.111951 7.830329 7.330502 7.291650 6.768113
8.916941 6.954972 8.795731 8.536678 8.350591 13.083380 8.060460 7.865533 7.511708 7.158687 6.734497 6.854444 6.433485 5.798914 4.565850 4.352436 4.266877 3.356788 2.364444 2.015718 2.254297 1.926641 1.095537 0.941160 0.775180 0.711028 0.645671 0.458492 0.532556 1.191521 1.463011 1.831095 2.266021 2.691602 3.049573 3.579714 4.107916 4.986818 5.751478 4.168848 4.375643 4.580335 4.752796 4.894412 4.985912 5.011597 5.062289 5.164089 5.250914 5.245915 5.233344 6.304492 9.040163 8.967580 8.840410 8.655902 8.437697 8.191534 7.916849 7.643657 7.154338 6.922617 6.276012
8.574715 8.705635 8.614823 7.802488 7.964140 7.750911 7.613629 7.496948 7.295610 7.019178 6.718103 5.794326 5.410618 4.735122 4.175419 4.604832 3.963389 2.470984 2.317429 2.514327 2.088653 1.161538 1.511253 1.400751 1.338046 1.332257 0.721463 0.799087 1.738522 1.974422 2.263398 2.603783 3.039950 3.438165 3.849403 4.354510 3.878614 4.726781 5.729617 6.421301 5.445398 7.502841 6.551622 6.840132 7.613532 7.885780 7.959434 7.909422 7.988093 8.846635 8.780082 8.745645 8.859342 8.909674 8.687204 8.366729 7.931621 8.036378 7.908630 7.439455 7.106024 6.649507 5.824467
7.900088 8.244116 8.251367 9.084411 8.510686 8.063722 6.911749 6.753019 6.565742 6.323097 6.078265 5.822852 5.431828 4.913199 4.358445 4.197322 3.059229 2.239425 2.239037 2.018862 2.067628 1.546702 1.301963 1.203701 1.156304 1.168625 0.722263 0.801088 0.930535 1.733974 2.007416 2.325123 2.759019 3.182602 3.569952 4.129178 4.606772 5.363866 6.445601 6.395824 5.453740 7.529701 7.524650 7.954363 8.052509 7.354396 8.164343 7.521837 8.064940 8.252897 8.190188 8.046911 8.151009 8.403854 8.317784 8.314594 7.863324 7.503647 7.444164 7.421584 7.156601 6.486081 5.629206
7.197110 7.783737 7.905358 9.223895 8.954805 8.353479 7.679783 6.094310 5.857076 5.610557 5.384977 5.191882 4.860362 4.130105 3.912236 3.538077 2.867568 2.754806 2.077181 2.036846 2.185131 1.548642 1.179697 1.043813 1.000276 2.504642 2.542669 1.212047 2.707447 1.543860 1.807169 2.133010 2.544969 2.944589 3.381523 3.922113 4.169709 4.871915 6.114934 7.055422 6.939118 7.355797 7.345847 7.596140 7.473307 7.471911 7.490592 7.779509 7.656609 7.547765 7.569138 7.428931 7.529373 7.773478 8.138332 8.000170 7.557575 7.065150 6.816028 6.872901 6.865862 6.350037 5.596029
6.493574 7.299919 7.506802 7.068248 8.406326 7.828853 5.729035 5.415820 5.176019 4.903439 4.685264 4.493415 4.195059 3.945959 3.451946 3.420397 2.994198 2.553801 2.539992 2.475464 2.244456 1.626698 1.198356 1.029380 0.967297 0.988414 1.057054 1.157503 2.890888 1.471811 1.711501 1.982385 2.343788 2.742631 3.214718 3.643870 3.899381 4.669404 5.603421 6.724686 7.462647 6.953047 7.367943 7.048190 6.815247 6.749278 6.711183 7.127574 7.249572 6.996994 6.943913 6.761456 6.915001 7.086193 7.229289 7.580990 7.158865 6.643896 6.243935 6.218982 6.542298 6.282505 5.669659
5.828010 7.042317 7.113961 6.622469 7.796776 5.571370 5.174351 4.766159 4.466219 4.227893 4.036521 3.818896 3.499349 3.523243 3.181799 3.136877 2.722133 2.369502 2.390217 2.385322 2.253843 1.710737 1.256709 1.083858 1.039496 1.055186 1.109889 3.140256 3.167200 1.412742 1.579720 1.811870 2.161988 2.576193 2.912150 3.294799 3.750114 4.576410 5.245889 5.266578 6.666963 6.706589 6.937320 6.482626 6.188569 6.138109 5.963624 6.221558 6.650872 6.480460 6.357858 6.234401 6.404616 6.487960 6.373760 7.085036 6.748918 6.303629 5.858624 5.576166 6.025915 6.125775 5.572943
5.020998 6.824344 6.683641 6.084851 5.485418 5.019118 4.616425 4.165908 3.743834 3.525169 3.482322 3.261055 2.762998 3.141729 2.944773 2.882272 2.509981 2.183990 2.181184 2.217809 2.214788 1.768763 1.352793 1.154414 1.107547 1.118545 3.299548 3.265134 3.335331 1.364076 1.467925 1.654354 2.087925 2.402907 2.699866 3.153286 3.721391 4.355341 3.526024 5.336418 6.454536 7.003386 6.449859 5.917744 5.556326 5.448847 5.322162 5.448231 6.048364 5.998450 5.817867 5.662388 5.871713 6.010053 5.702130 6.545197 6.290849 5.893788 5.487633 4.965516 5.266955 5.202286 5.476014
5.126688 6.404763 6.216564 5.539085 4.918359 4.455805 4.008209 3.546907 3.155109 2.910783 2.903491 2.733085 2.145564 2.577445 2.652014 2.591186 2.112912 1.882531 1.888818 1.891697 1.879108 1.794985 1.350328 1.109652 1.060559 1.075365 1.103335 1.162026 1.235335 1.449346 1.594683 1.706075 1.897815 2.236951 2.650091 3.134224 3.581045 2.540174 2.570619 5.783050 6.259300 6.609248 5.903976 5.300550 4.897522 4.713311 4.612283 4.753421 5.277599 5.465207 5.318832 4.986804 5.068900 5.349699 5.134021 5.818764 5.720504 5.355676 4.982871 4.455336 4.375695 4.213797 4.668509
5.090006 6.021376 5.709064 4.974609 4.315563 3.885582 3.424046 3.027311 2.755696 2.554064 2.525356 2.372078 1.803614 2.229493 2.412983 2.315552 1.818165 1.522468 1.499755 1.502390 1.551547 1.322632 1.043519 0.899012 0.898017 0.981250 1.099752 1.248316 1.419795 1.615610 1.707236 1.729762 1.874349 2.303773 2.799458 3.083592 2.822013 1.861960 3.478153 5.954381 6.868992 6.246367 5.412153 4.701770 4.275618 4.026934 3.894563 3.956054 4.256602 4.748297 4.791143 4.544148 4.390082 4.645110 4.683038 5.240061 5.218756 4.888405 4.504601 4.093195 3.720366 3.487784 3.661464
4.760295 5.484663 5.199715 4.380474 3.634713 3.246948 2.869420 2.589518 2.365947 2.277400 2.154570 2.049040 1.578937 1.898806 2.229703 2.012219 1.496051 1.237162 1.211908 1.209844 1.068802 0.718480 0.519878 0.524757 0.659995 0.849459 1.093371 1.337505 1.503951 1.621127 1.643265 1.737191 2.040630 2.531783 2.974283 2.781441 1.950540 1.789269 5.238785 6.242794 6.715838 5.947198 5.036516 4.219451 3.714785 3.494234 3.382030 3.431120 3.530741 3.893531 4.159274 4.138914 3.982977 4.127501 4.223571 4.749332 4.768799 4.466401 4.075012 3.692087 3.300320 3.080906 3.022328
5.213572 5.050841 4.632535 3.703562 3.006167 2.516232 2.183785 2.002804 1.930589 1.811385 1.736941 1.815747 1.485737 1.728103 1.886161 1.512769 1.139406 0.822145 0.625652 0.416519 0.052922 0.035187 0.024417 0.025488 0.347819 0.623930 0.966822 1.256141 1.431171 1.594220 1.803562 2.142921 2.556573 2.828805 3.255562 2.799258 0.747767 3.583913 6.007396 6.258226 6.478991 5.640570 4.742997 3.914398 3.343175 3.072947 2.990186 2.998364 3.070174 3.203767 3.431310 3.523726 3.570825 3.748891 3.771478 4.306960 4.273685 3.906535 3.437854 2.999432 2.561234 2.497493 2.455598
5.206619 4.805377 4.163340 3.104354 2.228888 1.752107 1.473548 1.260187 1.160054 1.687158 1.777650 1.220324 1.452452 1.708665 1.805344 0.559341 0.062717 0.047212 0.035721 0.021055 0.006823 -0.006387 -0.002046 0.008285 0.021974 0.428040 0.730422 1.138755 1.502993 1.979358 2.490508 3.795064 3.997585 3.886233 3.535355 2.854339 2.403602 5.222547 6.470275 6.345931 6.296434 5.361833 4.455584 3.654504 3.069598 2.687317 2.478730 2.522310 2.603196 2.640090 2.722315 2.794068 2.956683 3.216655 3.269005 3.842818 3.958524 3.630893 3.146527 2.778211 2.066161 1.944307 1.913824
5.108275 4.571189 3.886649 2.835183 5.586194 4.304543 0.848339 0.983213 5.153309 0.527260 1.073927 1.130756 1.122000 1.225391 1.490441 0.108525 0.012030 3.933886 3.723375 -0.006353 3.781765 4.945251 5.973314 6.384625 6.440516 6.509896 1.333364 1.727296 2.197822 2.556535 3.860159 4.125715 4.435743 4.641014 4.265225 3.431103 5.301682 3.540588 6.667203 6.610024 6.338603 5.416081 4.468648 3.614347 3.021009 2.544197 2.147160 1.939544 2.215761 2.061295 2.084494 2.234484 2.368919 2.687126 2.730773 3.292272 3.544561 3.297877 2.920215 2.507362 2.094652 1.534847 1.470491
4.720921 4.430488 3.718851 7.643869 6.584666 4.665076 3.717565 3.582714 3.082802 3.690792 5.646565 0.940968 0.836996 0.814709 0.505765 0.007628 0.006954 -0.000347 3.375812 5.332877 7.330950 8.309876 2.633515 2.768766 2.940967 3.109470 3.304973 3.584684 3.859714 3.893413 3.957486 4.262885 4.827112 5.342717 5.443922 5.479088 5.824453 6.507708 6.621986 6.569071 6.367886 5.721166 4.805153 3.981966 3.300926 2.700775 2.139648 1.959008 5.134833 1.713465 1.542075 2.016449 2.072305 2.181417 2.130857 2.707524 3.184977 2.893070 2.445909 2.146734 2.071750 1.187586 0.946342
4.447561 4.398132 3.499026 2.236363 4.787917 3.838272 3.609184 2.505283 1.975489 2.558492 4.261895 0.504542 4.927487 4.439889 3.600936 0.009407 -0.007263 0.202827 5.988629 7.906518 2.591231 2.813620 3.055212 3.181128 3.422010 3.681914 3.865740 4.073870 3.644628 3.981346 4.478330 5.218849 9.655592 9.994842 6.303106 6.137773 6.225796 6.309889 6.206096 6.602734 6.318278 5.888091 5.158023 4.396930 3.619002 2.935220 2.267536 1.580024 1.469805 4.681151 1.581661 1.786978 1.839494 1.766916 1.703034 2.125721 2.934208 2.574309 2.010582 1.938797 1.541824 1.126341 0.454975
4.264959 3.929806 3.370753 2.169153 4.500116 3.647268 2.077226 0.442032 0.121600 1.750763 3.465334 4.120320 3.364047 3.159246 3.321347 0.036786 4.739709 6.731196 8.126541 8.756604 2.480330 2.676420 3.229946 3.644904 4.079734 4.379543 4.572748 4.147136 4.585529 9.492496 9.755610 10.136811 6.257287 6.651752 6.549940 6.103177 6.063672 6.027658 6.435388 5.971922 5.722329 5.738725 5.402918 4.712209 3.954841 3.217633 2.530487 1.846161 2.170314 5.486120 5.211964 5.337824 1.462481 1.572210 1.388863 1.711510 2.506532 2.564993 2.048474 1.471182 1.544763 1.410096 0.045481
3.954449 3.927324 3.230228 1.291951 7.870234 6.565290 4.739523 4.218459 4.479293 5.251053 5.703722 4.717247 3.452849 3.742313 3.891659 4.338210 6.553451 7.731632 8.380395 2.429063 2.641312 2.670161 3.062988 3.886208 4.690624 5.125283 4.918707 5.154636 9.955537 10.155223 10.545688 6.781719 5.850948 3.458688 8.661298 6.935785 6.573568 6.260565 5.890040 5.402022 4.875980 5.097409 4.902424 4.401931 3.682440 3.046642 2.844221 2.082363 2.541439 2.541882 6.926370 5.259005 1.291377 6.724326 7.588436 7.536591 1.451481 2.115596 1.554325 0.542204 0.042737 1.031352 5.888145
3.645475 3.562126 2.531617 7.560106 7.953154 7.432376 6.259663 6.721955 6.700191 5.910237 5.422772 4.202258 3.545222 3.670599 3.634465 5.606564 7.456363 8.000114 2.091836 2.459225 2.806496 2.907443 2.968807 3.582749 4.632603 9.740586 10.172642 10.439028 10.670391 10.814800 7.008245 7.239428 3.383241 6.765369 8.301628 6.665868 6.376731 5.908867 5.389447 4.912888 4.243620 4.331072 4.614151 4.116405 3.593703 2.775066 2.497537 1.085286 1.736548 2.865005 2.526476 1.936142 5.746902 5.520296 6.330132 0.900998 0.887295 1.545488 1.415022 0.044156 0.005530 4.276032 4.750120
3.410972 2.439906 0.860097 0.033152 4.722687 4.258862 3.824838 3.879872 3.476020 2.902083 2.785128 3.333528 4.260326 5.632585 6.493304 7.654486 8.593099 9.199216 9.719083 3.193846 3.646122 3.868584 3.594004 3.866449 4.704068 5.685987 10.429293 10.891072 11.079517 10.965175 7.292969 7.044291 8.394642 6.845791 6.388185 5.940089 5.962147 5.764857 5.190878 4.620886 3.865846 3.740178 3.886384 3.737554 2.975223 2.143438 2.063164 0.972992 0.631311 0.093369 1.700943 1.701838 1.403481 4.697203 5.285337 6.200073 0.846325 1.115130 1.331374 1.206305 5.393454 5.097632 5.101498
3.349162 1.383604 0.082533 -0.019695 1.685182 1.861130 1.912844 1.854455 1.708805 2.041179 3.214777 4.858377 7.074269 8.274017 8.953607 9.397435 9.934110 10.687140 3.480830 3.936959 4.392534 4.815065 4.438638 4.698107 5.224440 5.999684 10.234525 10.845510 11.066531 10.870877 7.351360 8.589835 6.838290 6.313815 5.813419 5.120531 4.915078 5.188385 4.950600 4.407818 3.650100 3.147292 3.128123 2.832219 1.959605 2.024562 0.957460 1.590698 0.993069 0.710485 4.421320 0.713008 1.213898 6.058315 6.351989 6.574937 5.877659 0.776422 0.942887 1.134393 5.966989 -9999.0 -9999.0
1.555839 0.366772 0.012709 -0.028366 0.272110 -3.031650 -2.978469 -0.801577 -1.164586 2.561141 4.231345 5.479889 7.522032 8.622502 9.229501 9.749698 2.838717 3.018503 3.235240 3.635594 3.963794 4.399713 4.732028 5.503795 10.241197 10.283668 10.319754 10.861189 11.046695 10.318289 8.871661 7.798877 6.381622 5.754393 5.182017 4.506410 4.045433 4.107221 4.283875 4.081550 3.474828 2.627183 2.552254 1.863815 2.104553 1.362651 1.002320 0.462820 0.041896 3.175025 3.743863 4.221802 0.231501 5.254963 5.854901 5.500523 4.908300 0.584868 0.699109 1.061247 6.571234 -9999.0 -9999.0
1.402694 3.848982 2.877044 2.296424 0.682941 -0.885518 -0.611249 -0.668665 -1.854452 3.611600 5.067578 5.442560 5.733551 6.818827 7.900582 8.444989 8.748428 8.775238 8.115766 2.294000 2.461575 3.259670 4.062313 4.790026 5.806789 10.324965 10.736069 10.753791 10.543988 7.523765 7.432752 6.674838 5.889814 5.217296 4.600144 3.912953 3.494300 3.293322 3.169339 3.536212 2.823690 1.809732 1.440792 2.022550 1.554476 1.226807 0.747788 0.103139 0.037700 3.650507 3.903129 3.785813 3.519850 3.886004 4.182211 3.896437 4.094739 4.701564 0.940549 6.413124 -9999.0 -9999.0 -9999.0
