geotop_simulations/templates/TEST_Venosta_3D_034_template/rec/SoilPressure0000L0007.asc
ncols         252
nrows         194
xllcorner     598250.000000
yllcorner     5144500.000000
cellsize      250.000000
NODATA_value  -9999.0
[rows 96 to 119 of 194, columns 55 to 109 of 252]
-839.719323 -858.227865 -850.674135 -902.662339 -974.615280 -1005.558609 -1028.388991 -1046.405668 -1068.782916 -1086.813456 -1096.354217 -971.112350 -1040.077217 -1044.350253 -1036.673182 -1032.942029 -1030.819515 -1026.873386 -1021.601302 -1030.194331 -1041.990758 -1044.931650 -1033.309235 -1036.065530 -694.245801 -704.360268 -708.554151 -1034.945890 -1041.286175 -1046.197565 -670.131153 2509.018437 -468.717299 -506.369761 -486.038196 -471.417639 -636.386895 -1055.411983 -733.830051 -731.128031 -1035.855678 -1086.598306 -1056.455268 -1008.813138 -942.074481 -866.924618 -790.778688 -709.992813 -667.458340 -633.531953 -611.103137 -578.534102 -592.693781 -631.328444 -636.612478
-666.773174 -882.258996 -892.288981 -921.101818 -968.791096 -1012.882695 -1034.988117 -1051.191228 -1067.412655 -307.102272 2371.016570 -279.660432 -741.033983 -972.302189 -964.007168 -962.464826 -979.620252 -987.529325 -990.246681 -992.141124 -1000.446463 -1019.591089 -1021.219040 -1019.956400 -1063.418937 -1078.367781 -1083.694341 -1098.736056 -1035.362522 -1045.517121 -1035.066568 2551.952514 1228.587067 -531.085944 -526.498553 -524.326137 -1054.925274 -1052.690285 -732.487513 -728.533227 -723.480046 -1021.826982 -1055.598169 -1016.731959 -962.275258 -896.488821 -809.070477 -719.957931 -683.632233 -645.497003 -609.726569 -624.971161 -656.064913 -655.602174 -634.322410
-665.677904 -669.942177 -741.317598 -747.373521 -761.894911 -779.660025 -980.519826 -985.805104 -193.308330 3266.129437 -660.781665 -706.035477 -887.428517 -873.356270 -869.635404 -881.270704 -899.686503 -905.899876 -912.636761 -916.006876 -939.465290 -975.600249 -991.343105 -1006.848149 -1047.333815 -1054.339261 -1062.373474 -1078.142394 -1099.887330 -1117.981882 -1053.011621 398.308696 1194.920201 -594.632267 -555.753682 -567.011649 -1052.214430 -1049.621575 -729.634941 -725.974874 -721.344819 -715.203353 -1053.812237 -1015.875642 -961.145941 -899.285488 -824.492327 -753.878053 -728.467049 -668.825045 -655.469319 -657.013139 -672.976459 -659.176131 -637.700566
-665.939095 -743.749701 -743.551183 -750.853048 -770.197202 -782.498146 -977.321296 -215.216687 1352.471997 -657.234083 -695.970283 -841.807926 -808.215799 -794.255537 -797.447231 -795.659583 -780.116747 -787.143738 -800.405417 -861.722500 -914.028610 -953.191008 -963.886157 -988.809866 -1009.849466 -1032.887211 -1055.824891 -1080.589812 -1095.758864 -1111.073344 -1130.374398 -1049.393725 1373.198599 887.598909 -574.730181 -616.513337 -1050.864774 -1048.070743 -1121.438022 -1112.849834 -1029.082453 -712.664754 -815.976089 -1012.829590 -961.317030 -907.244898 -839.379539 -774.458000 -745.292195 -710.529522 -680.248227 -670.619516 -684.877070 -669.743341 -678.917713
-668.317229 -747.118843 -744.331396 -756.577168 -770.941994 -967.268961 -219.124661 -172.290219 -882.476324 -606.094626 -809.379803 -786.663411 -757.715134 -731.453698 -723.834643 -724.393327 -726.798886 -755.034773 -813.731773 -859.793241 -878.571426 -903.847087 -926.473279 -939.961492 -974.185261 -1023.319069 -1049.145938 -1081.183835 -1098.709351 -1108.031205 -1123.349004 -1054.116818 986.733878 2280.245429 1006.662751 -508.149597 -876.657506 -1123.565592 -1119.661430 -1111.033317 -1026.192278 -711.292200 -814.341923 -982.464433 -970.450118 -918.712294 -866.218585 -810.607598 -755.243761 -737.197036 -716.093945 -708.877304 -711.025142 -666.296390 -695.153842
-927.616371 -671.455045 -745.309006 -753.893592 -760.199886 7607.550905 -161.960735 -633.608566 -659.188816 -762.753083 -746.530818 -750.347398 -751.214729 -726.626816 -687.071396 -669.182103 -684.634565 -674.227825 -702.901933 -698.642246 -803.257483 -816.221285 -850.300238 -907.556597 -973.479045 -1025.173544 -1054.797090 -1080.338521 -1097.335450 -1105.641676 -1119.091532 -1050.638088 381.417278 3742.993503 2464.831638 797.337507 -550.047828 -1122.299136 -1118.331201 -723.201076 -850.911421 -1017.525021 -820.202471 -991.319391 -970.253827 -941.419672 -897.098824 -852.702471 -804.743260 -761.151818 -740.083045 -744.219773 -741.927965 -733.302995 -714.546847
-926.575236 -669.957865 -668.046716 -665.170742 4032.879413 -823.564991 -612.605170 -657.744118 -754.035505 -726.545745 -717.566017 -717.056128 -719.938770 -711.634592 -693.866231 -631.819292 -629.847406 -655.413947 -670.259074 -673.642901 -747.554236 -782.176413 -845.789349 -933.410428 -998.734119 -1035.341363 -1064.758774 -1083.836329 -1096.421104 -1107.734135 -1117.031842 -1049.786002 -860.575854 4276.753868 3475.617422 2344.739662 1777.131151 -402.374651 -1117.234640 -722.896070 -718.685539 -1022.304434 -1011.676561 -808.690004 -979.754911 -959.559572 -924.589173 -889.295751 -852.728913 -817.250017 -797.901182 -785.909846 -770.370934 -764.734937 -756.104376
-739.568047 -563.676825 -562.481412 2039.080717 -281.197107 -597.574915 -567.305592 -733.749305 -730.008531 -723.484389 -716.555210 -685.631956 -655.666453 -633.533286 -657.148440 -662.877044 -651.877459 -652.210109 -661.916408 -676.049831 -779.539031 -842.792105 -897.064562 -957.967045 -1032.584863 -1068.851181 -1084.718634 -1093.929330 -1098.738380 -1106.615671 -1114.594941 -1127.070062 -1049.686597 4573.204957 4379.009491 3720.030802 3765.600532 2891.949076 -723.447258 -722.543343 -719.286123 -846.502331 -1016.361896 -814.361072 -798.084281 -782.059628 -950.368961 -680.903735 -894.545930 -868.157603 -847.853955 -836.714597 -817.982301 -800.844278 -796.221605
-666.684269 -561.144149 467.288135 -219.726473 -598.819362 -554.737720 -687.460933 -679.092457 -690.668353 -691.568421 -680.130104 -658.821929 -646.883736 -620.226764 -657.152232 -675.191043 -692.660044 -698.902222 -699.017983 -703.268589 -835.752648 -884.380553 -914.356592 -961.215253 -1029.481735 -1019.626353 -1086.783868 -1096.669271 -1098.987930 -1026.520193 -1110.959082 -1126.037318 -1054.322792 3067.473115 4642.909414 4873.752447 5563.035582 5506.894688 1005.055536 -1112.004020 -720.492170 -717.327669 -838.996723 -1009.088341 -807.784603 -983.415667 -966.301671 -952.285223 -682.422725 -679.179509 -893.390329 -880.461872 -672.824148 -665.899551 -833.694929
-628.518731 -224.904728 -229.652345 -605.997480 -555.216806 -672.155923 -663.661035 -667.672708 -677.032354 -666.476985 -647.442334 -639.339663 -609.419602 -635.851704 -660.046626 -673.543298 -709.094633 -724.583178 -724.468826 -717.265899 -720.031135 -866.387138 -883.123006 -920.926481 -975.713467 -1018.257769 -1065.764917 -1082.710408 -1114.281546 -1112.554751 -1115.556069 -1124.276175 -1055.879295 -220.408243 4009.400772 4997.994292 5781.772182 5911.459614 4445.517757 -994.084016 -1107.861251 -718.270163 -844.500803 -831.979856 -817.818623 -803.668127 -790.611117 -780.199541 -687.982951 -685.190299 -934.393601 -683.435548 -681.392984 -670.905008 -665.800941
-219.666792 -232.521945 -599.834079 -570.913580 -694.909085 -669.244939 -653.727964 -647.303867 -647.153555 -610.858444 -625.286262 -605.798026 -625.695314 -659.187683 -658.124089 -666.141372 -691.818442 -709.926695 -714.606785 -702.574797 -697.716391 -811.082692 -835.685790 -884.563647 -943.465544 -981.479576 -1015.600353 -1045.539890 -1072.093170 -721.603262 -716.322278 -720.851149 -1125.411247 -734.083339 1280.406313 3626.879412 4994.801745 5546.517341 5759.008736 3268.924449 -1004.214010 -1031.532437 -716.413777 -712.735395 -827.837927 -815.674515 -803.095911 -793.336836 -784.464998 -777.285522 -773.023565 -768.962390 -767.456844 -677.645676 -670.608160
-230.094421 -602.519924 -552.397439 -665.103488 -650.413443 -624.704967 -607.955257 -590.935798 -577.977652 -592.026159 -595.455055 -616.608567 -638.161651 -651.108633 -635.356883 -649.914237 -672.180100 -690.924641 -703.956102 -710.408756 -802.270136 -835.416671 -866.168504 -917.616122 -973.383842 -1013.694829 -700.937885 -708.800989 -713.622549 -717.546395 -1106.210661 -1114.400082 -618.513467 -621.773741 -622.685725 753.665905 3234.190183 4243.342773 5121.363837 5006.013859 2221.619311 -1029.932132 -1028.223660 -1025.524588 -712.657124 -1073.243273 -1057.123923 -806.006094 -797.858986 -791.098332 -785.819173 -782.783301 -780.443971 -765.972298 -755.413034
-597.865935 -699.165169 -652.829811 -628.084355 -626.230814 -610.474650 -589.826020 -581.929190 -583.830123 -594.633619 -610.228700 -620.145982 -620.969043 -613.811240 -623.903225 -655.047542 -673.037060 -685.317728 -702.820160 -720.232914 -728.640842 -872.378787 -902.691373 -956.939430 -1014.938050 -1049.997709 -711.688097 -718.430352 -719.473399 -719.160483 -1107.986878 -1116.376632 -614.960216 -1119.095250 -1044.257090 -1127.096640 1537.042770 3087.377988 4194.675453 4683.517548 3845.754471 1518.266386 -598.407343 -1099.951378 -602.419427 -598.082266 -1077.280935 -1063.830001 -1050.737018 -804.372803 -799.460800 -796.577494 -790.967375 -780.402468 -996.119599
-563.811396 -673.602915 -650.716549 -638.873890 -635.778063 -659.931306 -637.085888 -636.429102 -602.781916 -577.277383 -580.196191 -603.158266 -608.786518 -655.058009 -678.569477 -666.659223 -673.577386 -680.073299 -698.479853 -715.614684 -730.695047 -741.385933 -925.569260 -971.559420 -1019.651684 -704.680822 -707.561905 -713.953984 -718.582265 -1098.442584 -1098.218077 -1103.375445 -1105.432599 -1109.217936 -1116.011016 -1119.218683 978.018321 2175.458504 2631.733223 2434.899901 1820.069095 1632.133087 761.090188 -422.221736 -623.859040 -602.388430 -600.565273 -1015.063114 -709.323906 -1063.409989 -812.519936 -810.243170 -802.607429 -793.833617 -1030.735633
-548.112198 -648.597147 -644.441148 -633.842581 -619.063251 -696.135835 -652.600060 -656.274689 -631.569351 -629.160880 -625.596444 -612.689603 -630.745617 -683.845015 -683.489025 -679.226613 -675.909496 -682.418984 -703.314816 -853.196821 -894.814976 -921.154515 -952.104702 -986.234631 -696.192119 -701.702378 -702.736022 -708.294758 -1079.903564 -1070.998047 -1068.526285 -1083.933314 -1024.931276 -1029.813782 -1037.720912 -1042.281782 159.125709 1077.543614 559.338858 -211.820121 29.088471 562.011268 1641.046852 4140.405937 5592.538080 5578.850526 2444.578958 421.971574 1313.296426 1559.360032 941.880297 1918.767490 7665.049501 14293.449320 10504.292809
-666.166483 -629.289187 -598.594269 -590.061679 -583.897684 -572.277869 -576.919782 -648.579733 -643.285678 -634.368396 -642.839707 -635.510100 -673.264554 -685.286808 -680.986969 -682.259462 -680.331165 -751.171403 -733.577034 -733.506478 -781.119448 -844.411832 -884.320372 -653.641553 -659.851403 -668.652252 -976.539399 -1026.741385 -1019.148359 -1033.780505 -1053.806831 -1070.595855 -1087.783132 -1098.413761 -1108.207471 -1118.473549 -1053.972175 -597.409135 -607.467636 -789.605245 -764.353977 -426.014643 1320.972450 4492.308411 7716.377744 10671.567929 12735.710767 12523.310120 6538.641606 6435.622741 16717.386495 27686.322611 40336.121110 44391.253777 21841.525061
-656.977397 -621.209679 -576.492322 -535.898570 -528.614383 -533.792035 -533.788357 -571.585827 -568.052085 -600.327024 -617.664269 -634.162084 -669.598113 -673.738634 -668.685151 -674.608817 -675.991695 -632.290657 -648.673981 -673.495336 -702.127386 -746.685501 -801.574008 -842.488728 -865.976110 -870.369871 -888.227681 -982.866479 -994.102809 -1011.920302 -1032.359463 -1049.074758 -1063.963241 -1078.468260 -1098.040351 -1114.177515 -1054.545321 -616.154960 -590.431771 -712.413598 -421.362273 -419.461641 1343.699185 5073.385456 8841.236561 11822.806819 14145.225957 15241.176900 15552.489777 15322.233667 8164.376885 32255.203834 53836.411880 65550.500142 42505.533418
-542.033615 -620.825859 -589.050149 -547.147793 -509.896928 -498.514404 -501.642057 -553.023579 -557.542372 -564.574015 -587.574625 -618.774283 -649.229911 -647.982252 -654.722290 -609.201382 -609.542899 -635.362873 -662.671355 -699.249301 -731.456270 -778.618490 -814.345498 -841.995234 -841.472074 -866.334563 -949.875994 -952.295821 -968.485530 -989.767469 -1009.778968 -1028.294887 -1048.628028 -1069.303319 -1087.980135 -1028.250659 -1042.600784 -613.361775 -580.653102 -615.131353 -395.233214 -403.889744 1080.956050 5768.546652 10092.285724 12979.412875 15019.645597 16293.708565 17427.865310 17879.506950 18462.030445 22222.567266 18525.859661 40778.810244 39221.139081
-614.671455 -610.744870 -591.479937 -556.853306 -512.130370 -475.897721 -512.071052 -492.859944 -507.809660 -533.353939 -569.552232 -627.239334 -638.060561 -648.196394 -598.846023 -599.394085 -587.519174 -635.328566 -672.833083 -693.647716 -727.456817 -765.756601 -782.286946 -799.534199 -825.535596 -921.129887 -918.018923 -929.918929 -958.676957 -986.238852 -1006.726423 -1020.021604 -1039.408020 -1064.576423 -1088.049651 -1025.390567 -1038.216923 -1041.896918 -360.421371 -373.474084 -379.454859 -384.402771 1360.194590 6467.196750 11325.040434 13716.428171 15447.409623 17361.869716 19936.340507 18889.860518 18447.841242 16602.774053 22640.974782 30130.627009 32980.253037
-610.247711 -587.157971 -576.724107 -549.529845 -555.031354 -522.448473 -496.638017 -493.598022 -481.048286 -478.912954 -563.650933 -600.359756 -604.655417 -595.395289 -592.442475 -579.068601 -639.167539 -631.925455 -643.402218 -688.388729 -710.333806 -732.447929 -754.521929 -793.021569 -854.837506 -908.899339 -905.970968 -932.303319 -955.858990 -978.238884 -1003.538412 -1026.675027 -1046.309260 -1066.049858 -1090.844290 -1028.734547 -1038.045818 -1048.814726 -527.117271 -365.810764 -383.445350 -395.136381 380.630274 3938.052656 10041.224700 10592.193954 13579.814631 19670.730288 25800.914471 18031.645533 17048.463591 16877.859986 17509.229370 20261.396711 23199.089528
-617.566068 -590.926190 -558.482078 -525.416263 -541.739575 -504.446700 -458.979961 -421.557894 -410.763121 -463.881938 -438.334835 -450.514276 -578.293325 -570.102117 -571.409850 -581.670910 -617.458781 -631.781476 -643.626905 -681.085086 -691.830586 -719.008468 -762.647025 -828.146869 -882.878189 -926.375756 -933.844316 -958.447107 -970.659415 -992.980480 -1022.621288 -1049.175622 -1069.353388 -1083.987047 -849.985760 -1032.435055 -1041.034516 -1047.722341 -506.104954 -355.461150 -394.732130 -536.970623 -30.675935 3189.630746 7376.878773 9562.641058 9847.865000 11097.229088 12715.242351 10917.167560 10372.236004 8265.833084 7283.920767 7614.493214 6387.718904
-593.832524 -585.584565 -563.200623 -537.000729 -533.432749 -530.943323 -505.534923 -418.176821 -428.885988 -431.912882 -437.205055 -442.975224 -542.582744 -555.315907 -558.678121 -593.286857 -615.704144 -629.974183 -635.031272 -681.673428 -704.473245 -736.883822 -804.405717 -888.918810 -946.603133 -991.218535 -992.062287 -996.876940 -1003.583086 -1030.182621 -1053.954518 -1068.351148 -1076.599980 -1091.348769 -861.819967 -1037.634781 -1119.370240 -1049.662628 -624.840319 -1046.720928 -735.228526 -708.441536 -710.114079 -711.117405 27.933872 26.756505 -657.964946 -687.866586 -694.569939 -695.113772 -217.437929 422.054931 437.386663 489.393081 387.154914
-561.937437 -557.244588 -563.517864 -591.003732 -567.726076 -581.209875 -571.921976 -475.208981 -474.383587 -477.788189 -475.505313 -474.665411 -568.403425 -545.086721 -576.287296 -615.921152 -617.214796 -623.930744 -624.095944 -646.574616 -737.563068 -769.769478 -839.978142 -925.377944 -976.138446 -1003.257856 -712.294933 -1027.872798 -1028.976357 -1038.958091 -1063.404828 -1076.516051 -830.003044 -1100.271050 -1108.965052 -1115.553588 -1119.806294 -1118.639924 -1036.864984 -1041.170903 -1125.578875 -703.332496 -703.489897 -1008.525894 -702.645301 -987.309211 -960.451314 -937.938034 -953.181957 -967.700730 -968.131061 -970.539821 -966.051786 -975.630544 -951.342292
-562.210501 -562.335658 -558.705608 -543.516333 -563.376882 -572.147295 -550.237330 -577.121892 -482.853021 -487.407330 -488.561668 -490.848875 -646.477222 -625.159565 -600.228968 -611.136245 -619.316168 -632.310889 -658.372060 -679.810953 -706.436056 -727.280046 -878.946792 -934.020152 -986.345272 -701.542854 -706.027816 -713.483331 -822.443802 -813.646393 -827.566414 -834.619424 -1093.200567 -1105.002527 -1111.921193 -1114.069209 -1110.288818 -1026.491549 -1027.328217 -1116.320351 -1087.432697 -1058.451108 -692.437678 -976.593103 -971.037620 -947.050468 -914.864046 -892.544530 -908.154207 -940.874383 -939.494357 -936.745558 -923.794837 -944.841398 -979.084733
