geotop_simulations/templates/TEST_Venosta_3D_034_template/rec/SoilTemperature0000L0007.asc
ncols         252
nrows         194
xllcorner     598250.000000
yllcorner     5144500.000000
cellsize      250.000000
NODATA_value  -9999.0
[rows 112 to 139 of 194, columns 0 to 61 of 252]
-9999.0 -9999.0 8.750426 8.366516 8.237633 8.874243 3.628521 4.712074 5.487893 5.746202 6.114711 6.523197 6.668018 11.523086 11.736309 12.027813 12.126553 12.114507 12.210191 12.033157 11.136649 5.414410 5.071287 4.647790 4.210431 3.823931 4.709346 4.344958 4.021342 3.838416 3.708094 3.467351 3.034223 2.726901 3.001883 3.192336 3.193566 3.341314 3.594459 3.939342 4.216780 4.476580 4.895280 4.075982 4.617487 5.147690 5.713562 6.380459 6.955315 7.506836 7.883587 8.637848 12.881955 10.514728 9.545690 6.204146 5.477913 4.651121 3.911494 3.637311 3.509634 3.203735
-9999.0 -9999.0 7.664775 7.834390 8.762154 10.086608 11.344760 4.236476 4.992475 5.448038 5.716924 5.959107 6.172669 10.504149 10.797264 11.235306 11.534414 9.577339 12.103647 11.657243 6.013152 5.706870 5.380588 5.059886 10.605468 10.415055 9.934741 4.834248 4.551217 4.260475 4.139606 3.930392 3.635032 3.422966 3.543179 3.708941 3.698642 3.793440 4.052923 4.383625 4.673290 4.878256 3.911477 4.466586 5.110073 5.677268 6.179544 7.187227 7.270134 7.709741 15.458178 6.553473 10.757359 9.660790 6.359668 8.415405 5.181041 4.516544 3.791227 3.130885 2.830831 2.670911
-9999.0 -9999.0 5.635311 6.260498 7.959618 10.233547 11.552889 11.824029 4.623472 4.519457 5.367103 5.603668 5.332619 5.556067 5.720909 10.140919 4.943644 2.298997 5.786716 6.118298 11.194089 5.948303 5.648463 5.365136 10.697747 10.805369 10.413320 4.137795 3.781325 4.763253 4.626300 4.448623 4.111298 3.906413 4.053163 4.190227 4.166742 4.287339 4.549758 4.858144 5.142490 5.374329 5.411539 4.682356 5.399546 6.097962 6.670642 7.113875 7.766255 11.836142 15.243373 11.107342 9.984393 8.552217 5.679431 5.191579 4.792265 4.283747 3.651693 2.892985 2.218547 2.216918
-9999.0 -9999.0 3.890014 5.205318 7.884514 10.438289 11.262363 10.865328 3.435323 3.835655 4.213372 4.510474 4.785058 5.098773 5.285005 5.426478 5.615293 5.854724 2.242086 2.295755 11.520714 6.238079 6.009781 5.722401 5.467398 11.038359 10.733927 10.495931 4.371381 4.021022 3.756718 3.550732 4.559422 3.057993 4.595223 4.660964 4.631463 4.665601 3.543731 3.957824 10.747518 10.892286 6.072868 5.957902 5.417502 6.246137 6.980036 11.973012 11.865267 11.752807 15.122144 10.475468 9.156726 6.174286 5.515683 4.846820 4.272561 3.857222 3.344531 2.832060 2.167498 1.659017
-9999.0 -9999.0 3.925014 5.891695 8.213412 9.235100 8.648679 8.550984 2.845504 3.069511 3.470890 3.842460 4.175167 4.510865 4.803434 5.033279 5.234426 5.437235 5.696475 5.950552 6.284409 11.932311 6.347025 6.115349 5.915493 5.710423 5.474579 11.151973 10.786584 4.607507 4.327487 5.397079 3.841761 3.658906 3.600576 3.560147 3.584514 3.660379 3.843834 4.301060 4.841472 11.295518 5.571167 5.886399 6.074064 6.563937 7.275409 12.221565 11.171027 11.954754 11.124792 9.741428 6.500933 5.890175 5.279800 4.681355 4.082410 3.420714 3.272742 2.376189 2.290287 1.465814
-9999.0 -9999.0 -9999.0 8.899300 9.247652 8.568349 8.086569 2.237920 2.739570 2.929600 3.299730 3.339841 3.707118 4.017019 4.323365 4.636315 4.922606 5.175526 5.424672 5.656164 5.954151 6.377736 12.077949 6.500358 6.348797 6.186209 6.001937 5.772879 5.460228 5.141768 4.861997 4.608593 4.376814 4.214152 4.143666 4.070082 4.010189 4.042778 4.045449 4.269545 4.999797 11.653302 6.103357 6.458011 6.713302 7.045728 7.602996 12.462605 7.094843 10.495641 10.578437 9.485293 6.252380 5.569432 4.813976 4.185187 3.781409 3.939582 3.229751 2.060914 2.444382 2.098675
-9999.0 -9999.0 -9999.0 10.219881 9.915252 9.798695 9.688324 9.303694 2.371960 2.607406 2.891770 3.289739 3.329917 3.656417 3.964362 4.256673 4.574161 4.929643 5.252752 5.528082 5.739008 6.134910 6.492429 12.116802 12.149387 12.241953 6.438487 6.245343 5.958009 11.183868 5.389518 5.171128 4.985392 4.818084 4.696927 11.078951 4.460090 4.445223 4.507082 4.469326 4.922904 5.662883 12.099794 12.455555 7.178173 7.368899 12.406256 12.296861 11.935333 10.942499 9.959572 6.639012 5.966300 5.198026 4.447426 4.114371 3.735637 3.019154 2.722661 2.120225 3.014800 2.869550
-9999.0 -9999.0 -9999.0 8.869645 9.398254 9.280046 8.225400 7.518615 6.627729 6.790855 7.627148 2.743068 3.374213 3.941163 3.601788 3.905769 4.200639 4.540460 4.902692 5.216532 5.439426 5.720258 6.150866 6.472637 5.693355 10.365236 6.671489 6.565447 11.721241 6.139473 11.610847 5.777231 5.623716 5.408264 5.268659 11.462595 11.094577 4.940022 5.043453 5.119372 5.346072 5.795027 6.418528 7.104704 12.686820 7.682537 12.290338 12.007352 11.293450 10.374629 6.934975 6.421823 5.719806 4.931428 4.106150 3.329680 2.773771 2.474584 3.009745 2.996168 2.847383 2.559260
-9999.0 -9999.0 -9999.0 6.806060 7.607621 7.087669 5.535390 4.511428 4.462415 5.193166 6.989074 8.414482 2.955020 3.562958 4.022202 3.589146 3.836656 4.142383 4.480313 4.797913 5.077249 5.303239 5.645952 6.091012 6.368691 10.737841 2.521619 10.749674 11.889849 11.721465 12.110618 6.342909 6.197552 5.950957 5.814831 11.906557 11.623420 11.561179 11.870078 12.171630 5.885141 6.352753 6.863143 12.618156 7.700704 12.555180 7.888563 7.716326 10.691904 7.035849 6.517240 5.990015 5.476022 4.811910 3.955257 3.217708 3.149619 2.544234 2.335709 2.387990 2.187988 1.920398
-9999.0 -9999.0 -9999.0 6.925147 5.695649 4.428997 3.224311 2.876909 3.738945 5.076551 6.718938 8.283420 9.121283 9.821592 10.110431 4.033377 3.500963 3.724101 4.011182 4.303568 4.679690 4.992931 5.258309 5.599514 5.996946 6.257133 6.426446 11.359794 11.632361 11.971187 12.484029 6.764597 6.645648 11.455565 12.089560 12.479699 12.254747 6.184793 6.195585 12.623151 12.742786 6.846443 7.414626 13.199782 12.785547 12.240724 7.771581 11.187439 10.296739 6.631731 5.987689 5.380956 4.944629 4.665727 4.726976 4.261554 2.875486 3.453519 2.945289 2.454813 6.853653 6.641834
-9999.0 -9999.0 -9999.0 -9999.0 -9999.0 2.970073 -0.003294 1.416000 4.050566 5.752116 6.969743 8.186985 8.913995 9.369112 9.473828 3.562935 3.754096 3.352199 3.503525 3.807990 4.156767 4.523111 4.858050 5.175568 5.606923 5.940053 6.151096 6.306068 6.463905 11.472988 11.889042 11.770359 12.209804 12.378514 6.955384 13.030002 6.900883 12.575396 6.890603 6.994515 13.282708 7.377654 7.794564 7.991614 10.431348 11.841294 11.483746 11.013370 10.214380 6.348066 5.630206 4.921084 4.290640 4.064706 3.987185 3.593638 3.093502 2.555576 3.536039 2.989580 7.760861 7.470751
-9999.0 -9999.0 -9999.0 -9999.0 -9999.0 -9999.0 -9999.0 -9999.0 -9999.0 -9999.0 8.476949 8.320184 8.279168 8.614284 3.087861 3.171961 8.975920 3.422577 3.147149 3.284771 3.640935 4.664442 5.013538 5.293047 5.169963 5.510272 5.710670 5.865543 6.067815 6.346146 10.999368 6.591035 11.609863 6.995178 7.351401 13.184811 13.141098 13.139590 13.071341 7.622558 7.712383 7.872184 12.571223 6.445278 12.495192 11.601088 11.234244 10.544684 9.687518 5.998315 5.321080 4.598791 3.990140 3.560750 3.312808 3.281821 3.731753 3.222349 3.053997 2.838049 8.044237 7.602482
-9999.0 -9999.0 -9999.0 -9999.0 -9999.0 -9999.0 -9999.0 -9999.0 -9999.0 -9999.0 -9999.0 -9999.0 8.598970 8.215879 7.937539 8.027858 8.371501 8.590966 3.018180 3.288587 3.038487 3.537290 4.717255 4.362583 4.665897 4.974035 5.273716 5.561989 5.847548 6.097096 6.316273 6.539182 11.260667 11.682996 12.157267 12.554978 12.837861 16.273848 16.221275 16.328023 10.328793 6.432339 12.906361 13.118279 14.893136 11.327768 10.439946 9.228184 6.058137 5.530198 4.945535 4.294615 3.811439 3.374692 2.985008 2.801538 2.932317 2.660727 2.378803 1.711777 6.691365 6.577268
-9999.0 -9999.0 -9999.0 -9999.0 -9999.0 -9999.0 -9999.0 -9999.0 -9999.0 -9999.0 -9999.0 -9999.0 -9999.0 7.982908 7.100973 7.301232 7.500760 7.408870 2.249759 2.465831 2.862804 3.424484 3.900356 3.791006 4.094958 4.831105 4.918328 5.285652 5.638963 5.821278 5.905646 6.048524 6.254428 6.520920 6.873301 7.228509 12.061000 12.263120 12.093018 15.054686 11.877790 7.835556 11.846103 11.792069 14.436333 10.802856 9.638990 6.142740 5.529253 4.966723 4.421986 3.851046 3.361990 3.002256 2.723624 2.533993 3.012874 2.418480 6.639454 5.615634 4.907337 4.567656
-9999.0 -9999.0 -9999.0 -9999.0 -9999.0 -9999.0 -9999.0 -9999.0 -9999.0 -9999.0 -9999.0 -9999.0 -9999.0 -9999.0 7.492937 7.955486 8.108603 8.189306 2.240464 2.269174 2.243983 2.618025 3.213302 3.613634 4.103806 4.751285 5.305239 5.579508 5.206924 5.390992 5.532106 5.689951 5.855539 6.059005 6.346621 6.668689 7.010851 7.214515 7.369376 11.086434 7.498266 7.515706 7.539616 11.269551 7.209635 6.692260 6.209869 5.773381 5.261090 4.600012 3.954310 3.396524 2.838769 2.476421 8.621984 8.662271 3.011891 2.453839 1.633587 5.467712 4.678492 5.357188
-9999.0 -9999.0 -9999.0 -9999.0 -9999.0 -9999.0 -9999.0 -9999.0 -9999.0 -9999.0 -9999.0 -9999.0 -9999.0 -9999.0 6.613097 6.640884 7.365123 8.313178 9.018765 9.424957 2.622386 2.639025 2.928216 3.370114 3.961909 4.526148 4.938214 4.561854 4.769409 4.967431 5.193849 5.433931 5.638187 5.841012 6.070218 6.245309 6.509844 6.777278 6.929899 6.889729 6.854255 6.871364 6.920945 6.917278 6.789384 6.304091 5.710852 5.228916 4.815915 4.816533 3.673994 2.972073 2.327165 2.801825 8.372941 8.235444 2.471150 2.358605 1.376825 7.011829 6.511522 7.104844
-9999.0 -9999.0 -9999.0 -9999.0 -9999.0 -9999.0 -9999.0 -9999.0 -9999.0 -9999.0 -9999.0 -9999.0 -9999.0 6.227170 5.197337 4.081562 4.227031 5.241418 6.686210 8.212173 9.147811 9.059948 8.482748 2.844448 3.280652 3.694194 4.015447 4.009216 4.328748 4.556790 4.783550 5.062706 5.279934 5.443832 5.700381 6.043204 6.426950 6.659301 6.496508 6.298429 6.202382 6.200247 6.168499 6.105929 6.176488 6.001979 5.433426 4.748867 4.152706 3.718136 3.541699 2.461388 2.790273 2.659279 8.026929 7.588679 1.683397 1.692912 -0.002825 8.317983 8.124596 7.925641
-9999.0 -9999.0 -9999.0 -9999.0 -9999.0 -9999.0 -9999.0 -9999.0 -9999.0 -9999.0 -9999.0 -9999.0 -9999.0 -9999.0 5.623929 4.667415 3.956828 4.034476 4.660611 5.724794 6.402534 6.646489 1.731963 1.984345 2.458531 3.017174 3.451223 3.914831 3.838573 4.786263 4.402868 4.694985 5.069810 5.505950 5.889608 6.172774 6.173454 6.141562 5.973258 5.789708 5.639805 5.598716 5.517421 5.379162 5.447071 5.695587 5.268340 4.664483 3.923115 3.211558 2.977349 2.597965 2.118131 1.736804 6.642943 6.401748 6.226374 6.235726 -0.003420 -0.003195 7.622664 7.195653
-9999.0 -9999.0 -9999.0 -9999.0 -9999.0 -9999.0 -9999.0 -9999.0 -9999.0 -9999.0 -9999.0 -9999.0 -9999.0 -9999.0 -9999.0 -9999.0 3.821335 3.406813 3.754693 4.341011 4.225088 4.207086 4.763064 5.613053 6.624979 2.435961 3.044632 3.526060 3.800510 4.180853 4.116108 4.661208 5.235082 5.729139 6.047264 5.852315 5.768566 5.590561 5.453884 11.053917 4.980599 4.831615 4.800956 4.796864 4.817103 5.228587 5.264671 4.745269 4.050875 3.297428 3.199126 2.319878 5.822606 5.165135 5.002518 5.039655 4.683794 4.707413 5.037928 5.342924 5.086021 4.733239
-9999.0 -9999.0 -9999.0 -9999.0 -9999.0 -9999.0 -9999.0 -9999.0 -9999.0 -9999.0 -9999.0 -9999.0 -9999.0 -9999.0 -9999.0 -9999.0 -9999.0 -9999.0 5.077129 3.103770 2.193521 2.533704 3.174640 4.021441 4.799000 5.497870 6.446824 2.932894 3.676799 4.534260 5.384617 4.840374 5.302058 5.700645 6.402749 5.444000 5.170517 4.770694 4.442953 9.391747 9.282233 4.021368 4.022403 4.038690 4.105188 4.552053 4.983353 4.844727 4.251301 3.549035 2.748482 2.911252 6.792397 5.804165 5.389926 4.582245 3.439905 3.401396 3.445652 3.237072 2.878443 3.709345
-9999.0 -9999.0 -9999.0 -9999.0 -9999.0 -9999.0 -9999.0 -9999.0 -9999.0 -9999.0 -9999.0 -9999.0 -9999.0 -9999.0 -9999.0 -9999.0 -9999.0 -9999.0 -9999.0 -9999.0 6.005737 6.177087 7.001104 7.613019 7.449314 7.244512 8.219111 9.766174 4.669180 5.417490 4.465714 4.908787 5.348395 5.338347 5.542967 4.909980 4.531407 4.022548 7.389109 7.307621 7.691686 7.877433 7.531482 8.091865 9.416179 4.011951 4.503441 4.818034 4.452624 3.838383 3.019692 3.292421 2.810761 7.654021 7.361986 6.320666 4.943426 4.234769 3.129025 2.153932 2.285334 4.288792
-9999.0 -9999.0 -9999.0 -9999.0 -9999.0 -9999.0 -9999.0 -9999.0 -9999.0 -9999.0 -9999.0 -9999.0 -9999.0 -9999.0 -9999.0 -9999.0 -9999.0 -9999.0 -9999.0 -9999.0 -9999.0 8.978528 9.831429 10.404194 10.417846 10.462082 11.342530 12.693319 5.233782 4.117992 4.613713 5.004959 5.302438 5.195340 9.441388 4.144734 3.776510 8.255167 7.601904 6.218889 5.680798 5.815280 6.460508 8.464873 3.142364 3.595959 9.196804 4.348727 4.524989 4.034947 3.279633 3.517455 3.208574 2.862205 2.480546 7.808860 7.716890 8.302353 7.809381 6.843520 5.939067 6.238181
-9999.0 -9999.0 -9999.0 -9999.0 -9999.0 -9999.0 -9999.0 -9999.0 -9999.0 -9999.0 -9999.0 -9999.0 -9999.0 -9999.0 -9999.0 -9999.0 -9999.0 -9999.0 -9999.0 -9999.0 -9999.0 9.935724 10.327523 10.879653 11.071461 11.287298 11.847210 12.546383 13.910287 5.465439 4.716779 4.248740 4.590274 4.598929 3.872527 6.876260 2.750377 6.719614 6.512562 5.574951 4.519141 4.567236 6.597509 8.487830 2.521216 7.437309 8.827955 3.911904 4.389336 4.258239 3.286278 2.841416 3.696765 3.376017 2.902656 2.627191 2.911185 9.750452 2.637547 2.033187 7.078654 7.415745
-9999.0 -9999.0 -9999.0 -9999.0 -9999.0 -9999.0 -9999.0 -9999.0 -9999.0 -9999.0 -9999.0 -9999.0 -9999.0 -9999.0 -9999.0 -9999.0 -9999.0 -9999.0 -9999.0 -9999.0 -9999.0 11.618925 11.448407 11.810710 12.066110 12.252239 13.338814 14.193731 14.305983 4.330276 3.896332 4.258317 4.733053 4.153725 7.507183 5.788218 4.489627 4.151590 4.176315 4.398485 4.507931 5.677027 7.194788 7.050877 6.353853 7.622622 10.344752 3.657982 3.917579 3.517136 3.656411 3.795141 3.968750 3.828275 3.315938 2.987250 3.001733 2.798793 2.280730 1.744651 7.003825 8.865855
-9999.0 -9999.0 -9999.0 -9999.0 -9999.0 -9999.0 -9999.0 -9999.0 -9999.0 -9999.0 -9999.0 -9999.0 -9999.0 -9999.0 -9999.0 -9999.0 -9999.0 -9999.0 -9999.0 -9999.0 -9999.0 12.291588 12.197491 12.663067 4.377513 4.760720 5.081415 4.012749 3.901747 3.634203 3.487773 3.539940 4.052508 8.438137 7.459007 5.958643 4.960096 3.949074 3.160020 3.402017 5.210776 7.325917 7.584909 7.195320 7.895461 10.107689 12.296870 3.626856 3.669496 3.112166 2.933764 2.931564 3.185023 3.408740 3.435092 2.993977 2.639709 2.172082 1.388032 1.549288 8.508552 10.897299
-9999.0 -9999.0 -9999.0 -9999.0 -9999.0 -9999.0 -9999.0 -9999.0 -9999.0 -9999.0 -9999.0 -9999.0 -9999.0 -9999.0 -9999.0 -9999.0 -9999.0 -9999.0 -9999.0 -9999.0 -9999.0 4.321247 4.396237 4.532742 4.627455 4.775194 3.633462 10.393685 7.894109 6.179429 2.346755 2.643822 2.940643 7.257730 6.907448 6.307205 5.706202 4.038032 3.156983 5.058695 7.325626 8.515445 9.031809 9.472562 10.714215 12.397594 2.482556 3.495064 3.782293 2.658584 2.459727 1.724586 1.589685 2.147833 2.809550 2.611327 1.415715 -0.003466 -0.003542 6.111122 8.600082 10.511455
-9999.0 -9999.0 -9999.0 -9999.0 -9999.0 -9999.0 -9999.0 -9999.0 -9999.0 -9999.0 -9999.0 -9999.0 -9999.0 -9999.0 -9999.0 -9999.0 -9999.0 -9999.0 -9999.0 -9999.0 -9999.0 4.404010 4.455972 4.541559 3.214421 0.556931 7.149663 6.170577 4.728846 4.243187 4.847343 5.695225 5.778347 5.680545 5.899188 5.660122 5.781698 5.969494 6.381871 7.216994 7.065667 6.550929 6.798041 7.984624 9.377308 10.702120 2.366973 3.261584 3.318765 2.059776 2.022964 1.431867 0.970021 1.201314 1.914337 2.600038 -0.003407 -0.004468 4.900533 5.335633 6.954339 8.016083
-9999.0 -9999.0 -9999.0 -9999.0 -9999.0 -9999.0 -9999.0 -9999.0 -9999.0 -9999.0 -9999.0 -9999.0 -9999.0 -9999.0 -9999.0 -9999.0 -9999.0 -9999.0 -9999.0 -9999.0 -9999.0 3.270467 2.918972 2.531188 2.352677 2.686602 5.792255 4.734058 4.416398 5.407197 7.441805 7.841231 7.345925 6.825071 0.211822 6.277434 7.737897 8.480853 8.251797 7.169634 5.362919 3.865604 3.685170 4.388838 6.092418 8.530462 2.482332 3.675039 3.165241 2.430677 1.793304 1.413520 5.450212 5.639479 1.709432 2.340745 -0.003674 -0.009206 -0.006452 4.810411 5.685554 5.903934
