geotop_simulations/templates/TEST_Venosta_3D_034_template/rec/SoilTemperature0000L0004.asc
ncols         252
nrows         194
xllcorner     598250.000000
yllcorner     5144500.000000
cellsize      250.000000
NODATA_value  -9999.0
[rows 84 to 111 of 194, columns 63 to 125 of 252]
8.161848 8.357849 9.069504 9.432496 9.657386 10.541476 10.839845 11.020396 10.104145 11.984648 12.388270 6.992491 6.973422 12.475359 12.636851 16.220077 16.200417 16.099128 14.125558 13.830603 13.498544 13.148428 10.353282 9.884932 9.382718 8.870299 10.600121 9.962506 7.178980 6.601283 6.086755 5.694434 5.493700 5.459225 5.540037 5.833379 9.196713 9.245740 8.923819 8.015302 6.461531 6.951357 6.480854 4.524692 3.691322 2.814873 1.763775 1.258259 0.080519 0.033769 -0.002605 -0.015338 -0.035493 -0.044952 1.427374 1.533648 1.470175 0.735108 -0.000214 -4.052095 0.179002 -2.729190 -2.400805
7.946423 7.893922 8.915455 9.191476 9.463801 8.885868 9.938682 10.203048 10.515082 10.944337 11.370842 6.798471 6.903790 6.877480 12.431444 16.090097 16.004319 15.929599 15.752365 13.721915 13.514955 13.280996 12.996712 12.591224 11.947393 9.274240 10.771554 10.294229 9.858278 7.014366 6.511250 6.130935 5.951873 5.916869 5.972694 6.213321 6.933521 9.527398 8.792056 6.868140 6.389008 7.233682 6.631053 4.509011 3.679913 2.807973 1.905521 1.106311 0.063108 0.023397 -0.003765 -0.029954 1.029146 0.808344 0.151707 0.084493 -0.003114 -3.820009 -1.013591 1.288550 1.664191 1.561516 1.741461
7.552620 7.876926 8.083868 8.313798 8.621589 8.914015 9.129921 9.410869 9.880375 10.278168 11.152747 11.739742 6.768582 6.787442 6.755524 6.742599 6.676462 12.126196 15.756753 13.775134 13.539605 13.323921 13.054883 12.692002 12.085887 9.662847 11.080883 10.569002 10.162958 9.653231 6.929770 6.576834 6.425547 6.377843 6.359139 6.772069 7.334117 7.347620 8.655846 8.143309 7.832681 5.700288 4.985154 4.160773 3.529384 2.817323 1.903933 1.194098 0.053951 -0.005675 -0.007769 1.210663 0.689703 0.133652 -0.000112 -1.452696 -0.808492 -0.593928 0.823978 1.911398 2.038912 1.995795 2.206638
6.608221 6.882718 7.217206 7.591043 8.001111 8.387626 8.711147 8.992690 9.395033 9.949486 10.443299 11.650132 8.323445 6.719679 6.733052 6.705167 6.658605 6.573596 13.955654 13.682068 13.302582 13.084861 13.011205 12.873686 12.478540 9.990793 9.442824 10.926145 10.521998 10.016822 7.616830 7.380722 7.243574 6.880550 6.855075 7.326898 7.630212 8.799265 7.280713 6.815237 6.179576 5.450781 4.656207 3.884567 3.214853 2.809561 1.859005 0.909806 0.059452 -0.007317 -0.017186 1.065006 0.497012 0.436606 0.157775 -1.769044 -2.033259 1.193979 1.862506 2.142484 2.232595 2.475545 2.825971
5.840293 6.285914 6.824757 7.385147 7.840291 8.180112 8.530008 8.864151 9.221264 9.822107 10.150485 11.174929 11.752115 6.659601 6.690053 6.647883 6.633407 6.579889 11.960807 13.584941 11.480132 11.124949 11.033508 12.993929 12.693050 12.155676 9.807498 9.298233 8.845746 8.452583 8.137726 7.904956 7.714756 10.171382 9.717750 7.687833 7.876005 7.753078 7.335526 6.765838 6.122553 5.403164 4.622355 3.842034 3.129327 2.480561 1.529135 0.386123 0.045307 1.701638 1.268126 1.159410 1.211091 1.368959 1.529507 1.478990 1.427145 1.721335 2.025069 2.204138 2.619706 2.971324 3.168661
5.809170 6.402937 7.012416 8.261706 8.117877 8.438868 8.772359 9.121154 9.465167 9.974308 10.272185 11.193950 15.943601 8.915481 8.867942 6.615468 6.604863 6.571996 8.135535 13.694677 13.636881 11.462693 11.214370 13.136055 12.908382 12.480399 12.067970 9.722672 9.292569 11.086005 10.934757 8.300792 10.730050 10.608637 8.174033 8.099147 7.983279 7.727011 7.260161 6.670810 6.034822 5.366701 4.616903 3.832069 3.143287 2.284293 1.027928 0.100252 0.137530 2.018714 1.541024 1.751846 2.094420 2.112510 2.121247 2.038291 1.932935 2.007717 2.163235 2.688284 3.464820 3.762200 3.646255
6.090095 7.100933 7.584439 8.250562 8.765455 9.140124 9.434270 9.470876 9.838842 10.293575 10.383838 11.227433 16.060325 8.259935 6.597161 6.574498 6.559077 6.548104 8.098138 15.391245 13.777705 13.751841 13.511349 13.241654 13.047238 12.720895 12.333179 11.986182 11.693025 11.482835 9.097235 8.933606 8.827201 8.743457 8.642489 8.390304 8.011644 7.488127 6.907242 6.346148 5.821076 5.289384 4.624744 3.830666 3.082521 2.143256 0.784337 0.281489 0.126629 1.725126 1.783293 2.541414 2.751420 2.702937 2.566197 2.542818 2.272480 2.244344 2.781069 3.621183 4.363555 4.367827 0.328964
7.009509 7.018598 7.315669 8.137238 8.719772 9.204257 9.508008 9.694848 9.906915 10.381775 11.040923 16.330984 11.754624 11.876699 8.160329 6.494797 6.477905 6.457667 8.015484 15.127196 13.291697 13.269797 13.259549 13.131602 12.974201 12.820760 12.570214 12.237240 11.945552 11.760077 11.687452 9.447834 9.377969 9.125537 8.752025 8.305215 7.819207 7.214766 6.581810 5.978965 5.413416 4.980887 4.457146 3.728273 2.972616 1.960856 0.678591 0.442565 0.125159 1.736374 2.426206 3.148716 3.372340 3.495679 3.566527 3.477486 3.018623 2.750010 3.311396 4.435710 5.022331 0.405477 0.402121
7.141683 7.318620 7.458917 8.627538 9.186279 9.637619 10.013226 9.895049 10.264558 10.775912 13.273218 11.076317 9.143583 9.730284 11.578513 7.958123 7.942832 7.925169 11.625999 14.969750 14.899021 14.787086 14.714775 12.853905 12.857533 11.103018 14.510164 12.461136 12.145786 12.045250 9.914665 11.450215 9.516839 9.073554 7.988636 7.995936 7.078741 6.562423 5.990303 5.668371 5.008504 4.414948 3.969909 3.421688 2.745214 1.740259 0.545450 0.434014 2.051276 2.370038 3.220698 0.478926 0.422939 0.320836 0.218214 0.189817 0.175734 3.122256 3.794024 4.983862 0.511586 0.581674 0.191964
7.311607 7.706934 7.957361 9.246604 9.734234 10.069824 9.872285 10.213620 9.949464 12.628594 7.185534 9.921860 10.980106 10.899730 11.056416 12.772136 11.351416 11.334547 11.339366 11.405317 11.447108 11.412165 11.298986 11.229970 12.530928 10.845324 10.949084 14.216601 12.367731 14.054990 11.606262 9.793339 9.364725 8.403188 7.797284 7.133173 6.998105 6.398215 5.795037 5.249815 4.668968 3.995015 3.364567 2.909695 2.385875 1.523001 0.417779 0.455268 2.529831 3.349859 3.969498 0.716676 0.699823 0.693417 0.633812 0.649864 0.585490 0.555777 0.747296 0.610739 0.656636 0.822823 0.257379
7.630206 7.820851 8.318008 9.669773 10.105728 10.381568 9.806408 11.830011 6.474809 10.826642 10.569835 10.120457 10.579382 10.524887 10.350526 10.307491 10.813017 10.967040 11.009322 11.099346 11.250311 11.320100 11.056920 9.858902 9.610283 9.158953 8.921104 8.852740 14.074903 13.797429 10.288610 10.881417 9.318447 8.405683 7.712651 7.256364 6.568676 5.919968 5.298616 4.717861 4.196586 3.569656 2.865321 2.218474 1.804307 1.246938 0.324716 0.736579 3.892203 0.970648 4.752159 0.890960 0.898135 0.998315 0.928326 1.166299 1.000587 0.917437 1.099808 0.881394 0.936224 1.189303 0.739954
8.060005 8.785291 9.396040 9.797935 10.124496 10.259495 10.607226 10.275903 10.200171 9.976039 9.758497 9.670652 9.591597 9.528100 9.601110 10.018788 11.203245 11.909967 12.117875 10.828089 11.004722 11.156848 9.052284 5.935494 9.267181 9.185737 8.957681 8.810936 13.866578 13.625198 13.228293 11.166790 9.144556 8.437799 7.815535 7.080740 6.340922 5.613005 4.956983 4.284729 3.643998 3.073805 2.483843 1.864061 1.351250 1.355720 1.431959 4.525209 1.469223 1.396372 1.427232 1.446857 1.254016 1.387949 1.461503 1.705611 1.593982 1.390194 0.848187 1.122704 1.603025 1.533464 1.447563
8.557005 9.133039 9.478188 9.726266 9.960240 9.946708 9.747113 9.499436 9.339118 9.123481 8.821559 8.687512 8.678406 8.731025 8.831940 9.142852 10.461010 11.197174 11.633963 10.551304 10.820468 11.007527 9.390969 5.892152 8.586731 9.420542 9.216951 9.037408 13.923242 10.509204 11.604677 11.102449 9.132061 8.580321 7.793900 7.008350 6.242002 5.454435 4.693170 3.955080 3.257125 2.648016 2.133345 1.622080 1.719728 1.885159 2.145206 2.027682 1.957073 1.856998 1.919445 2.023920 2.027340 1.767057 1.848962 2.135791 1.697154 1.322767 1.718412 1.436741 2.130186 1.962072 2.058451
8.802480 6.981423 6.458999 7.885041 8.248000 9.153318 8.918895 8.622142 8.366676 8.144623 7.899486 7.719847 7.750431 7.981747 8.251883 8.504469 9.539040 10.026635 10.158364 10.474403 10.357134 10.781953 10.910721 5.821257 5.792811 9.420977 9.448758 9.315187 10.570946 10.489744 11.704830 11.202036 10.506875 8.496788 7.846608 7.021436 6.224061 5.418251 4.599607 3.797676 3.093737 2.449896 1.906641 2.052141 2.190886 2.387558 2.355452 2.361191 2.396929 2.400171 2.505306 2.661862 2.699878 2.414152 2.377694 2.531145 2.112020 1.671948 1.983322 1.237826 2.261660 2.359785 2.484266
8.008388 6.321780 9.533416 7.531728 8.366456 8.047925 7.763276 7.521042 7.306170 6.991083 6.810088 6.737493 6.865182 7.280322 7.655615 8.137522 9.154255 9.480408 9.583759 9.885092 10.305605 10.801935 10.808442 5.798791 5.789352 10.040755 9.567281 9.517719 10.555320 10.428792 11.666461 11.199988 10.595526 9.831517 7.957540 7.120342 6.294895 5.478607 4.670465 3.886154 3.210669 3.110290 2.665567 2.480299 2.598620 1.828531 2.518270 2.598130 2.877732 3.004049 3.051434 3.243517 3.300734 3.074637 3.199127 2.911432 2.446611 1.915123 1.641787 1.300994 1.702247 2.587361 2.802926
4.664874 9.370878 7.299161 7.889877 7.292688 6.871535 6.585782 6.343202 6.186677 5.873646 5.700978 5.864367 6.202323 6.756748 7.144385 7.933449 8.638277 8.889840 9.052151 9.479216 9.867107 10.374201 10.942717 10.824034 5.634790 5.588855 9.259543 9.742791 10.551250 10.378705 10.512706 10.128856 9.306014 9.878141 7.901712 7.252773 6.426913 5.615917 4.838828 4.104583 3.459283 2.872526 2.410282 2.894479 2.121005 2.214327 2.542434 2.777561 3.234848 3.538491 3.583847 3.739302 5.963111 5.863081 3.610009 3.191533 2.645857 2.053007 1.667610 1.391161 1.427889 2.137191 2.864967
7.170632 7.540005 7.525793 6.945780 6.308460 5.722217 5.362476 5.214689 5.158038 5.039588 5.031258 5.269478 5.600025 6.159307 6.838366 7.468010 8.000913 8.308821 8.544610 9.075454 9.555829 10.034291 10.683285 10.686492 5.701180 5.580681 5.534615 8.842101 10.190633 10.678731 10.512996 10.161274 9.346184 9.903209 8.015582 7.317850 6.644963 5.858304 5.121939 4.440068 3.835760 3.307866 2.902052 2.662657 2.601798 3.007170 2.972157 3.302819 3.755259 4.137025 4.206308 6.365660 6.275575 4.056763 3.897002 3.398985 2.817880 2.220680 1.773899 2.066353 1.563037 1.947379 2.580564
6.302598 7.069935 6.519897 5.970659 5.519185 4.968230 4.388664 4.141074 4.148174 4.223205 4.576726 4.615671 4.970633 5.533696 6.211351 6.891694 7.438392 7.846715 8.217940 8.712533 9.269830 9.778963 10.436562 10.538189 7.020400 5.655835 5.599546 5.449692 9.389060 10.661787 10.516688 11.266899 9.447932 8.859821 8.210566 7.603385 6.933595 6.231933 5.536908 4.902117 4.350113 3.864201 3.487338 3.251876 3.156797 3.147422 3.295283 3.635084 4.122221 4.592398 4.740577 6.706257 4.587062 6.052424 3.929647 3.572282 3.045421 2.506199 2.069380 1.895653 2.363952 2.042501 2.442871
6.910373 6.244193 5.643596 5.070389 4.677848 4.306215 3.819596 3.202626 3.180839 3.382303 3.707654 3.904359 4.424213 5.068714 5.722344 6.499504 7.161920 7.589680 8.010887 8.479777 9.024521 9.580011 10.237636 10.400780 9.534132 5.622294 5.574637 5.552659 5.422892 9.664471 10.512446 11.380758 10.890162 9.088978 8.490449 7.860651 7.268217 6.671545 6.024600 5.432581 4.921745 4.473472 4.130172 3.889184 3.745140 3.728608 3.802083 3.945776 4.372959 4.913566 5.168343 5.219558 4.893316 4.558869 4.279537 3.794180 3.326238 2.895975 2.521108 2.876624 2.845253 2.623557 2.466007
6.243572 5.606426 5.007558 4.362591 3.749154 3.387118 3.469149 3.301128 3.097407 3.037049 3.234924 3.744478 4.225353 4.936995 5.546796 6.262845 7.195381 7.690911 8.033336 8.434436 8.891378 9.419010 10.074057 10.675651 10.307126 5.592189 5.556734 5.534866 5.402752 5.377685 11.587953 11.411438 11.078465 9.300916 8.785471 8.184729 7.606741 7.070282 6.522168 7.828298 5.504440 5.106812 4.791141 4.554190 4.377616 4.321685 4.395790 4.509157 4.770950 5.230440 7.340676 7.118307 5.210386 6.314642 6.111582 4.228582 3.915231 3.396476 3.463834 3.354118 3.292409 3.269929 3.213767
5.419986 4.934172 4.317887 3.772378 3.215326 2.761288 3.122552 3.281725 3.297560 3.388666 3.527658 3.919762 4.204175 4.898740 5.272116 6.012563 7.249759 7.946851 8.219946 8.573738 8.916719 8.732240 9.894044 10.533804 10.490647 6.556457 6.550838 5.513298 5.483738 5.457410 5.322116 10.384361 11.344252 11.044810 9.086214 8.592542 8.037746 7.505906 6.990228 6.529904 7.984612 7.710427 5.453171 5.230564 7.121400 7.084948 5.014297 7.230835 5.372922 5.648582 7.702894 7.389854 5.535622 5.208179 6.651845 6.445486 4.404572 4.177243 4.009768 3.579207 3.795150 3.761340 3.786450
4.725719 4.366094 3.736970 3.152929 2.775542 2.705814 2.951757 3.201559 3.434568 3.657535 3.770113 3.848570 4.249568 4.688499 5.188639 6.085629 7.130397 7.796975 8.218320 8.593655 8.964818 9.272036 9.739275 10.333679 10.358911 8.913858 6.508287 6.488374 5.460367 5.340579 5.310852 9.908498 10.245702 11.252960 9.395858 8.960449 8.474898 7.968930 7.487866 7.056342 8.494982 8.203602 6.106008 7.706804 7.612635 7.564633 7.575428 5.825584 7.794068 5.800660 8.073112 6.558348 5.978738 5.600610 7.096961 6.893921 4.957703 4.767866 4.483465 4.302315 4.362630 4.296196 4.278287
3.978946 3.534843 3.319565 2.778721 2.684987 2.940036 2.945736 3.028588 3.293980 3.519854 3.663854 3.646301 3.813585 4.486406 5.110481 5.972090 6.926812 7.534459 7.994574 8.435153 8.851952 10.354871 10.466479 10.970522 10.585605 11.727993 6.481287 5.367605 5.432767 5.412031 5.391947 5.347807 9.953702 9.881523 11.153664 10.806124 8.877613 8.426908 7.992956 7.580386 7.204524 6.903576 6.666004 6.459272 6.311929 8.064605 8.053953 6.267160 8.200791 8.267360 7.126886 7.019561 6.633097 6.041837 7.529077 7.396605 7.316650 5.376316 7.115042 5.068792 4.961691 4.886151 4.843845
2.924907 2.913054 2.805898 2.783446 2.771772 2.666783 2.420910 2.692876 3.189204 3.584308 3.844112 3.937222 3.927198 4.533434 5.145250 5.987116 6.851625 7.413178 9.200877 9.708725 10.072480 10.561672 9.597211 10.052080 13.181093 13.263058 13.226379 7.312147 5.402277 5.296392 5.381898 5.346913 5.303936 9.887580 9.743141 9.580307 10.811242 9.086581 8.687519 8.127314 7.775049 7.482002 7.255217 7.061988 6.890302 6.823589 6.848536 7.263764 7.365971 7.327022 7.651811 7.111120 7.130643 6.558287 6.381638 6.219934 7.868106 7.757053 7.633047 7.477625 7.369884 7.374042 7.406968
2.429616 2.351526 2.360622 2.522523 2.379572 2.116558 2.181392 2.787542 3.368810 3.751618 4.121131 4.454531 4.675910 4.769609 5.327051 6.133831 6.892910 7.403407 9.547671 10.013431 10.391021 10.671961 9.524192 10.006924 12.753744 10.456357 10.261307 10.542345 5.303903 5.382648 5.364599 5.338052 5.291914 5.233547 12.723555 9.934788 12.766649 12.621238 9.207440 8.898500 8.587899 8.067848 7.843841 7.657052 7.474879 7.428387 7.902299 7.955395 7.998873 7.960331 8.117642 7.540853 7.656659 7.421336 7.250478 6.825511 6.715802 6.828776 6.668954 6.490237 6.301582 6.132484 7.910076
2.229115 1.888721 1.822175 2.117867 2.092601 2.386572 2.875274 3.156792 3.450088 3.720608 4.266904 4.797119 5.167660 5.436774 5.653732 6.356881 7.067324 9.724572 10.017420 10.405237 10.564961 9.018694 9.330773 9.757746 10.028976 10.200771 10.464513 10.594312 5.299526 5.351949 5.342403 7.217690 7.189901 7.157624 5.154439 7.474013 12.589654 12.597197 12.690823 9.071818 10.392064 8.889784 8.382285 8.211306 8.038599 7.984178 8.490747 8.499090 8.482118 7.843308 11.427825 7.923076 8.182985 8.050137 7.910482 7.783472 7.697808 7.586881 7.449674 7.292013 7.098313 6.912384 6.753824
2.236560 2.357607 2.233043 2.101704 2.192271 2.782863 3.131341 3.238301 3.353903 3.694179 4.401685 4.733436 5.161584 5.605583 6.078486 6.620569 9.700108 9.969547 10.063782 9.687524 8.525523 8.728601 8.944200 9.316825 9.239221 9.465870 9.929271 10.252008 6.611252 5.329120 5.293330 7.262376 6.990295 5.151424 7.208107 7.170270 7.143569 7.024638 5.041809 5.126589 4.888268 5.871269 5.802389 4.705100 5.760273 5.684853 5.597663 6.831553 6.793466 6.803370 8.039244 5.732651 8.135324 8.145571 8.507527 8.437701 8.384667 8.312164 8.213044 8.097060 7.926790 7.455517 7.340043
2.282503 2.648352 2.449451 2.236337 2.525909 2.884337 3.022190 3.161319 3.317874 3.669157 4.154911 4.508740 4.927773 5.560191 6.179461 8.512674 9.123237 9.159257 7.713772 7.852654 7.968692 8.167081 8.440794 8.806467 9.280343 9.672802 10.112307 10.454068 10.251604 9.097640 9.309834 10.106628 9.987614 11.998932 7.964807 6.998612 7.034505 5.164957 5.105371 5.050928 4.995307 4.912388 4.852289 4.816726 4.769702 4.741142 4.720528 4.688885 6.858901 6.868853 4.634840 4.722255 4.702996 4.611219 4.608062 4.593350 4.582399 4.604286 8.347793 8.323160 8.228737 8.102770 8.005844
