geotop_simulations/templates/TEST_Venosta_3D_034_template/rec/SoilTemperature0000L0005.old.asc
ncols         252
nrows         194
xllcorner     598250.000000
yllcorner     5144500.000000
cellsize      250.000000
NODATA_value  -9999.0
[rows 84 to 111 of 194, columns 189 to 251 of 252]
0.636124 0.667401 0.819340 0.782476 0.988251 1.987467 2.206842 2.360576 3.337494 4.188634 4.329398 3.790985 2.916932 1.830062 1.035488 0.243588 -0.016655 -0.034699 -0.155856 -1.782500 -0.176188 -0.365178 -0.338550 -0.334707 -0.333634 -0.344491 -0.362639 -0.360463 -0.353978 -0.389816 -0.119368 -0.012960 -0.168057 -0.166904 -0.234951 -0.425851 -0.009356 -1.044374 -1.200556 -0.376302 -0.111490 -0.021009 0.008241 0.498923 0.775745 0.742001 1.327561 3.253134 3.890468 3.234633 3.556426 9.530916 10.168429 -9999.0 -9999.0 -9999.0 -9999.0 -9999.0 -9999.0 -9999.0 -9999.0 -9999.0 -9999.0
3.811187 5.022604 6.634815 0.827737 0.871446 1.650556 2.114687 2.511310 0.095536 3.018489 3.278559 4.725432 3.862219 2.015400 0.901012 0.010135 -0.018519 -0.034930 -0.178790 -0.085949 -0.414281 -0.358295 -0.359830 -0.353616 -0.342750 -0.359921 -0.383837 -0.374153 -0.383741 -0.480562 -0.199851 -0.806643 -1.140387 -1.526685 -1.447635 -0.633069 -1.005767 -1.368188 -0.101042 -0.101245 -0.103420 -0.006669 0.228775 0.621100 0.868222 0.476546 2.695139 3.635918 4.349992 3.546573 3.725131 10.186451 3.798746 3.785526 -9999.0 -9999.0 -9999.0 -9999.0 -9999.0 -9999.0 -9999.0 -9999.0 -9999.0
4.376887 5.540181 6.664232 0.816068 0.781790 1.136930 1.489191 1.932574 -0.216026 -1.603558 2.588560 3.733355 4.127725 2.716762 1.303692 0.011698 -0.020393 -0.042063 -0.120540 -0.086034 -0.174519 -0.383899 -0.374094 -0.353343 -0.369193 -0.408630 -0.413592 -0.495456 -0.509392 -0.128043 -1.349526 -2.571867 -2.502038 -1.223559 -0.979252 -0.752457 -0.220606 -0.101316 -0.074164 -0.042478 -0.012253 0.003633 0.335543 0.652616 0.794504 0.231052 0.790924 4.140387 3.390281 9.421620 3.836060 3.881636 3.869747 3.822742 3.601109 -9999.0 -9999.0 -9999.0 -9999.0 -9999.0 -9999.0 -9999.0 -9999.0
4.678019 5.462010 0.509750 0.568869 0.024003 0.442522 0.874000 0.538000 -0.434559 -2.016818 3.088316 2.460726 4.094976 2.664837 1.385689 0.018964 -0.018768 -0.035839 -0.169535 -1.469432 -0.141563 -0.400665 -0.382362 -0.350692 -0.398288 -0.444794 -0.497310 -0.100994 -0.168079 -0.767433 -2.524180 -2.353144 -2.203601 -0.905635 -0.551982 -0.324738 -0.099606 -0.074954 -0.032313 -0.022450 -0.002852 0.340259 0.645218 0.640655 0.082112 0.237460 3.929440 3.153917 3.617605 3.852543 3.971479 3.973692 3.606714 3.580019 3.778413 -9999.0 -9999.0 -9999.0 -9999.0 -9999.0 -9999.0 -9999.0 -9999.0
4.435985 5.334747 0.285863 -0.014369 -0.013962 -0.004497 0.431617 -0.567077 -1.328513 -0.406023 1.812133 1.369127 1.750653 2.656668 0.878442 0.058496 -0.019951 -0.054108 -0.096094 -2.322963 -0.134652 -0.419999 -0.388774 -0.369206 -0.497422 -0.184483 -0.091324 -1.548274 -2.471971 -2.606651 -2.266507 -1.162827 -1.490608 -0.467961 -1.654736 -0.089398 -0.061873 -0.028134 -0.018634 -0.005002 0.276448 0.641491 1.119162 1.191914 0.097941 3.056071 2.903953 9.032068 7.653691 7.737246 3.594102 3.612401 3.566283 3.744667 3.648745 4.505094 -9999.0 -9999.0 -9999.0 -9999.0 -9999.0 -9999.0 -9999.0
4.409542 5.127428 4.692656 -0.010253 -0.005966 0.135362 0.016414 -0.009183 -1.903156 -2.198386 0.201811 0.598912 1.067786 1.384283 0.912623 0.710067 -0.019848 -0.043242 -0.075951 -2.227286 -0.112849 -0.446722 -0.402304 -0.401369 -0.533439 -0.251611 -2.384119 -2.628623 -2.467152 -1.112752 -0.995840 -0.957501 -1.047554 -0.832844 -0.065220 -0.031831 -0.019820 -0.012217 -0.003703 0.033660 0.625892 1.096749 1.521325 1.592098 2.906839 3.824465 3.198227 3.307143 3.470936 7.751322 3.548856 3.565663 3.404783 3.555271 3.434944 4.158300 3.724950 -9999.0 -9999.0 -9999.0 -9999.0 -9999.0 -9999.0
4.006374 4.324766 3.812859 3.470832 4.114550 -0.002834 0.056318 -0.004774 -0.005404 -0.547852 -0.004181 1.355942 1.743154 0.519924 1.857862 1.013586 -0.013602 -0.027748 -0.087102 -2.001421 -0.502561 -0.153110 -0.504298 -0.488169 -0.376155 -1.396666 -2.630530 -2.424848 -1.136312 -0.907859 -0.753667 -0.690280 -0.713228 -0.640367 -0.029692 -0.016486 -0.004575 -0.000581 0.088019 0.239363 0.960887 1.563649 1.937075 3.296549 3.771702 4.309771 3.272317 3.375174 7.653422 7.733862 3.477352 3.425000 3.540762 3.350670 4.221278 3.763487 4.496659 2.896491 -9999.0 -9999.0 -9999.0 -9999.0 -9999.0
3.848061 3.856119 3.439342 3.368700 3.803860 -0.004277 -0.021335 -0.012828 0.002232 -0.003707 -0.004007 0.552448 1.376133 1.293228 1.086463 1.221412 0.035842 -0.024126 -0.046982 -0.177364 -0.995946 -2.261222 -0.417418 -0.449187 -0.995542 -2.492604 -2.472996 -2.242004 -1.051929 -0.728762 -0.497208 -0.331294 -0.201692 -0.188559 -0.009594 -0.001037 -0.000323 0.089415 1.545341 2.002346 2.449779 2.907260 3.365693 3.812124 3.122614 3.447856 3.263989 3.358827 3.403050 3.417487 3.405958 7.618479 3.427788 4.292356 3.830254 4.290410 4.137246 2.463863 2.114940 -9999.0 -9999.0 -9999.0 -9999.0
4.143533 3.609138 2.917205 2.959340 3.417007 4.036568 -0.004953 -0.021783 -0.006234 -0.003963 -0.003784 0.496982 0.888108 -0.003399 0.604807 1.318731 0.519461 -0.019178 -0.058261 -0.147313 -0.633199 -0.953127 -2.509151 -2.396419 -2.469074 -2.419296 -2.260393 -1.318255 -0.971411 -0.941983 -0.223189 -0.126443 -0.097474 -0.083297 -0.011581 -0.000103 0.093541 0.208507 2.062947 1.040697 2.992718 3.410695 3.802720 2.736107 2.952040 3.127114 3.233309 3.298861 3.322155 3.325179 3.243006 3.449150 4.345888 3.907726 3.406574 2.894655 2.438066 2.035969 1.665102 -9999.0 -9999.0 -9999.0 -9999.0
4.502538 4.113465 3.249790 3.181203 3.530931 3.925978 -0.004918 -0.005396 -0.011377 -0.004551 -0.000225 0.287275 0.300866 -1.658775 -0.203966 1.355877 0.847893 -0.004335 -0.031665 -0.094638 -0.376377 -0.739771 -0.919531 -1.977863 -2.317448 -2.199901 -1.422756 -1.180013 -0.839033 -1.494754 -0.122198 -0.090009 -0.060636 -0.026723 -0.004079 0.066268 0.180555 0.451486 2.482412 1.785253 2.183946 2.273474 2.530325 2.774586 2.964244 3.095283 3.156127 3.202332 3.250564 3.202459 3.493580 4.398972 3.985460 3.502360 2.967006 2.450883 1.998809 1.605650 1.262383 1.061601 -9999.0 -9999.0 -9999.0
-0.001168 -0.006565 -0.014461 -0.015185 -0.006712 -0.004646 -0.005221 -0.004973 -0.014468 -0.009358 -0.004650 0.078610 -0.007493 -1.846878 -1.294342 1.277547 0.746030 0.281817 -0.012065 -0.023278 -0.033836 -0.087382 -0.666990 -0.809203 -0.993491 -1.253788 -1.883746 -1.102263 -0.788904 -1.300495 -1.114272 -0.060392 -0.035047 -0.011108 -0.000329 0.139985 0.255550 1.131329 1.657535 2.067140 2.028400 2.328034 2.563677 2.752727 2.910259 3.007374 3.068051 3.141740 3.126264 3.451751 4.468297 3.090813 3.654765 3.127997 2.585025 2.065791 1.624579 1.247477 0.933936 0.742436 -9999.0 -9999.0 -9999.0
0.011654 -0.006145 -0.006611 -0.006639 -0.005670 -0.004842 -0.005026 -0.004409 0.084118 0.178104 0.158108 0.009631 -0.005810 -1.558275 -0.283210 0.593783 1.213656 0.444254 0.066295 -0.018427 -0.022855 -0.029897 -0.287368 -0.535118 -0.809782 -1.037636 -1.113819 -1.011886 -0.668482 -1.102585 -0.857755 -0.127173 -0.011945 -0.000605 0.079639 0.202861 0.330409 1.334315 1.462846 1.797257 2.097476 2.319814 6.628739 2.686607 2.824454 2.913876 3.001759 3.011315 3.423607 4.428951 4.149250 3.818654 4.117186 2.860833 2.300675 1.769086 1.334030 0.975370 0.665303 0.481915 -9999.0 -9999.0 -9999.0
0.042729 0.017863 0.010580 0.002858 -0.000333 0.006793 0.115207 0.008842 0.009621 0.053652 0.039626 0.121996 0.123500 -0.008021 -0.003299 0.138398 0.815867 0.925363 0.496966 0.128945 -0.029552 -0.022041 -0.085961 -0.106272 -0.544444 -0.802273 -0.869519 -0.847232 -0.505833 -0.889031 -0.594718 -0.015262 -0.002448 -0.000352 0.086271 0.210425 0.619998 1.069868 1.483270 1.820160 6.202725 2.273272 2.458896 6.753837 6.908466 2.808030 2.867674 3.242529 3.186875 4.056523 3.727240 3.417108 3.098397 2.622298 2.069645 1.537341 1.104219 0.753032 0.449902 0.308717 0.218264 -9999.0 -9999.0
0.016950 -0.005720 -0.010326 0.326058 0.030298 0.302069 0.307793 0.309301 0.358096 0.358022 0.288766 0.063862 0.206189 0.319101 0.299591 0.793620 0.740792 0.280263 0.206563 0.112882 -0.006174 -0.000980 -0.043546 -0.069323 -0.114434 -0.497527 -0.579047 -0.583969 -0.248129 -0.662724 -0.050873 -0.005525 4.164759 0.019811 0.121464 0.227982 0.523915 1.156748 1.510462 1.767968 1.999946 2.205676 2.389466 2.522369 2.608365 3.090050 3.102017 4.128927 3.914953 3.619056 3.289360 2.958133 2.694584 2.323517 1.824664 1.316746 0.909676 0.565057 0.302576 0.029891 -0.003598 -0.003733 -9999.0
0.992181 0.060911 0.029108 0.012868 -0.005619 0.004778 0.243943 0.419480 0.538921 0.588720 0.537210 0.295598 0.278919 0.437010 0.569341 0.533282 0.479991 0.221828 0.002951 -0.002557 -0.000088 -0.633044 -0.015317 -0.020546 -0.039828 -0.097410 -0.101002 -0.124466 4.418242 3.714554 3.842683 4.027726 4.238624 0.045213 0.136690 0.234873 0.660781 1.181200 1.457489 1.718073 1.939225 2.124315 2.280046 2.791874 2.877182 3.899921 3.856687 3.751129 3.526621 3.201041 2.850349 2.545824 2.244868 1.959653 1.534113 1.073204 0.714787 0.397475 0.030190 -0.004022 -0.005829 -0.005944 -9999.0
1.482489 1.361678 1.299909 1.203457 0.984215 0.662926 0.807815 0.789882 0.754731 0.909890 0.907288 0.570581 0.723325 0.384168 0.357274 0.726066 0.723294 0.432812 0.141727 0.081500 -0.000824 -0.004765 -0.011857 -0.002879 -0.007479 -0.018343 -0.044761 4.457541 3.663111 3.769229 3.898533 4.063269 4.255722 4.466285 4.700226 0.243895 0.603958 1.126273 1.412846 1.667288 1.866006 2.027279 2.555135 3.616126 3.566628 4.155904 3.378655 3.296007 3.141320 2.824222 2.454336 2.149314 1.844672 1.554872 1.190794 0.801768 0.497361 0.263194 -0.003873 -0.006573 -0.009074 -0.009243 -9999.0
1.813821 2.315647 2.348748 2.155557 1.687220 1.390072 1.373904 1.374391 1.199613 1.320500 1.435268 0.573068 1.070603 1.363157 1.257441 1.212095 1.117779 0.868762 0.525040 0.169321 0.031063 0.040512 -0.000152 -0.003310 -0.002756 -0.004617 -0.006345 -0.011150 3.702859 -0.007933 3.905980 4.073741 4.262405 4.473800 0.150230 0.238439 0.513192 1.066112 1.349274 1.570273 1.735326 2.267752 2.357897 3.272999 3.141255 3.798118 2.876464 2.778756 2.757465 2.518390 3.233624 1.811861 2.988866 1.201803 0.868844 0.539885 0.331055 0.026652 -0.005365 -0.008601 -0.009300 -0.009294 -9999.0
6.173860 6.395203 3.095637 2.852064 2.511540 2.064665 2.087222 2.127440 2.034851 1.923244 1.998105 1.650743 1.604210 1.864827 1.769617 1.670857 1.517115 1.259363 0.913950 0.261205 0.471904 0.107173 -0.000350 -0.000891 -0.003883 -0.008690 -0.011376 -0.011441 -0.009393 -0.005328 3.933674 4.102712 4.284517 0.078926 0.148558 0.225949 0.389188 0.716690 1.436248 1.727447 1.798248 3.071344 3.064348 2.912793 2.717624 3.476086 3.486270 2.316935 2.297180 2.210695 1.922561 2.843266 2.712128 2.525545 0.603446 0.374966 0.211084 -0.003993 -0.005517 2.792176 -0.009325 -9999.0 -9999.0
6.774225 3.410282 3.707470 3.762482 3.586305 3.395300 3.418632 2.851902 2.787863 3.656775 2.614715 2.345976 2.249573 2.278531 2.227963 2.043627 1.443498 1.191613 0.660865 0.277670 0.187806 0.109251 0.027114 -0.000272 -0.000914 -0.000934 -0.005379 4.574140 -0.006973 -0.003589 -0.001045 -0.000371 4.300797 0.061592 0.184250 0.237382 0.290120 0.341311 2.259522 1.251293 2.527222 2.697925 2.705323 2.555584 2.338852 2.104769 1.940236 3.217290 1.789585 1.858392 1.658657 1.306628 2.446585 0.636852 0.405964 0.269728 0.025922 -0.004166 -0.004607 2.955656 -9999.0 -9999.0 -9999.0
7.468249 7.467494 3.849946 4.512790 4.955140 4.700932 4.415641 4.338264 4.383969 4.387774 3.234562 2.869589 2.725348 2.652532 2.069050 1.894166 1.702625 1.467928 1.166703 0.565105 0.239034 0.218979 0.125231 0.011950 -0.000582 -0.000842 -0.003518 -0.004701 -0.004624 -0.002430 -0.000951 -0.000064 0.050468 1.093460 1.236186 1.375990 1.532515 1.655153 1.784090 1.911101 2.022426 2.198663 2.257853 2.182764 2.003583 1.764019 2.827023 1.465155 1.351355 1.387736 1.299141 0.998478 0.657543 0.382735 0.244542 0.187325 0.026129 0.007131 -0.004328 -9999.0 -9999.0 -9999.0 -9999.0
8.143208 8.080105 4.304352 5.050183 5.912839 5.788255 5.555167 5.270805 5.132759 3.961265 3.726342 3.336701 3.119544 2.446545 2.275980 2.081972 1.846671 1.587703 1.306267 1.176314 1.008287 0.258374 0.152470 0.025356 -0.000265 -0.000714 -0.001905 -0.003156 -0.002737 -0.001210 -0.000939 -0.001174 0.026576 0.931011 0.953493 1.005040 1.103971 1.127139 1.250594 1.378606 1.490824 1.669306 0.882192 1.769117 1.640910 1.417372 2.500163 1.062445 0.989853 0.942333 0.845613 0.604870 0.325634 0.027663 0.020892 0.096003 0.145951 0.144008 -9999.0 -9999.0 -9999.0 -9999.0 -9999.0
5.499016 5.319751 5.389151 5.653557 6.650863 6.664120 6.475170 6.301776 4.738405 4.375071 4.067292 3.076625 2.782331 2.613168 2.419395 2.189462 1.950342 1.689931 1.393363 1.472808 1.153259 0.639829 0.188568 0.104700 0.008536 -0.000501 -0.000796 -0.001297 -0.001250 -0.001234 0.473756 0.532676 0.614509 0.694437 0.291189 0.242450 0.265377 0.545556 0.764350 0.883599 0.329175 0.787250 0.602220 1.341705 1.208961 0.998544 0.795448 0.643941 0.566754 0.473249 0.356151 0.032769 -0.004072 -0.004489 -0.004462 0.019635 0.193262 -9999.0 -9999.0 -9999.0 -9999.0 -9999.0 -9999.0
5.963064 6.196067 6.403245 6.564472 6.435373 6.438364 6.178383 4.182287 3.967587 3.741532 3.492847 3.207245 2.913752 2.712378 2.483695 2.231090 1.943906 1.809811 1.805867 1.473727 1.140350 0.842221 0.221210 0.133124 0.013926 -0.000706 -0.000591 -0.000895 0.081422 0.079073 0.157401 0.127152 0.109141 0.162126 0.045134 0.030687 1.634179 1.718763 1.823577 0.454463 0.578283 0.021010 0.976099 0.902714 0.757312 0.531809 0.318772 0.029216 -0.003505 -0.004997 -0.006908 -0.009188 -0.009298 -0.008912 -0.006123 -0.004281 -9999.0 -9999.0 -9999.0 -9999.0 -9999.0 -9999.0 -9999.0
6.639245 7.091867 7.232467 7.087029 6.966074 5.505243 4.470342 4.309062 4.111970 3.893734 3.628532 3.341080 2.977534 2.709699 3.020227 2.690708 2.260957 1.864470 2.546655 1.222490 0.881035 0.411761 0.420927 0.138496 0.026986 -0.000648 0.182250 0.143487 0.014371 0.006287 0.020239 0.007966 0.003545 0.014681 -0.006717 1.269056 1.385468 1.479362 -0.011372 -0.001356 0.168545 0.076360 0.557738 0.458664 0.268783 -0.007028 -0.010400 -0.011465 -0.011850 -0.011685 -0.011430 -0.011216 -0.010816 -0.010169 -0.009278 -9999.0 -9999.0 -9999.0 -9999.0 -9999.0 -9999.0 -9999.0 -9999.0
7.367342 7.476636 7.478923 6.962990 5.086367 4.784129 4.603144 4.439259 4.223774 3.977585 3.702014 3.721123 3.639848 3.217267 3.861290 3.425901 2.982931 2.567604 2.197960 1.860524 1.563903 1.305930 1.092699 0.104364 0.034833 0.241659 0.046326 0.027765 -0.008567 -0.003407 -0.018342 -0.011673 -0.008879 -0.008040 0.002411 -0.031519 -0.034490 -0.023460 -0.020587 -0.014534 -0.014525 -0.007687 0.195701 -0.012697 -0.012333 -0.016484 -0.016736 -0.017379 -0.017903 -0.015665 -0.013907 -0.012735 -0.011773 -0.011201 -0.009646 -9999.0 -9999.0 -9999.0 -9999.0 -9999.0 -9999.0 -9999.0 -9999.0
7.778358 7.790575 5.765802 5.046221 4.946135 4.826924 4.677444 4.512909 4.278395 3.966263 4.409051 5.077640 3.549434 4.010485 3.463443 2.985252 2.542337 2.146258 1.788452 1.484686 1.225652 1.013509 0.556870 0.458936 0.853825 -0.000791 0.030931 -0.000885 -0.011217 -0.010012 -0.025538 -0.017427 -0.014018 -0.011544 -0.005520 -0.035146 -0.064989 -0.031603 -0.026585 -0.023309 -0.024172 -0.374557 -0.004725 -0.019901 -0.018972 -0.019738 -0.020587 -0.020884 -0.020874 -0.019651 -0.017737 -0.016537 -0.013935 -0.011697 -9999.0 -9999.0 -9999.0 -9999.0 -9999.0 -9999.0 -9999.0 -9999.0 -9999.0
5.296591 5.284855 5.219991 5.122489 5.007460 4.867319 4.706535 4.513681 4.217296 5.511779 4.401236 4.836984 3.311647 2.729561 2.992803 2.525240 2.102658 1.721587 1.392850 1.119259 0.892056 0.741578 0.363804 0.202345 0.820487 1.135342 -0.006723 -0.004675 -0.231244 -0.065478 -0.041518 -0.025692 -0.022464 -0.019524 -0.010401 -0.008958 -0.703666 -0.055565 -0.039799 -0.032413 -0.030689 -0.548965 -0.558021 -0.023429 -0.023484 -0.023819 -0.023631 -0.023488 -0.023345 -0.022531 -0.021483 -0.019207 -0.013861 -9999.0 -9999.0 -9999.0 -9999.0 -9999.0 -9999.0 -9999.0 -9999.0 -9999.0 -9999.0
5.292538 5.275567 5.168236 5.469766 7.348930 7.046204 6.571112 6.019108 5.464806 6.337956 4.422847 4.518793 3.879628 3.177726 2.565877 2.111580 2.883607 1.353466 1.052167 0.799542 0.600618 0.502517 0.096633 0.122403 0.776123 1.095363 -0.008398 -0.008196 -0.019167 -0.415893 -0.541296 -0.043211 -0.031878 -0.036116 -0.028386 -0.545109 -0.681496 -1.128858 -1.049184 -0.052717 -0.049046 -0.074849 -0.720344 -0.029113 -0.030212 -0.031592 -0.028241 -0.026224 -0.009672 -0.023350 -0.021811 -9999.0 -9999.0 -9999.0 -9999.0 -9999.0 -9999.0 -9999.0 -9999.0 -9999.0 -9999.0 -9999.0 -9999.0
