geotop_simulations/templates/TEST_Venosta_3D_034_template/rec/SoilPressure0000L0005.asc
ncols         252
nrows         194
xllcorner     598250.000000
yllcorner     5144500.000000
cellsize      250.000000
NODATA_value  -9999.0
[rows 96 to 119 of 194, columns 162 to 215 of 252]
-1807.853597 4068.450095 10257.372958 9272.897308 -1935.933967 -604.065048 -698.109157 -620.994904 -640.270347 -935.012223 -953.218570 -928.895494 -716.294258 -793.171144 -1950.346745 9067.452778 -460.522930 -568.082602 -555.287893 -686.895451 -822.874742 -774.050706 -751.490754 -797.369869 -798.029790 -727.359645 -678.069528 -790.021887 -851.319807 -822.195037 -725.485907 -688.344297 -619.909632 -570.232449 -633.506908 -559.563468 -505.016289 -529.417751 -508.801758 -463.114038 -1038.489866 -416.592806 -436.312999 -426.181887 101.106937 103.463312 100.753682 1522.026713 7639.470482 33860.400925 23379.710112 -39812.952373 -77350.754733 -87337.755309
-854.933740 -1762.019027 11072.488274 9407.969892 -598.730685 -577.030419 -542.544863 -588.666974 -646.141666 -799.483875 -783.933807 -804.072760 -841.654974 -675.787162 -1552.378288 -1842.022431 -698.898513 -648.001983 -773.376556 -656.755397 -686.180531 -712.918838 -848.627193 -730.567533 -716.806080 -684.885899 -647.617992 -716.443430 -710.385635 -1248.458204 -688.185001 -670.225908 -649.168102 -524.202067 -482.522391 -512.045560 -527.457458 -525.446115 -458.086120 -442.757683 -475.955161 -462.871518 -462.715493 -447.581109 -473.684454 -479.690429 -310.629792 176.021777 100.978559 22443.461543 35812.631527 21653.071239 -36204.984906 -46414.451122
-555.963289 -567.439061 4889.054522 -2002.770507 -683.654983 -536.674212 -650.435677 -624.606574 -677.242423 -720.818028 -726.236859 -741.337415 -781.347351 -883.008170 -794.343831 -848.734101 -897.824477 -980.838804 -754.776988 -702.289416 -713.508602 -891.038279 -936.766435 -833.367181 -721.650930 -674.605590 -748.263443 -696.816356 -768.105362 -825.508341 -798.152822 -703.117976 -607.724390 -587.329948 -477.822433 -483.417173 -482.021617 -467.869038 -421.323391 -431.951459 -445.516788 -462.411586 -511.009393 -506.130522 -470.630083 -402.505261 -322.451796 121.865379 -77973.583880 -1962.899522 -2614.275695 196.934108 10975.190245 10690.339644
-606.021163 -413.986229 7511.376287 1686.972622 -660.254350 -559.502034 -535.425459 -549.151773 -557.109665 -709.905757 -857.672193 -817.782667 -645.873224 -1008.260698 -834.412405 -853.445786 -860.010594 -878.225546 -806.094052 -712.245130 -704.169290 -771.749464 -928.065448 -908.742437 -887.830706 -713.361206 -764.021275 -811.945967 -799.312443 -885.842134 -915.294718 -796.468092 -712.149446 -568.412808 -525.257958 -490.650525 -486.704495 -452.605587 -388.760245 -422.362298 -443.581068 -475.372546 -465.996682 -484.607175 -493.171693 -517.669029 -530.190806 96.526890 -147.752328 -1039.816575 -137.720617 -424.089029 -2443.697750 3172.157465
-565.452922 -317.653599 2420.905140 -1343.561178 -826.922876 -653.421261 -498.792021 -516.521538 -548.337231 -662.078370 -879.566726 -839.057937 -697.788102 -915.074819 -832.317179 -748.358488 -1054.220904 -966.101584 -1047.972930 -842.714487 -773.799010 -800.873997 -914.470615 -885.239951 -970.827167 -750.500916 -701.819485 -804.413865 -969.294909 -1088.922339 -1096.387514 -932.461766 -747.345341 -696.404101 -616.370472 -525.472352 -491.212400 -463.604554 -376.665436 -400.919530 -423.708720 -424.829657 -442.488170 -459.843457 -468.908501 -455.730958 -465.431497 104.976882 95.781322 99.448142 -417.058756 -347.504160 -167.244909 -223.284215
-524.487541 -380.598864 -500.312523 -795.427864 -778.852420 -810.995230 -560.886092 -493.927092 -546.005265 -687.733331 -881.019509 -965.851925 -858.791388 -886.724032 -803.160706 -800.291335 -1234.890521 -1229.220119 -1156.668687 -963.395931 -884.870315 -850.220829 -931.765176 -838.978217 -862.741053 -846.526627 -809.391988 -989.705143 -1114.783333 -1201.012457 -1149.795775 -1009.464230 -827.179324 -747.617199 -682.489411 -580.575250 -506.013694 -482.553167 -414.521053 -406.980130 -424.436726 -422.439355 -428.848303 -445.593957 -450.975441 -443.425880 -420.842570 102.828033 -215.706098 1568.574082 1913.268663 697.668066 80.521451 -173.443262
-512.760503 -547.420513 -471.235316 -803.583781 -902.649396 -923.409966 -683.039305 -534.820846 -587.750487 -969.359140 -972.547757 -982.624254 -1017.576380 -945.571751 -906.137442 -1299.457388 -1391.109514 -1506.221830 -1390.260982 -1171.667460 -966.514239 -877.397894 -957.251448 -880.008767 -950.315099 -945.302831 -1107.795410 -1079.024802 -1227.740259 -1371.801725 -1389.184019 -1256.285838 -907.992746 -826.026024 -748.585966 -645.660224 -636.631779 -526.972551 -456.341454 -433.235453 -437.463909 -438.079033 -391.387775 489.061741 750.536460 2623.157986 6762.474618 7786.786693 6922.787635 3108.282752 111.322831 109.241068 95.487106 94.004014
-472.632183 -567.318996 -538.861102 -913.570301 -981.569781 -1026.120503 -981.414125 -647.242061 -879.598463 -1016.017407 -993.915054 -994.086897 -1043.162463 -1031.215800 -1069.291807 -1114.534659 -1145.225880 -1158.298564 -1674.227635 -1472.162999 -1142.296452 -909.750074 -947.160304 -1003.095275 -987.624469 -1267.135173 -1225.767906 -1249.383272 -1247.751164 -1344.048771 -1556.584258 -1279.090530 -1141.640480 -977.213790 -860.726127 -788.269067 -752.705329 -599.721230 -504.902684 -471.666503 -458.215049 6588.486675 17455.735644 21531.806359 18998.980933 12526.434466 8512.159825 2418.755603 104.914292 107.390431 109.536711 109.060410 103.200544 99.210109
-475.628778 -511.935049 -596.550035 -974.597008 -1040.560339 -1219.970685 -993.898815 -798.074495 -1129.323830 -1092.143770 -1049.784411 -1052.168314 -1282.526237 -1133.931097 -1173.705570 -1199.617274 -1229.539537 -1251.279674 -1247.441249 -1734.111191 -1521.160964 -1034.527323 -873.773767 -986.759768 -1038.088963 -1119.812970 -1394.140712 -1372.635165 -1291.540184 -1359.142103 -1613.615297 -1490.368122 -1346.193397 -1200.921850 -1021.167085 -929.394196 -750.559766 -661.442300 -557.262506 -507.780355 6299.293438 17845.680849 23718.100971 28726.049481 17283.340352 11333.315974 380.182813 -302.339423 103.751927 106.325089 109.350171 109.880759 108.161622 106.926077
-496.467678 -508.003032 -751.337881 -1095.514142 -1109.071989 -1198.681989 -1104.221546 -1048.562625 -1299.752882 -1231.046704 -1133.570749 -1444.689374 -1583.838659 -1608.560689 -1661.695999 -1757.357562 -1244.521512 -1257.436163 -1812.815058 -1802.634106 -1779.381690 -1154.641454 -1018.392519 -1028.933454 -1142.363999 -1381.351731 -1215.755055 -1239.713483 -1547.552920 -1560.921759 -1672.911629 -1631.674912 -1581.631119 -1422.808226 -1288.889994 -994.304339 -833.569857 -711.038596 217.924385 5406.524588 13774.356891 15601.413655 21131.020865 20298.593243 13968.929010 4156.586651 216.111877 -406.003571 -12.462577 106.011621 109.236358 110.604767 109.350063 108.439212
-513.957839 -525.371692 -748.799555 -1164.316727 -1456.371946 -1348.439151 -1254.423949 -1244.175781 -1414.397659 -1450.900641 -1450.650373 -1299.504881 -1297.471322 -1295.619478 -1318.099232 -1853.596817 -1853.442374 -1354.626494 -1374.535643 -1415.803150 -1438.406132 -1424.899230 -1396.305402 -1143.276668 -1150.615135 -1422.595144 -1467.032405 -1492.815059 -1674.636108 -1764.422334 -1808.786993 -1724.255116 -1804.187122 -1620.533046 128.857940 3310.424575 6430.897954 8819.909347 11759.705511 14401.468938 13314.160391 11420.930887 6505.640947 2410.610537 268.148349 -482.464244 -463.794077 -445.400785 -309.413252 106.280334 108.473474 110.994521 110.067718 106.035530
-531.416114 -554.041959 -765.456404 -1265.029380 -1510.729972 -1761.383889 -1776.206809 -1421.219018 -1639.961773 -1412.764309 -1609.755214 -1399.298388 -1414.444246 -1446.992501 -1874.022357 -1895.534263 -1880.187716 -1501.983459 -1546.847760 -1593.245788 -1627.565036 -1921.031036 -1762.564811 -1491.900368 -1346.218916 -1564.438872 -1378.721945 -1420.912139 -1812.728752 -1854.431802 -1759.190378 -1793.380837 -401.169732 5518.012977 16595.587760 18395.519049 17586.664925 16180.682694 14396.874669 11577.524254 4204.717576 -563.194737 -548.635894 -504.016008 -471.725720 -533.265701 -438.683418 -419.933872 -436.469464 -150.637971 106.470531 110.522358 108.663688 102.741659
-551.799393 -596.597026 -811.879924 -1385.954231 -1649.022838 -1808.857323 -1852.618946 -1846.384083 -1839.281802 -1742.818413 -1544.518157 -1578.821553 -1609.250711 -1642.170924 -1675.292518 -1730.758336 -1918.707631 -1933.105331 -1764.062836 -1792.959850 -1803.526685 -1952.667353 -1931.297797 -1795.731603 -1617.138853 -1707.140028 -1543.859930 -1620.614991 -1721.978587 -1762.568757 -1264.494807 108.036612 2797.209779 8261.954026 22056.434857 17649.398431 16541.609880 3801.826432 143.534509 -425.072740 -568.010885 -638.514590 -617.582135 -570.563968 -526.873516 -504.361639 -488.571669 -469.492808 -430.492136 -361.413805 100.303263 108.573423 103.686141 96.877474
-573.078446 -638.654374 -864.973113 -1310.185505 -1621.410745 -1857.892658 -1866.754563 -1868.956421 -1811.613370 -1843.988952 -1739.259922 -1775.403387 -1951.296100 -1832.245392 -1873.239548 -1980.096273 -1968.461680 -1887.287013 -1898.134682 -1983.188148 -1980.459905 -1970.186349 -1959.110157 -1927.745276 -1719.257227 -1688.438608 -1776.649566 -1819.551914 -1843.959741 -33.505819 4844.296932 6895.819652 9032.375644 11578.884519 18436.232651 14411.720562 2781.985726 -497.618565 -823.328941 -626.026605 -645.939086 -596.505196 -581.073335 -549.453542 -516.014415 -486.788191 -473.065102 -444.190239 -411.826931 -346.029022 -322.479676 101.546802 48.246766 100.619208
-602.238381 -718.639339 -1297.791241 -1339.658479 -1731.808493 -1830.028078 -1832.323635 -1895.898273 -1911.200607 -1933.707875 -1956.444876 -1973.131081 -1985.600855 -1998.222815 -2000.207977 -2006.983832 -2004.520436 -2004.843409 -2001.030447 -1998.826160 -2000.980675 -2001.019188 -2000.339923 -2073.280405 -2002.039458 102.862695 159.315021 181.377583 198.735858 394.216058 3508.288428 3934.877280 4412.934187 4120.882276 6056.292537 975.086038 -1279.497701 -909.472823 -817.666594 -622.111114 -544.483379 -549.822763 -554.836335 -535.753136 -508.491144 -484.804396 -472.032211 -430.532487 -412.399541 -341.095762 -301.227252 101.383655 105.315402 87.343588
-644.950943 -1367.007778 -1458.333352 -1391.694675 -1784.110725 -1893.934454 -1874.280230 -1896.630042 -1925.069234 -1965.856488 -1980.308907 -1996.775145 -2005.305166 -2012.020244 -2024.962038 -2043.711648 -2113.973953 -2111.794812 -2104.762535 -2133.571199 -2129.130132 -2114.506538 -2070.889874 184.400550 211.714754 204.021548 175.462459 151.299839 139.229072 124.900269 109.847984 -1901.712967 -1841.020079 -1583.871796 -1318.099170 -1193.869069 -1254.963436 -1042.967120 -833.204895 -710.156923 -600.816370 -507.105375 -538.305580 -548.245819 -504.657907 -477.866392 -453.944631 -424.366896 -364.846623 -335.540957 -343.990609 100.773668 105.763061 -408.060396
-447.255167 -660.947917 -559.131002 1080.311645 1959.016495 169.590653 1253.696567 123.749959 -1998.143044 -2044.450379 -2082.954524 -2112.148698 -2133.405839 -2153.951659 -2162.869211 -2168.215897 101.920594 102.622845 102.792728 129.770191 161.170651 207.562573 249.390150 185.276084 144.775589 131.435832 121.922036 109.929594 -51.394930 -1941.011090 -1884.034992 -1779.357229 -1625.576644 -1498.184007 -1298.792535 -1173.524938 -1108.455958 -1054.489944 -810.553407 -682.957796 -578.608463 -458.708604 -524.666676 -525.988277 -497.669421 -461.370236 -452.644792 -428.475130 -337.177238 -275.387441 -216.909870 99.368341 102.254995 -7486.452455
11563.771598 10149.739199 9035.171786 10396.693117 13666.716343 7712.285238 30599.705390 28433.432037 22731.469312 23518.685384 29378.817110 21970.631716 6663.812284 21553.738889 28818.501899 30162.344007 25504.947785 5064.061261 7645.414341 1960.891327 121.407304 -1893.708583 -2175.873879 -2171.743976 -2117.127207 -2053.217786 -2003.695770 -1965.723382 -1925.026071 -1847.689557 -1800.877891 -1637.576362 -1445.881844 -1347.274619 -1185.939494 -1077.572952 -1014.101409 -959.833442 -896.499635 -645.656156 -525.861940 -411.505146 -475.118494 -493.821242 -472.028577 -466.201306 -434.431083 -390.210717 -307.898965 -364.951762 -244.769767 108.556991 61.454377 -38720.838203
16217.305515 14755.698578 11048.566788 6630.586226 22881.636988 37995.605939 36855.469291 47721.728997 32646.377338 38059.393606 56270.964496 60745.979939 46072.142987 47189.426313 45781.120908 39480.728058 25846.878842 20432.032254 7469.256316 133.562390 -2186.335934 -2180.582245 -2172.744826 -2135.483380 -2087.911734 -2030.986635 -1976.920148 -1934.622133 -1865.126821 -1766.966124 -1670.536271 -1587.486952 -1466.491753 -1297.267593 -1134.005128 -1012.656259 -949.316949 -894.596123 -829.246182 -800.649305 -474.189954 -374.348414 -394.415952 -443.224770 -490.270050 -444.498185 -411.514383 -341.649748 -484.514148 -8136.123501 100.832878 101.132002 -6905.148754 -23619.769078
18168.223493 18465.661593 18317.071289 18600.137828 23087.008889 29441.253623 34424.168630 36919.547298 38585.069559 42393.592817 45593.876687 51725.355826 50355.073453 48932.103372 46568.883306 35700.189970 23046.817343 8308.240479 -1511.502706 -2192.266877 -2186.978350 -2179.019089 -2145.713840 -2111.872373 -2070.399983 -2011.801787 -1949.889948 -1869.208542 -1750.078352 -1645.854096 -1553.573023 -1355.608011 -1244.031630 -1204.798805 -1094.970871 -978.213980 -914.144756 -873.429523 -818.758311 -753.523787 -411.155368 -325.486760 -343.006524 -453.445554 -470.996878 -488.984905 -436.560349 -395.100007 -772.666844 -166.868157 98.594583 -484.734034 -12676.237055 -71121.428586
15504.855467 16041.273457 15454.597262 14823.510537 17075.951213 20701.077775 24755.182714 28012.999269 29724.057462 16104.303897 42154.557478 45611.287437 46601.409548 39426.896452 60666.489834 33793.167534 15729.759775 148.035321 -2198.308569 -2191.787073 -2184.488797 -2165.032941 -2131.695528 -2096.520939 -2036.847586 -1926.388535 -1810.408581 -1659.404136 -1562.492374 -1509.548046 -1404.703394 -1324.760501 -1183.555629 -1087.582320 -1034.644867 -937.688156 -894.479660 -869.854636 -822.563242 -751.086681 -348.432929 -248.581388 -451.166197 -443.610790 -557.801107 -492.659305 -430.945641 -308.178627 -332.313035 -136.768618 93.561154 -10697.316242 -10199.011797 -83330.961445
1906.179982 5260.985802 6058.436958 5610.762914 6971.394928 10081.264246 14555.764896 18984.039743 32767.464167 23459.728282 30797.449350 33442.557524 35219.886550 23631.211244 32267.244145 21142.729268 3198.202999 -2199.611319 -2196.982324 -2194.002985 -2183.320121 -2156.370205 -2126.851652 -2083.365270 -1990.293369 -1808.576061 -1626.509033 -1522.800326 -1464.761010 -1391.957632 -1338.044860 -1287.480141 -1210.180193 -1029.945645 -916.933534 -918.779609 -849.074525 -849.227578 -806.509800 -747.021737 -303.734694 -138.015841 -124.520384 -1160.572534 -1047.003768 -678.007916 -491.581460 -235.096802 -170.809271 -160.465469 91.119753 -46321.629530 -78108.370184 -95925.891958
-893.685717 -1100.115590 -1324.961791 184.108530 327.498401 386.960072 990.356007 2415.200454 2198.324032 8449.629437 10997.807513 11069.470507 11487.923926 8810.255314 1401.585682 102.262697 -2201.139686 -2199.694291 -2196.098175 -2192.792497 -2188.961213 -2159.273070 -2123.759032 -2075.959216 -1975.069299 -1788.523023 -1625.519697 -1502.999915 -1394.184381 -1291.621458 -1213.401268 -1152.940509 -1083.875169 -940.276785 -828.485211 -842.885326 -755.039474 -807.559375 -766.407814 -740.720212 -261.221085 99.258805 1587.346776 -75.140149 -1756.832784 -1241.681293 -1755.698987 -1031.205329 -454.178359 -1223.886634 68.652113 -54183.472468 -80652.150527 -123865.812337
-912.603017 -1106.197622 -1387.123303 -1648.695628 -489.284024 -2010.210964 -2044.037017 -1448.089149 -1778.129659 -1882.480233 -1867.236916 -1849.512645 -1914.046307 -2181.500431 -2174.347884 -2165.684871 -2169.792937 -2116.762404 -2191.713125 -2175.718241 -2146.205427 -2120.475441 -2088.087478 -2076.690593 -2002.330145 -1787.438225 -1579.011963 -1392.537583 -1255.505647 -1179.244356 -1136.955746 -1098.999544 -1030.203862 -877.586572 -758.270877 -756.811116 -639.549179 -725.292337 -748.000700 -706.438238 -235.052633 -163.925204 1875.313062 1663.660772 445.283267 -1753.740966 -821.182965 -367.678989 778.550278 327.132575 -162.164563 -5184.567169 -79137.122550 -150700.525007
