geotop_simulations/templates/TEST_Venosta_3D_034_template/rec/SoilPressure0000L0007.old.asc
ncols         252
nrows         194
xllcorner     598250.000000
yllcorner     5144500.000000
cellsize      250.000000
NODATA_value  -9999.0
[rows 96 to 119 of 194, columns 165 to 219 of 252]
-4383.842220 -1467.423017 -589.047696 -1470.182045 -2363.989952 -810.821474 -547.951985 -533.446621 -607.401472 -502.836127 -1480.812531 -891.484810 -3608.878719 -157.547446 -235.836343 -248.607593 -371.587861 -437.571007 -408.538352 -375.318161 -398.872091 -403.559558 -372.123457 -386.923509 -478.138754 -542.975839 -473.798092 -429.185821 -346.214401 -325.881884 -294.983148 -351.499156 -303.356125 -263.450750 -275.151710 -247.600625 -211.856642 -268.703045 -320.235565 -213.436225 -174.901802 374.116648 380.981595 353.565074 -3212.854149 -2706.305925 -3618.273142 -624.436272 -34195.549769 -44579.164764 -46558.181144 -46087.645967 -33193.058847 -48614.672795 -35883.924136
-3405.425332 -761.583220 -365.859908 -567.413377 -655.965187 -460.097238 -484.668274 -456.555311 -514.304518 -514.111797 -999.759223 -533.636468 -819.322820 -330.286094 -298.845007 -436.482053 -320.881391 -331.247652 -379.674020 -413.476685 -367.111419 -365.121240 -344.713267 -316.843684 -2047.495540 -2911.946960 -882.757241 -346.997970 -341.641734 -334.349729 -266.772328 -235.757349 -258.410166 -270.464670 -266.858424 -208.677934 -193.348840 -213.900240 -202.153933 -217.170274 -209.991084 -212.470735 -238.903355 -247.717424 -64.634534 16.191818 -2285.460095 -2417.954026 -12820.557253 -33337.293097 -35898.515985 -36009.597541 -26196.935193 -38710.552510 -1914.319819
-2926.843133 -401.649921 -262.723981 -329.324598 -347.262504 -342.324028 -367.065792 -365.521761 -378.255359 -496.534068 -651.880801 -832.156999 -615.894823 -484.776371 -502.756788 -392.206366 -364.190625 -367.269498 -435.867284 -453.183080 -402.888960 -373.518300 -346.838359 -363.707609 -369.978999 -647.571487 -627.075328 -574.267746 -649.237052 -562.833831 -354.089789 -246.376495 -239.043446 -229.576689 -220.259429 -186.713674 -193.857376 -206.012172 -208.429013 -241.161547 -223.393732 -192.029409 -282.920437 -161.247297 49.576140 -37174.686793 -570.944492 -518.728072 -458.076970 -3142.975188 -3833.169569 -17071.722684 381.392347 472.069199 6552.433352
-3245.321167 -319.955482 -269.005486 -248.930568 -269.514485 -266.090543 -359.597470 -424.482146 -1705.525499 -3081.992058 -3166.817015 -429.839436 -414.436132 -398.304957 -418.871517 -397.517448 -370.341879 -369.419033 -387.146895 -448.382668 -438.101466 -429.097216 -370.929840 -386.496778 -394.524312 -399.477104 -473.661819 -487.861836 -436.436559 -408.669941 -321.520281 -278.432883 -246.271623 -230.378420 -201.233926 -153.047192 -183.088129 -180.110150 -246.659078 -225.542620 -234.523893 -236.966739 -272.643487 -306.859466 -1064.640919 -1529.352699 -1881.896477 -264.795807 -357.308232 -361.028259 -2429.622003 380.921416 4301.725599 15798.479540 24451.141877
-1209.279693 -477.646183 -559.362293 -256.250380 -254.680297 -275.463595 -348.036520 -499.530496 -437.716491 -883.473407 -1215.198095 -1512.404380 -1139.393628 -483.740841 -457.601120 -482.657420 -425.785956 -400.553740 -403.469175 -438.527631 -516.400205 -531.718855 -415.166213 -398.753842 -446.676624 -462.125010 -506.707174 -512.305100 -466.868565 -403.416907 -382.709193 -334.094118 -272.414430 -235.380262 -203.525554 -131.632110 -144.148420 -164.276427 -169.837043 -191.228066 -214.596921 -225.460521 -213.082831 -222.962807 -124.461812 347.741076 352.284616 -187.536460 -229.064983 100.536669 -186.990902 -369.792508 1336.559162 -499.971692 21691.083573
-590.473259 -438.832772 -438.920703 -316.288903 -256.731414 -260.985037 -353.353875 -463.824527 -536.410574 -472.001919 -488.856475 -633.114649 -602.058492 -529.321380 -531.096006 -511.014772 -465.240239 -442.271334 -429.168582 -446.875728 -461.455485 -474.448979 -465.643098 -454.253038 -459.977954 -492.452715 -534.022999 -530.032102 -495.582649 -440.849436 -408.691861 -376.758351 -319.473281 -256.224300 -220.433662 -162.689207 -151.976313 -164.223456 -158.159385 -166.797756 -182.101013 -182.583154 -176.846422 -130.877238 378.658727 55.226441 -501.958245 -931.559494 -1395.870006 -1648.222864 -1759.105654 -1846.817334 -1694.201952 -1033.890941 21783.632138
-453.202168 -499.823965 -503.272053 -399.268426 -296.120412 -295.479398 -519.574411 -505.639711 -510.272880 -552.485709 -523.954747 -496.266392 -541.265354 -558.339601 -582.930427 -557.551411 -517.932743 -469.161268 -441.598949 -455.029057 -482.268113 -517.389832 -513.134264 -486.081985 -483.815464 -531.382657 -565.526616 -577.420552 -554.545444 -520.410533 -481.735683 -404.905916 -356.693763 -368.723593 -259.612433 -190.905746 -167.483158 -164.202758 -160.620489 -114.558310 4729.237971 8175.137737 4641.761486 900.707570 5475.611445 5799.186881 1279.048617 -838.950822 -1264.569909 -2.715645 -1372.046911 382.199147 -1672.703397 -1505.928299 -753.641343
-508.614311 -540.490961 -559.984663 -529.707073 -375.111855 -489.801928 -541.946736 -531.944894 -530.705084 -558.045448 -551.855075 -565.308925 -586.267901 -599.055464 -603.953094 -605.075379 -572.693530 -515.512099 -457.513552 -455.844545 -513.829976 -530.631536 -523.428768 -514.533684 -522.961787 -530.189407 -564.066217 -602.740999 -661.300324 -613.243284 -549.294513 -498.350608 -458.879159 -426.797034 -305.485485 -224.147629 -193.816055 -177.194048 9040.164167 21205.631532 32466.064182 31279.242294 4061.909857 4030.914959 1253.040819 376.869074 297.415736 -350.610905 -1039.210315 92.141820 -1260.357952 -1553.903960 -1539.118667 -1430.154040 -1160.028263
-540.140593 -567.274980 -607.971598 -554.557822 -463.570538 -596.720351 -573.456942 -557.429234 -558.145244 -535.691453 -595.597553 -610.729943 -621.751491 -632.247696 -641.118432 -642.841288 -613.388909 -580.855998 -549.867588 -502.610268 -531.904721 -552.772622 -587.879087 -548.842907 -550.383841 -544.593647 -567.718837 -608.380846 -732.435399 -685.625559 -636.507665 -568.092687 -522.284185 -412.117832 -348.257722 -266.465540 -222.720539 1806.178304 9125.764953 9022.883315 42953.979839 39128.989188 23453.663402 2936.671276 -26.105241 379.104889 338.437618 -457.479057 -830.224580 -2.892806 -1221.640491 -1419.305974 -1467.632496 -1332.726723 -1099.791929
-529.726935 -597.835244 -634.511775 -599.856432 -572.358086 -657.664813 -633.506261 -595.334540 -565.531917 -582.671301 -585.145888 -590.939004 -602.074113 -639.155235 -646.004085 -635.008873 -631.284985 -622.230884 -616.075868 -561.183933 -555.350066 -566.150854 -550.024815 -629.236119 -648.744235 -593.709841 -596.168054 -613.640537 -776.266074 -762.084586 -708.977117 -661.697854 -527.713582 -453.861527 -380.243305 389.578914 1748.593479 5306.256751 9010.978781 22327.763057 33044.015756 28958.375591 17090.118615 -97.078817 -127.461749 311.533018 372.470602 107.543635 -662.239897 -743.184668 -898.054641 -1250.065162 -1334.568021 -1210.187767 363.389387
-547.214922 -605.184914 -692.800136 -654.939971 -641.867005 -696.167129 -665.837012 -662.670519 -659.667539 -660.645091 -661.662670 -669.487481 -653.521394 -651.361351 -683.539434 -689.856931 -701.861175 -707.964066 -701.297204 -638.765463 -570.509265 -573.670945 -556.278706 -568.612915 -578.527662 -606.770216 -622.805300 -637.315668 -732.346021 -768.512675 -712.153483 441.810981 4235.969074 11089.251584 10648.990535 10755.355494 9139.167654 5551.396361 7238.420754 9508.555380 11743.725930 4306.048812 -198.105930 -181.203194 -164.509438 -34.158061 381.469585 117.180211 -601.883786 -844.869362 -187.776540 -1153.991609 82.161207 359.214232 341.355506
-569.067521 -615.797211 -655.615191 -646.933521 -700.969163 -711.953573 -699.515132 -703.778285 -697.876661 -702.588088 -712.768227 -664.057850 -673.482393 -663.971357 -733.303908 -744.935806 -757.515216 -766.583057 -672.268906 -727.084732 -564.950502 -544.239378 -574.006592 -636.149754 -650.100193 -625.724973 -643.998331 -732.702294 -750.847080 -123.404106 3062.058457 13700.214116 21965.500069 23006.038663 17983.718205 13742.483477 2452.844090 1030.160342 -269.457831 -261.354821 -227.109516 -201.949406 -259.476480 -175.088842 -156.886727 -166.282411 123.657737 348.813449 -546.340853 -865.919839 358.410579 356.143131 59.802926 76.875795 -305.894477
-591.017509 -637.464305 -670.819980 -677.497607 -662.517019 -657.109792 -736.473362 -742.127766 -753.789893 -762.757899 -773.684862 -786.463699 -811.034348 -681.694417 -687.749553 -813.723204 -824.074615 -828.379380 -689.358450 -674.264798 -610.990070 -581.444234 -592.564098 -670.967138 -689.215652 -713.135207 -727.169367 -600.292335 381.146739 423.091302 804.563293 6376.464284 28058.538616 24109.171577 4536.404168 381.129871 -144.868392 -279.702931 -345.774658 -334.983182 -301.117627 -270.224451 -254.114849 -238.887459 -217.026472 -174.693709 -100.498635 333.239095 -352.077376 37.508954 17.537005 -14.740894 -1431.027795 -557.923271 -545.823500
-638.323308 -725.018840 -689.313098 -682.061165 -672.158567 -760.280415 -775.478410 -800.477916 -816.150409 -699.259510 -844.611723 -869.511130 -723.049879 -708.971867 -873.807611 -877.962895 -712.061188 -708.378227 -700.119565 -691.118213 -664.388051 -708.995819 -700.595513 -724.257483 -745.137049 -761.119936 380.885702 4419.128225 5715.277161 6142.321732 4779.986597 1220.654018 16806.646357 3285.419237 -208.383566 -458.679051 -331.621238 -356.081929 -326.584143 -316.457756 -289.065099 -261.135257 -235.529868 -218.991932 -188.383634 -157.183930 -95.354380 -60.938983 373.938294 -181.669860 -489.694091 -537.353701 -492.094785 -447.604329 -586.478378
-646.000610 -753.539074 -792.914645 -785.436885 -684.135703 -685.677847 -694.629065 -705.393128 -715.262380 -721.582453 -732.507926 -738.123618 -745.624992 -738.018335 -939.181462 -730.374389 -726.429454 -724.649575 -720.496785 -716.908713 -871.179774 -818.485430 379.442573 431.834330 448.931281 464.083287 1030.453526 3277.942137 3305.143413 2920.535418 483.620621 1867.768638 1114.336074 -623.904695 -492.162494 -459.371106 -342.209180 -288.787380 -291.164611 -293.960005 -278.346617 -254.696821 -230.735449 -218.045038 -180.879677 -164.084434 -99.831849 -50.011921 373.298040 359.942937 -380.592049 -336.740429 -454.110774 -299.268525 -572.733440
-660.417678 -772.183972 -827.921086 -807.500159 -816.171041 -830.996525 -853.125661 -723.395182 -735.406229 -742.149522 -748.172097 -758.196234 -769.463379 -1007.577739 -1004.560919 -997.277008 -947.451575 -941.713319 -928.433567 -898.060381 473.924573 499.112186 484.968208 450.844512 424.813312 412.095964 399.000518 386.519164 -814.530066 -780.678872 -696.430449 -628.665725 -595.970267 -647.158714 -551.339106 -467.755420 -399.435817 -326.748222 -242.420649 -267.102301 -264.321285 -242.320484 -214.944211 -192.739253 -167.763446 -113.761359 -96.464502 -96.768894 371.038401 359.634441 -309.787109 -291.028543 -317.408546 -441.538453 -1493.727817
393.771491 939.778368 404.843089 1279.119006 416.657491 -865.906441 -893.161447 -917.814489 -938.385985 -954.187271 -969.010121 -973.448628 -977.051832 319.599306 377.638935 350.656454 421.174335 459.091473 515.995098 561.777031 479.500655 426.285848 409.355505 397.006470 383.970127 375.764612 -835.213051 -808.481326 -756.479781 -714.405961 -725.768898 -660.802167 -619.478095 -596.891006 -575.251856 -458.695287 -376.743092 -298.121693 -188.000178 -232.122492 -249.630672 -224.322752 -194.588056 -189.335755 -165.753051 -83.039117 -266.750267 -212.016719 366.293417 348.759857 -330.060037 -312.372834 -314.127397 -491.527916 -2297.869999
5792.406803 4973.356450 4857.072479 23400.473813 20747.974444 26449.959756 16217.678141 8451.726497 4557.355741 6145.664220 22082.361174 29209.012841 29817.517623 19448.085222 4904.539536 3541.735644 1521.698078 402.915668 -805.031029 -987.270319 -983.803451 -935.469703 -890.469092 -860.864795 -841.594873 -825.076312 -787.691559 -835.359470 -719.549279 -671.722162 -680.588497 -623.085804 -582.768753 -558.940251 -536.353135 -507.937914 -354.619045 -256.469812 -154.549864 -203.289184 -226.019352 -200.209839 -195.829095 -165.566538 -118.895105 -59.338500 -171.937212 26.003430 361.048441 259.236432 -390.611587 -563.843858 -566.377134 -570.037625 -7077.437207
4981.428913 5059.283185 34400.528720 35724.222599 19116.339632 50305.785697 33867.505428 26794.365271 16240.846580 43346.363548 47813.039069 46045.440224 39079.618894 7134.981168 1218.825181 1287.784386 484.275955 -996.140579 -990.766123 -983.520288 -949.751608 -913.620233 -876.917365 -846.862627 -827.250667 -794.576241 -752.695135 -786.295298 -757.864853 -718.399154 -661.351535 -601.502535 -554.099281 -529.360692 -506.523482 -477.995398 -460.786974 -210.057116 -124.428847 -142.308212 -183.921095 -221.051171 -176.455111 -142.366346 -77.946554 -193.828133 -325.432395 371.345054 343.029851 -319.588309 -611.869248 -1015.614108 -1000.299389 -1184.855231 -1028.608009
17537.809968 21359.707610 29743.357017 33869.021253 39030.405139 52484.869987 63793.467607 82648.075575 62098.611038 58282.061133 57119.645817 45711.435042 41431.713175 24144.410320 7424.707443 -987.155255 -1002.078125 -996.612009 -988.677183 -957.569183 -930.237971 -901.104889 -865.852120 -834.311429 -794.237878 -811.531724 -777.726820 -747.000989 -567.289982 -546.362507 -629.540463 -583.550779 -535.815933 -509.216110 -490.198624 -465.305535 -435.025364 -148.010012 -72.074932 -81.485989 -186.291814 -206.579615 -245.975395 -238.629032 -138.705348 -233.025264 -288.581185 363.056305 -220.603256 -449.070617 -904.427753 -2039.043729 -3063.330090 -4282.315238 -1153.953957
14725.988514 17245.376362 21687.918145 26657.723085 33593.275294 45558.175462 61690.119763 63769.460671 58672.288104 59296.721132 67728.089643 21604.307674 27731.797405 11456.836102 541.699021 -1008.405169 -1001.995324 -994.398270 -975.358391 -945.919435 -918.959681 -882.527149 -826.918720 -767.738992 -784.004749 -753.465851 -732.534677 -574.867610 -561.916892 -534.829019 -589.191381 -558.831478 -514.930428 -493.812578 -480.683622 -457.235802 -422.943920 -92.030881 14.426628 -232.778635 -311.897090 -308.239875 -329.796230 -331.061373 -261.273147 -117.450763 -260.398171 344.547632 -320.068943 -797.480890 -1349.084765 -2831.599423 -10863.479324 -70893.324726 -103687.612252
6236.195385 8358.537902 11723.016153 17137.561271 21560.988728 12417.687635 44012.641292 46811.275930 46339.332361 44789.138410 19817.875806 16400.309089 14492.956045 1451.823158 -1009.012978 -1006.950341 -1004.610267 -993.452909 -967.322788 -941.995276 -911.657520 -862.603740 -838.889497 -775.335814 -741.404745 -718.951867 -571.628110 -562.723600 -554.173405 -539.831855 -492.308649 -512.007110 -455.313965 -467.105105 -466.132434 -443.612970 -411.873963 -43.487598 140.391206 -424.400371 -454.592249 -352.494752 -371.404042 -366.148451 -341.126303 -279.247007 -273.887935 335.824150 -374.751019 -1214.923006 -2157.829294 -2221.119569 -3409.189237 -3554.539806 -1151.766165
493.455428 668.946362 862.167870 2633.391853 5964.016963 4547.287801 24284.303360 24755.113112 23319.618968 20380.480199 12225.730755 683.976541 377.623811 -1010.467158 -1008.923856 -1005.750005 -1002.711423 -999.487083 -970.182100 -940.426030 -908.416257 -857.935028 -830.406179 -770.574113 -730.112598 -693.279309 -659.483377 -633.175141 -612.044208 -585.289222 -529.055811 -475.678738 -423.602983 -415.918701 -445.941183 -422.952838 -410.609502 9.325685 364.232609 -466.785943 -636.553862 -448.993925 -371.591273 -369.758859 -342.103618 -343.591055 -353.685463 293.895634 -446.694625 -1093.093285 -14329.555997 -2905.530201 -2016.006309 -1123.094241 -506.452928
-712.715930 -194.267736 -766.509300 -928.018519 -1031.814588 -826.494354 -780.681238 -767.804012 -757.105824 -800.725844 -1066.806669 -1062.984287 -1053.757861 -1052.038121 -998.988369 -1001.943396 -989.405443 -965.777702 -1013.095176 -984.560866 -908.823143 -872.109927 -830.795967 -755.724250 -695.271093 -648.476506 -620.305979 -603.636678 -588.780304 -560.690060 -501.729192 -434.426455 -384.576091 -348.005143 -405.851989 -416.815029 -393.513547 29.988915 -372.209771 -500.711154 -859.035985 -673.757874 -398.122784 -419.855916 -417.090049 -381.789922 -362.448227 -261.122329 -575.049541 -974.107769 -73996.790523 -84139.792982 -77186.425055 -2265.901772 -568.242937
