geotop_simulations/templates/TEST_Venosta_3D_034_template/rec/SoilTemperature0000L0003.old.asc
ncols         252
nrows         194
xllcorner     598250.000000
yllcorner     5144500.000000
cellsize      250.000000
NODATA_value  -9999.0
[rows 0 to 27 of 194, columns 63 to 125 of 252]
-9999.0 -9999.0 -9999.0 -9999.0 -9999.0 -9999.0 -9999.0 -9999.0 -9999.0 -9999.0 -9999.0 -9999.0 -9999.0 -9999.0 -9999.0 -9999.0 -9999.0 -9999.0 -9999.0 -9999.0 -9999.0 -9999.0 -9999.0 -9999.0 -9999.0 -9999.0 -9999.0 -9999.0 -9999.0 -9999.0 -9999.0 -9999.0 -9999.0 -9999.0 -9999.0 -9999.0 -9999.0 -9999.0 -9999.0 -9999.0 -9999.0 -9999.0 -9999.0 -9999.0 -9999.0 -9999.0 -9999.0 -9999.0 -9999.0 -9999.0 -9999.0 -9999.0 -9999.0 -9999.0 -9999.0 -9999.0 -9999.0 -9999.0 -9999.0 -9999.0 -9999.0 -9999.0 -9999.0
-9999.0 -9999.0 -9999.0 -9999.0 -9999.0 -9999.0 -9999.0 -9999.0 -9999.0 -9999.0 -9999.0 -9999.0 -9999.0 -9999.0 -9999.0 -9999.0 -9999.0 -9999.0 -9999.0 -9999.0 -9999.0 -9999.0 -9999.0 -9999.0 -9999.0 -9999.0 -9999.0 -9999.0 -9999.0 -9999.0 -9999.0 -9999.0 -9999.0 -9999.0 -9999.0 -9999.0 -9999.0 -9999.0 -9999.0 -9999.0 -9999.0 -9999.0 -9999.0 -9999.0 -9999.0 -9999.0 -9999.0 -9999.0 -9999.0 -9999.0 -9999.0 -9999.0 2.012375 1.737684 0.868135 -9999.0 -9999.0 -9999.0 -9999.0 -9999.0 -9999.0 -9999.0 -9999.0
-9999.0 -9999.0 -9999.0 -9999.0 -9999.0 -9999.0 -9999.0 -9999.0 -9999.0 -9999.0 -9999.0 -9999.0 -9999.0 -9999.0 -9999.0 -9999.0 -9999.0 -9999.0 -9999.0 -9999.0 -9999.0 -9999.0 -9999.0 -9999.0 -9999.0 -9999.0 -9999.0 -9999.0 -9999.0 -9999.0 -9999.0 -9999.0 -9999.0 -9999.0 -9999.0 -9999.0 -9999.0 -9999.0 -9999.0 -9999.0 -9999.0 -9999.0 -9999.0 -9999.0 -9999.0 -9999.0 -9999.0 -9999.0 -9999.0 -9999.0 -9999.0 2.789237 2.581922 1.827747 -9999.0 -9999.0 -9999.0 -9999.0 -9999.0 -9999.0 -9999.0 -9999.0 -9999.0
-9999.0 -9999.0 -9999.0 -9999.0 -9999.0 -9999.0 -9999.0 -9999.0 -9999.0 -9999.0 -9999.0 -9999.0 -9999.0 -9999.0 -9999.0 -9999.0 -9999.0 -9999.0 -9999.0 -9999.0 -9999.0 -9999.0 -9999.0 -9999.0 -9999.0 -9999.0 -9999.0 -9999.0 -9999.0 -9999.0 -9999.0 -9999.0 -9999.0 -9999.0 -9999.0 -9999.0 -9999.0 -9999.0 -9999.0 -9999.0 -9999.0 -9999.0 -9999.0 -9999.0 -9999.0 -9999.0 -9999.0 -9999.0 -9999.0 -9999.0 2.824495 3.106528 2.904183 2.618433 2.171863 1.755839 1.186676 -9999.0 -9999.0 -9999.0 -9999.0 -9999.0 -9999.0
-9999.0 -9999.0 -9999.0 -9999.0 -9999.0 -9999.0 -9999.0 -9999.0 -9999.0 -9999.0 -9999.0 -9999.0 -9999.0 -9999.0 -9999.0 -9999.0 -9999.0 -9999.0 -9999.0 -9999.0 -9999.0 -9999.0 -9999.0 -9999.0 -9999.0 -9999.0 -9999.0 -9999.0 -9999.0 -9999.0 -9999.0 -9999.0 -9999.0 -9999.0 -9999.0 -9999.0 -9999.0 -9999.0 -9999.0 -9999.0 -9999.0 -9999.0 -9999.0 -9999.0 -9999.0 -9999.0 -9999.0 -9999.0 -9999.0 2.982944 2.979753 3.559484 3.775941 3.427483 3.065772 2.679698 2.300339 2.036099 1.410862 0.655127 -9999.0 -9999.0 -9999.0
-9999.0 -9999.0 -9999.0 -9999.0 -9999.0 -9999.0 -9999.0 -9999.0 -9999.0 -9999.0 -9999.0 -9999.0 -9999.0 -9999.0 -9999.0 -9999.0 -9999.0 -9999.0 -9999.0 -9999.0 -9999.0 -9999.0 -9999.0 -9999.0 -9999.0 -9999.0 -9999.0 -9999.0 -9999.0 -9999.0 -9999.0 -9999.0 -9999.0 -9999.0 -9999.0 -9999.0 -9999.0 -9999.0 -9999.0 -9999.0 -9999.0 -9999.0 -9999.0 -9999.0 -9999.0 -9999.0 2.855590 3.136345 3.207276 3.486488 3.686476 4.009393 4.387213 4.278561 4.018596 3.518171 2.997952 2.606519 2.147628 1.868579 -9999.0 -9999.0 -9999.0
-9999.0 -9999.0 -9999.0 -9999.0 -9999.0 -9999.0 -9999.0 -9999.0 -9999.0 -9999.0 -9999.0 -9999.0 -9999.0 -9999.0 -9999.0 -9999.0 -9999.0 -9999.0 -9999.0 -9999.0 -9999.0 -9999.0 -9999.0 -9999.0 -9999.0 -9999.0 -9999.0 -9999.0 -9999.0 -9999.0 -9999.0 -9999.0 -9999.0 -9999.0 -9999.0 -9999.0 -9999.0 -9999.0 3.205851 3.160888 2.864184 3.345372 3.883264 4.252725 4.322789 4.102406 3.875997 3.700417 3.590188 4.136903 4.596225 4.802346 5.074405 5.005411 4.802033 4.487920 3.958667 3.188927 2.165282 1.676972 1.065846 1.028263 -9999.0
-9999.0 -9999.0 -9999.0 -9999.0 -9999.0 -9999.0 -9999.0 -9999.0 -9999.0 -9999.0 -9999.0 -9999.0 -9999.0 -9999.0 -9999.0 -9999.0 -9999.0 -9999.0 -9999.0 -9999.0 -9999.0 -9999.0 -9999.0 -9999.0 -9999.0 -9999.0 -9999.0 -9999.0 -9999.0 -9999.0 -9999.0 -9999.0 -9999.0 -9999.0 -9999.0 -9999.0 -9999.0 3.544875 3.836883 3.846266 3.764136 4.052482 4.403024 4.754561 4.821769 4.475642 4.098081 3.986595 4.179242 4.571461 4.964099 5.295457 5.667205 5.496430 5.171746 4.853255 4.238447 3.199624 1.749365 1.177427 1.037571 1.135289 -9999.0
-9999.0 -9999.0 -9999.0 -9999.0 -9999.0 -9999.0 -9999.0 -9999.0 -9999.0 -9999.0 -9999.0 -9999.0 -9999.0 -9999.0 -9999.0 -9999.0 -9999.0 -9999.0 -9999.0 -9999.0 -9999.0 -9999.0 -9999.0 -9999.0 -9999.0 -9999.0 -9999.0 -9999.0 -9999.0 -9999.0 -9999.0 -9999.0 -9999.0 -9999.0 -9999.0 -9999.0 4.236975 3.786049 4.248651 4.631868 4.593429 4.643029 5.063179 5.340299 5.320025 4.897152 4.524392 4.114981 4.558015 5.206466 5.319195 5.691998 6.164663 5.813312 5.545231 5.075683 4.005750 2.575743 1.428049 0.985477 0.982236 0.837700 -9999.0
-9999.0 -9999.0 -9999.0 -9999.0 -9999.0 -9999.0 -9999.0 -9999.0 -9999.0 -9999.0 -9999.0 -9999.0 -9999.0 -9999.0 -9999.0 -9999.0 -9999.0 -9999.0 -9999.0 -9999.0 -9999.0 -9999.0 -9999.0 -9999.0 -9999.0 -9999.0 -9999.0 -9999.0 -9999.0 -9999.0 -9999.0 2.756503 3.507080 3.843031 4.128243 4.604667 4.574443 4.496245 4.909781 5.248306 5.307151 5.225105 5.580390 5.866584 5.814806 5.406893 5.085150 4.590003 4.714782 5.614340 5.816390 6.091993 6.269479 6.109575 5.662261 4.628733 3.342895 2.495203 1.710882 0.875592 0.997867 -9999.0 -9999.0
-9999.0 -9999.0 -9999.0 -9999.0 -9999.0 -9999.0 -9999.0 -9999.0 -9999.0 -9999.0 -9999.0 -9999.0 -9999.0 -9999.0 -9999.0 -9999.0 -9999.0 -9999.0 -9999.0 -9999.0 -9999.0 -9999.0 -9999.0 -9999.0 -9999.0 -9999.0 -9999.0 -9999.0 -9999.0 -9999.0 3.916874 3.488278 4.252254 4.481707 4.540418 4.940921 5.195158 5.237532 5.301928 5.441632 5.646324 5.755985 5.905586 6.202190 6.298869 5.899747 5.529943 5.213046 4.659714 5.413475 6.103197 6.491130 6.565484 6.076679 4.812059 3.263684 2.158589 1.994856 1.628634 0.807145 0.851524 -9999.0 -9999.0
-9999.0 -9999.0 -9999.0 -9999.0 -9999.0 -9999.0 -9999.0 -9999.0 -9999.0 -9999.0 -9999.0 -9999.0 -9999.0 -9999.0 -9999.0 -9999.0 -9999.0 -9999.0 -9999.0 -9999.0 -9999.0 -9999.0 -9999.0 -9999.0 -9999.0 -9999.0 -9999.0 -9999.0 -9999.0 -9999.0 3.824420 3.920318 4.573271 4.887491 5.020164 5.369167 5.793815 5.808322 5.640822 5.553428 6.318426 6.386302 6.306156 6.408837 6.802407 6.521526 6.100431 5.814220 5.331920 5.251510 6.031845 6.666231 6.777635 6.535075 4.293476 3.680656 3.517739 3.051428 1.989954 1.012912 1.013299 1.058326 0.347747
-9999.0 -9999.0 -9999.0 -9999.0 -9999.0 -9999.0 -9999.0 -9999.0 -9999.0 -9999.0 -9999.0 -9999.0 -9999.0 -9999.0 -9999.0 -9999.0 -9999.0 -9999.0 -9999.0 -9999.0 -9999.0 -9999.0 -9999.0 -9999.0 -9999.0 -9999.0 -9999.0 -9999.0 -9999.0 4.270419 4.041369 4.475826 5.117921 5.507169 5.565217 5.673307 6.194259 6.257902 6.074335 5.954060 7.209432 7.145539 7.192997 7.142057 7.236355 7.073418 7.050534 6.398538 6.153863 6.044653 6.183528 6.681374 6.681884 5.542247 5.084667 4.814371 4.104981 3.383707 2.352946 1.457285 1.518782 1.264163 0.928905
-9999.0 -9999.0 -9999.0 -9999.0 -9999.0 -9999.0 -9999.0 -9999.0 -9999.0 -9999.0 -9999.0 -9999.0 -9999.0 -9999.0 -9999.0 -9999.0 -9999.0 -9999.0 -9999.0 -9999.0 -9999.0 -9999.0 -9999.0 -9999.0 -9999.0 -9999.0 2.997634 3.660016 4.370544 4.576171 4.553924 4.795162 5.431817 5.958442 6.012080 5.993043 4.851814 4.471186 4.158782 4.626818 4.571862 4.608929 5.097433 4.847138 4.860269 5.178219 5.075943 4.885356 4.957200 6.997949 5.297813 5.205563 5.126313 5.701467 5.423784 4.641554 3.348197 1.877258 1.301505 1.337305 1.705643 1.331045 0.886930
-9999.0 -9999.0 -9999.0 -9999.0 -9999.0 -9999.0 -9999.0 -9999.0 -9999.0 -9999.0 -9999.0 -9999.0 -9999.0 -9999.0 -9999.0 -9999.0 -9999.0 -9999.0 -9999.0 -9999.0 -9999.0 -9999.0 -9999.0 -9999.0 3.786241 4.331714 4.232187 4.247090 4.684113 5.047909 5.138783 5.056979 5.602310 6.346807 7.575919 6.401238 7.748142 7.957276 8.104047 8.230561 8.443465 8.664080 8.823136 8.773373 8.945932 9.007684 8.844550 8.605082 8.474266 7.927825 8.487580 8.351237 6.929052 5.611171 4.686957 3.253277 1.616488 1.306196 1.909286 2.492506 2.183408 1.666559 0.967621
-9999.0 -9999.0 -9999.0 -9999.0 -9999.0 -9999.0 -9999.0 -9999.0 -9999.0 -9999.0 -9999.0 -9999.0 -9999.0 -9999.0 -9999.0 -9999.0 -9999.0 -9999.0 -9999.0 -9999.0 -9999.0 -9999.0 -9999.0 -9999.0 4.371912 4.765404 4.813593 4.795701 5.147901 5.586548 5.744481 5.336946 5.385799 6.377145 4.547933 4.806430 4.978413 5.280373 5.529929 5.131253 5.354555 5.783557 6.194940 6.464358 6.810822 6.914520 6.986122 6.804415 6.918397 7.065924 6.877299 7.012180 6.553745 5.865470 4.964475 3.849244 2.449046 2.469764 2.720723 2.949920 2.904651 2.044242 1.171179
-9999.0 -9999.0 -9999.0 -9999.0 -9999.0 -9999.0 -9999.0 -9999.0 -9999.0 -9999.0 -9999.0 -9999.0 -9999.0 -9999.0 -9999.0 -9999.0 -9999.0 -9999.0 -9999.0 -9999.0 -9999.0 -9999.0 3.798381 4.319984 4.619880 5.310611 5.529229 5.378712 5.339772 5.879583 5.993913 5.342248 4.081222 6.277581 4.680813 5.128353 5.311441 5.435195 5.544212 5.568621 6.002762 6.065670 6.287253 6.248307 5.911018 6.508075 8.354090 8.191745 6.283819 6.083565 7.691684 5.373814 4.937562 4.515696 5.621823 4.325277 2.970746 3.195046 2.841763 3.349315 3.309242 2.156177 1.347514
-9999.0 -9999.0 -9999.0 -9999.0 -9999.0 -9999.0 -9999.0 5.164782 5.029398 5.605877 5.382049 6.054032 5.024866 4.229786 -9999.0 -9999.0 -9999.0 -9999.0 2.684977 3.548502 4.074223 4.655556 4.992913 5.000031 5.152104 5.852269 6.124445 5.937129 5.233493 5.490045 6.665094 5.648422 6.097604 5.334675 5.624632 6.773209 6.738317 6.826218 6.975893 7.100616 6.930799 7.231519 7.508523 8.931656 9.019511 9.010097 8.992004 8.814551 8.780386 7.808100 7.498306 4.860621 4.486212 4.290805 3.843750 3.696474 3.670839 3.813126 3.731007 3.732411 3.341083 2.113624 1.470580
-9999.0 -9999.0 -9999.0 -9999.0 -9999.0 -9999.0 7.717220 7.157017 6.917434 7.965999 7.660733 6.891151 2.315810 4.940595 3.662285 3.172994 3.731702 4.148664 4.256401 4.411145 4.796318 5.300273 5.622422 5.676510 5.507191 5.894456 6.463203 6.441043 4.631815 3.999657 3.825876 4.725645 5.363230 5.837710 6.411652 7.032229 7.215927 7.371385 7.681533 7.738029 5.539769 4.664009 4.895156 4.970241 6.832380 6.869604 5.980824 6.114838 6.202079 8.190405 8.162049 6.508655 6.353475 5.560315 5.174039 3.875718 4.679499 4.394422 4.205965 4.017360 3.227540 1.722187 1.127217
-9999.0 -9999.0 -9999.0 -9999.0 -9999.0 -9999.0 7.183841 4.729275 4.790770 4.809506 5.187488 5.117124 3.570591 5.745737 4.795394 4.807984 4.723710 4.613716 4.291651 4.288203 4.831966 5.604710 6.077356 6.213531 5.965651 5.486968 6.323733 6.240751 6.385255 6.438696 6.521905 6.775808 6.852543 6.912235 6.893133 6.836114 6.854035 6.857400 8.686200 8.466209 4.668567 5.746764 5.600367 2.666646 2.970237 2.649428 2.674184 4.979695 5.160006 5.825025 9.676334 8.138295 6.873036 6.833597 6.105912 5.284465 5.660493 5.102705 4.704529 3.975207 2.545160 1.471973 0.971277
-9999.0 -9999.0 -9999.0 -9999.0 -9999.0 9.179495 9.439827 7.618091 6.465060 6.375750 6.304928 5.609302 5.222405 6.408773 6.392405 6.431840 5.482638 4.724000 4.326839 4.543467 5.018315 5.808608 6.303135 6.580777 6.583836 5.670139 5.900274 7.052895 6.589850 6.759445 6.779027 5.008407 5.295175 5.522861 5.594558 5.621953 5.959255 8.064758 7.360390 5.094948 5.184890 4.746096 4.699709 4.788514 5.017667 4.982290 5.363519 5.399811 5.319948 5.392013 5.519865 6.190906 9.844935 7.082704 5.954525 3.993197 3.650324 3.342160 4.967806 3.551011 2.348536 2.017096 1.815435
-9999.0 -9999.0 -9999.0 -9999.0 8.184990 8.526258 8.675851 8.895001 6.055568 5.723215 5.441401 5.052876 4.741545 4.545724 5.642007 5.244092 4.693947 4.709286 4.871820 5.030939 5.238947 5.769367 6.301544 6.785919 6.041176 6.251669 6.255142 6.896555 7.287773 7.265098 7.205964 7.964017 8.324507 8.544559 8.458794 5.411385 8.478534 8.008540 7.583097 7.103750 7.022479 6.746074 6.668954 6.628722 6.535749 7.471092 7.487933 7.816568 7.909206 7.014360 7.005695 6.452470 3.423155 4.016936 8.568578 3.817274 3.353821 3.167240 3.101463 2.556457 3.520197 3.076113 2.604464
-9999.0 -9999.0 -9999.0 5.795382 8.399866 8.717957 8.854548 8.977670 6.440992 6.526375 6.387776 6.046961 5.956073 7.099943 6.734770 6.176751 5.674191 5.685320 5.754016 5.772764 5.325790 5.379823 5.408824 6.427202 6.722353 6.473353 7.044415 6.983426 7.789529 8.031090 6.981246 5.122051 5.721426 6.301427 8.161173 6.631815 6.320975 6.162391 6.278554 5.827004 6.035061 5.807091 5.605388 6.725589 6.252732 6.517335 6.051437 6.673040 6.912594 6.770120 6.104795 6.955294 6.139807 7.338141 8.508596 8.384699 7.664905 7.874161 7.240007 7.020132 6.826409 3.938255 3.497287
-9999.0 -9999.0 7.269594 9.231592 9.563631 9.511005 9.175633 9.064410 8.907173 8.835603 6.480283 5.883332 7.013717 5.895237 4.703374 4.133342 5.422654 5.908242 6.188968 6.420192 6.390425 6.623867 6.713025 7.031210 7.340694 7.432774 7.521772 7.817110 8.381222 7.405690 7.897117 8.184715 9.728934 9.545829 8.518287 8.225347 7.765102 7.662624 3.839896 4.329246 6.165521 3.701319 4.059207 4.821828 4.969796 5.267814 5.501549 5.733619 5.867696 6.177235 5.885212 6.115812 5.603295 5.894326 5.737383 6.114966 6.092319 5.912276 6.247719 4.946621 0.381531 1.323590 4.350376
7.035016 7.357792 7.723010 8.239325 9.535351 7.256518 7.435840 10.856942 10.714832 9.022244 8.952505 8.483850 7.590403 5.560839 4.879498 5.960230 6.220367 6.144363 6.311758 6.260315 6.351733 6.459613 6.566628 6.997381 7.287671 7.382903 7.623547 7.770460 8.117426 7.321428 7.697587 8.817380 9.002374 6.735040 6.339546 6.222919 6.055460 5.940751 5.923827 6.433936 6.064610 6.750750 6.520989 6.551835 4.273153 3.753902 3.832305 4.202563 4.183471 3.536685 3.861598 4.152847 3.903403 3.892026 3.984800 4.436312 4.527343 4.721296 4.871415 4.768249 4.604508 4.368912 4.013082
7.876615 8.031556 8.430985 8.397554 9.752149 8.967641 7.456667 7.422887 10.788113 9.697151 9.565816 8.784872 6.964232 5.768630 5.744691 4.443552 4.631438 4.713392 4.626695 4.633912 4.780416 4.925094 5.058861 5.085255 5.584269 5.730899 4.801162 6.160175 6.603710 6.294991 7.495629 7.706990 7.906857 6.112416 6.212297 6.346633 6.003873 5.748337 5.866598 5.927630 5.739647 4.235817 4.374499 4.314468 4.403223 4.653598 5.028554 5.495583 5.234738 5.344276 5.524393 4.635819 5.879163 6.137588 6.330056 6.453999 6.644896 5.561230 5.245418 5.155545 5.077394 4.639688 3.920637
7.708279 7.750502 7.268983 8.014278 7.488649 9.228172 7.434260 7.461170 10.859037 9.553927 9.670114 9.204544 6.603845 4.772377 5.448921 5.598859 5.631750 5.586381 5.578728 5.634565 5.750122 5.846518 6.079411 6.407793 6.948896 6.371796 6.466660 5.924851 5.658887 5.949098 8.431777 7.955165 5.149469 4.808358 4.623705 4.298968 3.915293 4.914728 4.467187 4.141515 5.256148 5.516177 4.933971 2.920905 3.504600 4.347395 4.932601 5.328363 4.635485 4.602245 4.605137 3.890536 4.678321 4.860607 5.090558 5.111977 5.556355 5.622057 5.367145 5.303460 5.188381 3.952866 3.588543
7.885455 7.464209 7.686598 7.743499 8.133399 8.347572 9.465011 7.464844 7.442974 10.978056 9.955178 9.540395 8.414590 5.409743 7.437597 6.215512 4.781419 7.932385 5.992560 5.205835 5.243023 5.412430 6.716615 6.825816 7.218874 6.368661 9.306370 9.374565 9.280996 6.567515 8.377578 6.440068 5.662063 5.513400 5.211693 5.025371 5.200305 4.780398 3.887426 5.597302 5.416692 4.647416 4.411551 1.597455 1.514227 2.600063 4.230189 4.931617 2.242185 2.260952 2.413348 2.558425 2.950266 3.339397 3.687572 2.303756 2.374804 2.180744 1.692091 1.465713 1.816408 1.469702 1.318415
