geotop_simulations/templates/TEST_Venosta_3D_034_template/rec/SoilTemperature0000L0002.old.asc
ncols         252
nrows         194
xllcorner     598250.000000
yllcorner     5144500.000000
cellsize      250.000000
NODATA_value  -9999.0
[rows 56 to 83 of 194, columns 63 to 125 of 252]
3.287476 3.291731 3.361353 1.573770 1.873892 2.399162 2.900213 3.462978 3.988036 4.585989 5.275211 5.715462 4.453927 4.407918 4.458684 5.718910 5.478516 5.129339 4.734096 4.336824 3.855356 3.443419 3.267004 3.021380 2.555455 4.590937 2.215718 2.197586 1.207610 0.855648 0.464500 1.426638 1.498085 0.681215 0.465365 0.270240 0.461598 0.871329 1.182769 1.215506 1.110236 0.735228 0.333728 0.047236 -0.009888 -0.009703 0.277398 0.192493 0.114166 0.068009 0.178418 -0.026507 0.286872 -0.014291 0.555811 0.695848 0.838121 1.114211 -0.049072 -0.032564 0.033651 0.158079 0.177553
3.704673 1.624812 1.803030 2.092595 2.410739 2.767169 3.212340 3.725725 3.661444 4.783762 5.455732 7.916675 4.651684 4.629285 6.565698 5.948845 5.724899 6.031285 5.184924 4.460107 3.991110 3.741535 3.410599 3.249229 3.315128 4.539181 2.766382 2.304733 1.033768 1.837733 1.588608 2.028698 0.957543 1.051677 0.894455 0.691128 0.783112 1.030798 1.265899 1.393993 1.539790 1.191445 0.636283 0.030843 -0.009448 -0.014736 0.231809 0.170694 0.206322 -0.032281 -0.034202 -0.021519 -0.020565 0.217388 0.724032 0.845815 1.380433 1.620621 -0.022741 0.122490 0.240720 0.551228 0.532172
1.691571 1.742592 1.879722 2.317533 2.618476 3.114463 3.549150 3.654408 4.348084 4.837857 5.542211 8.112881 4.804991 4.793054 5.487653 7.041129 5.986253 5.661876 5.172152 4.645877 4.282491 4.037408 3.571724 3.856920 5.132423 3.408238 2.946056 2.017526 1.565705 1.929439 1.735397 1.204414 1.321513 1.383568 1.280663 1.128454 1.195316 1.188742 1.172118 1.603595 1.493884 1.052101 0.280790 0.018500 -0.014465 -0.009917 0.268358 0.212892 -0.016586 -0.024841 -0.025441 0.015122 0.633253 0.744650 0.904120 1.339135 -0.024447 0.127593 0.185634 0.472752 0.860513 1.189837 1.123122
0.669230 1.001930 2.019210 2.694150 3.195289 3.527046 3.382266 3.976678 4.340661 4.918519 5.682298 6.288424 4.957803 4.243042 5.470598 7.181212 7.063863 6.757252 5.484260 5.074685 4.726588 4.318426 4.258953 5.447681 4.103010 3.261585 2.845240 2.094981 1.719321 2.049260 2.275799 1.405233 1.591642 1.640507 1.532745 1.493504 1.467539 1.392014 1.497521 1.602014 2.000244 0.737979 0.089648 -0.005598 -0.015568 -0.026044 -0.017107 -0.022487 -0.020633 -0.020286 0.363188 0.739302 0.766864 0.836860 1.202592 1.646298 0.106629 0.188880 0.608866 1.012404 1.451825 1.780222 1.741702
1.615136 2.432193 3.076560 3.376131 3.120844 3.514831 3.645147 3.900120 4.335849 5.059341 5.837490 6.409859 4.531147 4.332348 7.241186 7.303197 7.253850 7.156309 5.884167 5.523055 7.450084 4.982969 6.480880 5.217600 3.760037 3.005427 1.800682 1.686160 1.916311 2.301710 1.860771 1.808789 1.845981 1.862499 1.802211 1.809669 1.722381 1.657196 1.666444 2.580145 1.127236 0.398972 0.109303 -0.019569 -0.021039 0.481977 -0.022479 -0.021504 0.078637 0.697140 0.838532 0.900780 1.114869 1.362221 1.654427 0.168865 2.457157 0.520637 0.909711 1.186366 1.724456 2.120529 2.206552
2.788626 0.977988 2.730408 2.687018 3.288254 3.371341 3.598788 3.917108 4.452790 5.201066 6.010592 6.564284 8.835167 4.529990 7.671037 7.571362 7.387874 7.332543 7.513469 7.510645 7.196172 6.805626 6.090010 4.604323 3.902259 3.181365 2.291159 2.205189 2.680314 2.272492 2.273065 2.195669 2.137961 2.170931 2.138537 2.086077 2.116599 2.145581 3.217812 2.219964 1.033660 0.141921 0.067942 -0.018570 -0.014034 -0.017080 -0.023478 0.065841 0.755036 0.927695 1.479360 1.620594 1.617196 1.833548 2.070121 0.376374 0.700599 0.946619 1.304753 1.546290 1.965660 0.013337 2.117567
2.359050 2.351444 3.143495 3.105058 3.114653 3.285866 3.427826 4.007656 4.656398 5.377098 6.209541 6.727777 7.122176 4.676192 7.996959 7.927948 7.789512 7.734408 7.694817 7.488352 7.227076 6.958921 6.487991 4.871916 4.159343 3.491011 2.974501 3.778393 2.684480 2.681919 2.572137 2.470819 2.407202 2.507540 2.513441 2.375418 2.562625 3.858590 2.908746 2.132368 0.888011 0.131660 -0.015393 -0.017983 -0.013206 -0.014218 0.142563 0.814983 1.215522 1.715617 2.106762 2.247649 0.178132 2.298249 2.536477 2.777978 0.987752 1.302805 1.705085 1.880143 2.254856 1.717923 2.291665
2.416562 3.060261 3.073172 3.058766 3.039509 3.299807 5.129378 3.818014 4.915351 5.571084 6.409379 6.182970 7.378287 4.852444 8.339598 8.267676 8.158201 8.016223 7.830265 7.342461 6.623952 6.312952 6.336855 5.033244 4.387855 3.700424 3.333654 3.238081 3.061640 2.940773 2.877201 2.799878 2.656652 2.825419 2.869698 2.750684 4.286420 3.364222 2.567465 1.752072 0.540285 0.093298 -0.017437 -0.020713 -0.018454 0.627816 0.884276 1.458795 2.029591 2.416376 0.210197 0.329593 0.690544 2.993634 1.087831 1.239981 1.223902 1.476781 1.964151 2.174536 3.007335 1.865623 1.473610
3.030917 2.967657 2.988452 3.184549 3.360760 3.486476 5.401086 4.067815 5.160580 5.795066 6.626736 6.443509 7.713384 5.095810 8.686265 8.590561 8.472868 8.357586 8.145081 7.439253 6.234117 5.658573 5.288081 4.869523 4.423918 3.976719 3.822765 3.663060 3.445399 3.209610 3.227536 3.221260 3.003227 3.177685 3.154558 4.573942 3.664622 2.929943 2.220045 0.627850 0.200286 -0.019294 -0.016750 0.001594 0.761509 1.074372 1.721110 2.389708 0.225503 0.385014 0.627189 0.866320 1.206011 1.517101 1.638197 1.803863 1.847690 1.727667 2.647094 3.077730 3.135886 2.428721 1.093228
2.617266 2.579623 2.783061 3.233701 3.635730 5.032598 3.956167 4.438715 5.416854 6.078287 6.092230 7.464918 8.095195 5.286581 9.048650 8.955760 8.837667 8.744498 8.521200 7.025324 6.479447 5.828609 5.271987 4.841604 4.550716 4.388329 4.344980 4.115114 3.889420 3.509673 3.573573 3.618106 3.441236 5.424117 4.824369 3.868207 3.150368 2.555288 1.783537 0.738868 0.083755 -0.021000 0.347257 0.753660 1.015191 1.693467 2.525120 0.272245 0.739972 1.027188 1.176845 1.415894 1.722762 2.039079 2.180208 2.378762 2.521574 2.326965 3.031470 3.434328 3.116331 2.215146 0.801546
2.670895 2.779183 3.099718 4.253491 5.151780 5.915800 4.300492 4.803927 5.679258 6.352033 6.285022 7.784260 8.539367 5.552870 9.408774 9.293192 9.176817 9.067892 8.852426 8.366369 6.794103 6.136634 5.536687 5.158565 4.905685 4.800707 4.723809 4.575910 4.350060 3.956505 3.959034 6.059284 5.702431 4.969836 4.040617 3.434207 2.864057 2.080160 1.298294 0.515647 0.156631 0.159461 0.973145 1.296431 1.712404 2.447148 0.420943 0.656977 1.143171 1.546133 1.843976 2.060415 2.266145 2.539621 2.676852 2.874000 3.013578 2.884956 3.558473 3.548506 2.988752 2.027073 0.812160
3.199809 4.218899 4.662840 5.185877 5.849226 4.285688 4.653715 5.210963 6.011945 6.603438 6.330890 8.339859 9.840099 5.741246 9.718651 9.644097 9.562159 9.402881 9.261112 8.943137 7.229341 6.557406 5.984510 5.604058 5.357546 5.174510 5.287404 5.197786 4.980047 6.673603 6.350872 5.753696 4.979079 3.975629 3.598186 3.089364 2.417812 1.343542 0.899118 0.568101 0.444214 0.574463 1.760392 2.062372 2.545156 0.659246 0.816187 1.008943 1.449046 1.959527 2.406886 2.708006 2.935490 3.452387 3.552345 3.707487 3.810872 3.865265 3.650087 2.941603 2.587112 1.554905 0.891047
3.700801 4.924159 5.189513 4.437384 4.624364 4.623919 5.043237 6.078561 6.479942 7.051722 7.776859 8.901525 10.130003 7.985118 10.077196 10.021984 9.943078 9.774804 9.566210 9.357160 7.727706 7.107203 6.545661 6.149875 5.925176 5.577788 5.716019 5.706437 7.055808 6.547318 5.462490 4.573825 4.297807 3.766098 3.113969 2.472819 1.814817 1.198937 0.868566 0.792569 0.974038 1.014054 0.987429 1.003128 1.085215 1.148756 1.278857 1.481758 1.808581 2.352807 2.851039 3.222988 4.606539 4.000800 4.024113 4.122440 1.002165 0.710963 3.151818 3.369126 2.080012 1.155204 0.074272
4.751977 4.293464 4.551074 4.760133 4.931233 5.074793 5.495427 6.121767 6.930463 7.484748 8.229515 9.325244 10.546965 10.070070 10.465023 10.343738 10.184831 9.977923 9.744727 9.575761 9.218545 7.699273 7.162022 6.737159 8.374377 8.097199 7.735335 7.227912 6.440120 5.325255 4.905031 4.279176 3.780124 3.298701 2.620114 1.946555 1.114589 0.803156 0.927909 1.238244 1.364332 1.352974 1.306687 1.362966 1.524039 1.684089 1.816403 1.993478 2.303892 2.803605 3.268060 4.804391 3.018666 1.988756 1.888306 1.722932 2.510305 2.961115 3.075186 2.741877 1.299062 0.732808 -0.007978
5.138417 4.563921 4.919669 5.153138 5.268615 5.387449 6.225868 6.961104 7.392006 7.982601 7.882666 9.810247 6.382416 6.293854 10.765374 10.614873 10.424304 10.213241 10.029881 9.788912 9.535534 9.151248 9.085100 8.964318 8.705592 8.244488 7.241862 6.133762 5.631616 5.068883 4.474423 3.759850 3.192000 2.660242 2.115484 1.481710 1.208373 1.193454 1.406372 1.557224 1.589737 1.608216 1.678356 1.776635 2.012588 2.247283 2.357168 2.500034 2.812758 3.259728 3.165568 1.361827 0.935176 4.017594 3.902714 3.641238 3.406443 3.048576 2.667444 2.568554 1.470017 0.507308 -0.013413
5.838273 6.520707 5.202450 5.500090 5.587769 5.537521 6.676052 7.563780 8.166470 8.994324 9.425406 10.275611 6.563605 6.528331 11.097395 10.930309 10.753215 10.572087 10.359172 10.059010 9.845700 9.662015 8.167496 8.936258 7.149163 6.753984 6.278535 5.868531 5.359526 4.655767 3.901415 3.241321 2.635943 1.728975 1.383216 1.227223 1.406787 1.654845 1.792590 1.777056 1.716716 1.881901 2.156069 2.308693 2.502121 2.777914 2.886207 3.011329 3.384822 3.685516 2.903657 4.087700 3.670612 3.116824 2.918853 2.875445 2.584837 2.232101 1.862587 2.243709 1.880418 0.652820 0.004023
6.419268 6.897067 5.457566 5.758977 6.213268 6.244966 7.364213 8.333073 9.040726 9.035305 9.098668 9.888819 6.754993 6.650921 11.361821 11.191902 10.984969 10.752405 10.479172 10.136008 9.772373 9.271882 8.224029 7.569003 6.976764 6.305684 5.702343 5.375444 5.005762 4.350374 3.587383 2.514061 2.230609 1.600641 1.382398 1.551293 1.870755 2.021390 2.021217 1.942876 1.973684 2.195479 2.642745 2.892564 2.978766 3.262074 3.372696 3.463856 5.084336 4.435671 4.024722 3.460474 2.918408 2.291739 1.965928 1.877667 1.662531 1.340804 0.147424 1.307351 1.460418 0.954423 0.127114
4.956287 5.266488 5.628767 6.061141 6.840933 7.168246 7.827110 8.830184 9.479348 9.576795 9.954949 10.314336 7.618438 6.738557 11.595197 11.398374 11.157877 10.884802 10.463596 9.688977 9.054231 8.548034 7.924426 7.250752 6.518249 5.758850 5.083023 4.787690 4.604468 4.146335 3.507592 2.773440 2.136173 1.658982 1.659721 1.986499 2.143890 2.150507 2.172534 2.226807 2.432264 2.569805 3.105239 3.422453 3.487882 3.675605 5.334284 3.880371 4.306785 4.122145 3.477537 2.889771 2.025050 0.821301 0.505017 0.441075 0.550878 0.131640 0.053681 0.143262 0.705668 0.966394 0.270675
5.417799 5.592495 5.694378 6.116770 6.929088 7.851686 8.492820 9.196286 9.522385 10.441617 11.284896 10.891958 7.866264 6.902262 11.852502 11.618649 11.353087 10.965822 10.285520 9.542776 8.891812 8.256542 7.560919 6.726282 5.907784 5.130014 4.486052 4.191294 4.044651 3.782835 3.289452 2.632210 2.157737 1.954274 2.103107 2.228315 2.216610 2.260835 2.432685 2.662595 2.948857 3.031214 3.459484 5.418538 4.007188 5.510778 3.990841 4.564423 4.371415 3.608871 2.806650 1.805731 0.935929 0.042090 0.034919 -0.011144 0.008998 0.027562 0.034532 0.042138 0.075121 0.729622 0.120708
5.940315 6.227818 6.311778 6.836931 7.455519 7.664002 8.593847 9.689495 9.779352 10.459716 12.163289 13.724111 7.516812 7.333531 12.010298 11.763888 11.405702 10.694585 10.004804 9.392144 8.699368 7.937877 7.104053 6.222113 5.385759 4.633296 4.041581 3.741070 3.519867 3.295383 2.932847 2.427489 2.179017 2.306545 2.392336 2.355655 2.274190 2.411093 2.790735 3.121584 3.436604 3.618889 3.804365 4.172531 5.714230 5.570518 4.453992 3.683005 3.867715 3.101035 1.877355 0.671048 0.021705 0.004478 -0.008133 -0.007370 -0.011899 -0.006714 0.560536 -0.003277 -0.007442 0.052530 0.056472
6.139378 6.467696 6.757520 7.402017 7.966343 8.478236 8.718642 9.399360 9.304416 10.585709 12.079158 7.613529 7.477811 6.263789 12.179926 11.838605 11.108493 10.497182 9.827320 9.135634 8.416103 7.632252 6.803358 5.973754 5.164093 4.446762 3.785852 3.348982 2.997109 2.739396 2.528579 2.342450 2.347957 2.543630 2.542429 2.467339 2.439780 2.609537 3.119648 3.509871 3.823938 4.093298 4.285052 4.435970 5.643606 4.537888 4.134896 3.753140 3.217393 2.535290 1.290996 0.014754 -0.018706 -0.012278 0.305794 0.326351 0.400846 -0.005831 -0.006619 0.410764 -0.005864 -0.005844 0.055711
6.426592 6.424414 6.905300 7.561171 8.276090 8.827293 9.423434 10.074939 10.514375 10.918667 12.295087 7.269105 6.441644 6.361917 11.323116 11.807606 11.064455 10.358565 9.579215 8.906237 8.239966 7.489551 6.725826 6.014907 5.331205 4.713151 4.612423 3.802314 3.597211 3.078463 2.669739 2.507273 2.630269 2.689640 2.677183 2.685368 2.757631 3.050347 3.421597 3.858683 4.189159 4.384307 6.105372 5.902368 4.797433 4.308483 3.671541 3.019016 2.949476 1.367767 1.068724 0.048835 -0.018214 0.257383 0.252765 0.221086 0.231931 -0.010542 0.331812 0.398155 0.452657 0.604451 -0.005058
6.829418 7.031182 7.260350 7.729468 8.436059 9.814539 10.257343 10.772576 10.711197 11.307397 12.316079 6.555442 6.501521 6.400751 11.419079 11.795294 11.113150 10.320261 9.505896 9.088644 8.221381 7.553897 6.883251 7.602278 7.146690 5.111363 4.630155 4.182501 3.738302 3.264536 3.205643 3.010374 2.975128 2.883489 2.852098 2.888273 3.345263 3.904903 3.790857 5.920128 6.137233 6.211497 6.071928 5.073533 4.710068 3.917091 2.986691 2.247228 1.800406 0.660395 0.448715 0.157452 -0.018395 -0.010915 0.312869 0.186457 0.104140 0.185327 0.291894 0.352181 0.368134 0.435439 -0.009614
7.346110 7.490774 7.750618 8.146545 10.075476 10.338109 10.594256 10.337240 11.696502 11.839640 12.469138 6.513927 6.512993 6.427135 11.536886 11.997972 11.219153 10.450862 10.506051 9.886697 8.402505 8.854315 8.497755 8.036281 6.115170 5.619838 5.150024 4.672193 4.177520 3.946276 3.604522 3.381580 3.220702 3.071708 3.103515 3.083709 3.691201 4.269415 4.117189 6.168942 6.311997 6.231537 5.540479 4.605210 4.509816 3.484457 2.341744 1.732414 0.462589 0.012198 -0.009432 0.109677 0.015234 -0.007723 0.268784 0.158488 -0.000323 0.071548 0.157645 0.204899 0.281831 0.428187 0.430665
7.909497 8.009764 8.233585 8.598812 10.629092 10.981822 11.264393 10.587063 12.107467 10.770139 11.636917 6.563530 6.573523 6.460524 12.510764 12.130315 11.375620 10.662328 10.859391 10.258275 9.745531 9.338869 8.887476 8.433397 6.664177 6.217764 5.782855 5.304041 4.769307 4.216460 3.733988 3.675980 3.530408 3.384279 3.471071 3.511070 3.630566 4.546750 4.360781 6.347223 6.369105 5.993316 5.736129 5.077989 4.255571 3.165425 2.335768 0.731069 0.006165 0.001508 -0.006733 0.003075 -0.006920 -0.008973 -0.010922 0.085280 -0.938530 -0.957632 -1.102581 0.066344 0.250350 0.376864 0.387406
8.494443 8.609498 8.812993 9.074176 11.148336 11.496599 11.807890 10.282661 10.535954 12.848174 12.916193 6.614089 6.550096 6.456570 11.675983 12.207633 11.556654 10.934323 11.079805 9.752531 9.197837 8.671335 8.164812 7.684434 7.231708 6.817897 6.416543 5.942368 5.390085 4.812135 4.277466 4.084714 3.918025 3.720223 3.865030 4.231575 4.605622 4.950246 4.660389 6.476754 6.399392 6.089805 5.552941 4.802540 3.957448 3.109610 2.108776 0.500549 0.001378 -0.000929 -0.004214 -0.002912 -0.006283 -0.009620 -0.026110 -0.141211 -3.608607 -3.918668 -5.269330 -0.000618 0.273779 0.321693 0.297713
8.851709 10.453405 10.788069 11.022702 11.372915 9.721540 9.811228 10.447643 10.843762 11.551324 12.765250 6.572217 6.483769 8.495131 11.709107 12.384343 11.767628 11.256000 11.447001 10.233583 9.735753 9.252127 8.763007 8.289607 7.818936 8.457095 8.015763 7.418683 5.930724 5.330943 4.801571 4.413050 4.311956 4.084293 4.204922 4.584173 5.005143 5.404151 6.477781 6.585543 6.253524 6.022356 5.350164 4.558709 3.744910 2.894433 2.029807 1.035349 0.128000 0.049631 -0.000123 -0.000628 -0.001557 -0.012292 -0.015745 0.216086 0.239462 0.302242 0.092577 0.093437 0.249012 0.230721 0.223156
7.651559 9.221853 9.602960 9.852904 9.502623 9.765906 9.713859 11.051548 10.134117 10.958098 11.527286 6.519383 6.454331 11.676191 11.712131 13.411898 13.282666 11.553805 11.803020 11.483169 11.094365 9.837250 9.367954 8.901830 8.415502 7.939597 7.501630 7.581522 6.387334 5.790012 5.258279 4.869702 4.648584 4.541461 4.623825 4.954437 5.463337 6.652235 6.668206 6.568132 6.339864 5.863308 5.169288 4.356158 3.548758 2.700363 1.849800 0.806041 0.053866 0.002275 -0.000445 -0.000874 -0.010804 -0.015857 -0.014477 0.339682 0.336129 0.265316 -0.001520 -2.717573 -1.720499 -2.423536 -0.007908
