geotop_simulations/templates/TEST_Venosta_3D_034_template/rec/SoilPressure0000L0007.asc
ncols         252
nrows         194
xllcorner     598250.000000
yllcorner     5144500.000000
cellsize      250.000000
NODATA_value  -9999.0
[rows 24 to 47 of 194, columns 55 to 109 of 252]
-9999.0 -9999.0 -9999.0 -9999.0 -9999.0 -812.141460 -816.762503 -1067.534762 -1070.166888 -1083.548760 -1083.330809 -1091.934662 -703.077854 404.712660 4532.190512 -564.322137 -562.450433 -672.235999 -669.697756 -663.698956 -658.309467 -1005.955722 -991.061195 -771.304145 -797.502966 -783.429571 -802.292185 -782.204747 -788.685761 -782.696671 -764.174041 -770.218164 -775.162855 -779.951319 -795.310168 -790.025210 -783.603074 -1067.330250 -1071.175924 -796.016441 -664.989162 -956.296731 -1000.382734 -982.855965 -967.503417 -970.803765 -978.550153 -483.067590 -479.581513 -726.268618 -724.509197 -734.816852 -662.385688 -637.724309 -634.622633
-510.113301 -512.935584 -749.266166 -756.948865 -765.524854 -784.345422 -795.857223 -763.151024 -1056.359423 -1089.193647 -1112.831570 -1101.737669 -697.180641 -34.081993 9170.699272 1457.896166 -562.188318 -673.816880 -672.975383 -662.722979 -1019.222354 -992.761140 -756.290519 -696.377995 -688.439277 -690.684489 -690.726378 -694.673121 -707.428854 -711.481320 -711.647205 -705.799871 -719.338567 -721.463542 -896.545608 -724.517086 -730.664957 -964.199096 -751.050499 -762.519607 -641.981223 -985.954982 -994.246565 -1003.082678 -979.008458 -977.319089 -479.850817 -478.388712 -474.439688 -638.098084 -640.286617 -643.722391 -649.483302 -653.651192 -462.521292
-521.723126 -522.519035 -749.778478 -784.648613 -787.173400 -1079.948469 -1094.821226 -1096.789975 -1106.053560 -1099.889704 -1092.764749 -1102.961513 -1082.739666 -693.862099 5196.992265 6655.085550 -560.572659 -675.690108 -676.297471 -672.842787 -1034.630489 -942.849342 -747.259938 -761.469848 -759.473536 -752.594220 -755.273878 -748.194626 -746.194254 -739.045483 -732.616914 -729.123238 -742.191812 -992.711506 -1005.050043 -1018.855138 -996.907449 -1006.911584 -666.612664 -661.279561 -907.150258 -863.876199 -848.658661 -771.494212 -724.248713 -971.333877 -464.622729 -457.483953 -692.295161 -698.809890 -681.805675 -424.876751 -436.651354 -448.324106 -453.929992
-524.091798 -775.865253 -782.042675 -790.849907 -793.748472 -790.594076 -1046.657994 -1052.680696 -1110.497660 -1092.187436 -1090.236722 -1085.843618 -1093.113431 -1097.578661 247.488776 6924.668961 6892.175788 -563.344663 -685.780868 -683.154024 -817.589379 -987.985378 -813.572480 -747.899287 -722.733369 -818.218624 -729.998037 -950.659958 -954.479484 -950.661556 -733.395907 -727.110923 -739.982387 -978.548050 -655.508251 -657.846364 -657.574129 5927.294493 -684.366595 -765.898122 -987.304781 -984.678303 -949.489171 -934.665717 -490.070837 -480.973611 -465.568579 -687.475746 -665.808946 -636.799856 -629.240826 -400.498562 -398.187143 -417.043410 -438.595415
-753.983859 -753.977207 -757.222265 -765.484881 -770.244201 -752.507178 -1031.480206 -1037.522757 -1040.258501 -1044.511159 -1049.958051 -1047.258980 -1041.428968 -1035.146751 -1066.983862 3665.789650 12514.924200 9986.930287 -564.614440 -565.474776 -559.643315 -798.892803 -816.801539 -810.212854 -806.729196 -809.719276 -798.305910 -1047.534756 -1078.330993 -1055.504412 -796.995855 -784.830257 -783.927781 -1058.224221 -670.442582 -637.955755 7635.374149 -619.661311 -648.212095 -674.025584 -776.947167 -1016.308847 -1013.632976 -1025.534486 -785.907398 -766.504148 -742.248206 -710.597227 -663.264565 -414.631754 -398.305590 -394.604642 -393.059511 -409.188473 -423.219461
-728.243874 -733.897658 -740.759232 -752.599035 -761.893756 -1038.541406 -1039.049453 -681.643704 -1062.511062 -1017.861599 -1008.149955 -1006.045568 -1014.981529 -1021.969978 -669.163710 569.863996 11820.806827 17689.123736 7982.599929 -570.673761 -570.377092 -750.522863 -757.351885 -758.204627 -758.653089 -744.854362 -731.536616 -920.560810 -1083.659282 -1046.174070 -602.148186 -602.602407 -610.843446 -590.590506 -597.587053 -758.929083 -751.747150 -745.216336 -738.651745 -797.562989 -918.516123 -735.828262 -738.122096 -731.321276 -725.784911 -806.545929 -790.620429 -768.953716 -726.315611 -714.048226 -488.738056 -482.775186 -445.097801 -429.658423 -391.542931
-525.828578 -680.012102 -691.713921 -700.358489 -710.839140 -935.660399 -663.356302 -963.781486 -973.756481 -1068.173385 -1038.655251 -1023.465735 -1054.940667 -992.157262 -1046.212299 510.060027 19708.562036 20943.962104 17009.849550 1793.726220 -579.077683 -580.312470 -696.636202 -698.944743 -836.472724 -1058.805131 -1039.597918 -769.513297 -674.818417 -678.187298 -638.446145 -633.224779 -677.379859 -892.320058 -801.113436 -859.089048 -854.969339 -832.019426 -843.897001 -880.851648 -1045.508149 -960.520006 -755.312109 -792.115243 -789.090522 -784.389847 -776.329761 -790.987201 -816.251989 -800.221400 -734.971262 -738.847168 -487.860787 -441.581942 -378.893397
-526.307868 -800.445308 -804.985378 -805.609601 -1095.437976 -682.901460 -685.658960 -1107.642552 -1076.347634 -1123.541067 -1122.050877 -1094.836541 -1095.453211 -1092.624110 -1088.005498 -1093.405591 11536.632770 19023.615519 20132.986417 14322.478803 1244.948452 -584.088349 -701.393093 -702.389849 -702.830894 -696.532045 -1027.972175 -1039.358557 -971.722524 -1100.537205 -789.324121 -782.070555 -983.034319 -742.739617 -749.560800 -1054.962768 -1009.097731 -1017.622622 -1015.647059 -1033.583968 -1050.412413 -1040.215062 -1025.213424 -1036.287701 -1003.198526 -1074.165261 -776.867558 -730.554670 -744.947857 -716.831396 -704.320171 -680.804647 -696.998621 -433.672151 -334.656310
-525.330134 -758.940926 -765.726236 -662.917986 -1028.114715 -672.456552 -1020.926603 -1044.183662 -1111.384096 -1071.754761 -1019.459632 -1084.690801 -1017.633663 -1103.582933 -1028.177029 -1034.363763 2273.635749 12090.244553 19753.113008 19380.569156 11614.358766 5536.731553 -681.065692 -700.293966 -1091.208237 -1065.246695 -953.855916 -914.857686 -883.097599 -856.495951 -677.399306 -667.513670 -668.068106 -674.901266 -865.238127 -935.410273 -940.686940 -965.652497 -949.934940 -845.781304 -881.919061 -787.469942 -743.806406 -710.708793 -689.874186 -700.667044 -727.607588 -757.198473 -713.311536 -702.405859 -699.672563 -680.309655 -442.560263 -401.317066 -294.259300
-685.617760 -689.892953 -705.765799 -651.669640 -629.783656 -1080.202585 -1088.887779 -1048.589402 -771.089417 -1098.291929 -1097.721147 -1025.420786 -1022.280544 -875.470127 -1058.330068 -991.347407 -237.111205 10564.178578 15881.335249 21545.575478 11740.124715 7054.846536 -607.580413 -1013.005184 -970.604202 -936.601075 -776.725800 -492.292457 -481.601946 -617.726606 -624.110404 -630.659782 -672.213730 -633.975777 -745.739637 -824.687160 -900.438037 -923.439722 -713.887013 -637.606266 -798.561981 -900.629588 -850.079197 -794.858970 -654.378451 -609.121035 -613.591869 -693.653465 -687.552690 -677.606087 -655.990793 -628.408336 -397.595119 -347.292200 -296.187765
-677.164114 -673.966208 -682.128119 -626.337264 -618.321260 -743.512322 -784.746860 -714.678152 -704.096905 -693.358808 -775.950562 -778.222805 -788.585297 -784.173331 -763.344816 -766.006249 -803.593279 10529.259830 29363.452548 28661.482041 18469.762226 4900.492144 -654.157095 -814.531743 -753.620633 -721.090738 -664.401001 -487.429423 -540.906651 -465.938560 -460.871229 -474.718630 -483.375605 -544.867249 -543.782912 -600.566961 -612.957768 -615.785403 -611.378579 -590.811897 -658.457656 -658.529852 -699.034354 -654.604022 -625.589205 -542.041342 -443.253973 -460.240948 -594.291308 -575.190948 -555.990877 -543.100779 -462.439149 -394.309284 -361.961769
-681.049290 -685.605065 -657.870979 -601.051146 -607.538994 -710.537311 -748.075181 -699.424491 -689.488502 -681.330272 -739.128113 -752.885203 -763.110250 -760.265085 -757.111582 -753.669178 -763.941592 1302.996665 24149.077524 30994.502708 25414.348097 4809.581677 -552.253533 -799.401831 -745.330625 -710.392716 -643.814826 -482.673546 -548.768598 -464.864923 -463.067698 -470.794977 -569.659047 -567.744749 -532.017346 -562.585431 -565.077455 -586.425132 -592.238428 -567.984857 -614.749118 -661.258197 -683.101208 -685.660371 -620.880961 -563.165995 -442.292671 -435.845131 -454.902694 -543.980312 -524.030935 -497.481751 -429.765457 -408.332612 -410.955470
-684.621505 -648.849806 -581.203922 -585.439193 -653.096639 -685.426574 -669.556279 -683.045913 -676.075513 -670.491668 -662.905537 -717.267103 -730.557684 -728.284474 -736.322234 -742.660613 -744.357515 -646.264364 18630.336584 34175.545332 28964.391773 8483.178730 -543.658866 -628.015732 -734.304373 -698.352252 -642.563695 -579.586050 -565.888999 -550.330403 -476.395336 -580.202211 -567.216019 -557.563149 -535.328781 -572.451250 -584.018880 -619.768199 -603.440850 -572.672544 -564.618302 -640.070428 -625.544044 -605.743295 -600.469874 -572.859829 -517.776108 -424.627626 -433.405323 -475.774596 -484.106878 -438.158865 -411.964812 -407.883348 -401.685823
-689.962201 -574.206439 -610.672410 -608.876779 -614.245582 -672.949716 -657.498892 -665.396990 -661.380556 -650.577906 -641.251533 -672.694589 -687.598351 -694.187937 -702.639008 -711.270388 -720.919094 -607.696208 11423.719800 23757.104277 29001.978987 9933.030138 -538.113236 -662.725205 -657.933659 -675.737020 -631.443174 -599.439823 -577.702524 -477.319585 -482.327503 -594.905965 -572.602808 -550.341849 -538.541197 -565.901327 -580.685340 -626.169106 -473.066565 -464.258197 -527.167037 -577.094318 -612.829187 -589.883464 -589.447462 -568.940484 -554.917762 -438.419102 -422.334736 -407.933737 -346.483432 -373.849208 -425.155979 -418.074767 -409.427378
-589.810639 -595.444393 -581.841576 -578.902985 -589.198369 -609.198132 -623.359343 -617.087884 -622.502836 -630.286283 -623.554186 -639.933588 -656.557906 -666.512381 -673.559910 -679.170797 -691.765778 -712.691666 6532.772233 19321.152738 28634.857014 8826.044637 -537.767688 -655.185966 -653.330824 -654.510474 -630.787700 -600.691925 -595.534247 -495.003874 -504.298750 -636.583236 -472.271791 -562.070718 -528.319652 -540.775425 -556.407619 -609.763402 -597.779318 -464.297524 -529.256015 -522.223915 -599.597472 -571.150788 -569.618121 -549.535349 -546.303305 -451.601693 -418.731620 -390.092619 -313.853798 -367.788966 -422.393868 -401.499662 -416.449648
-599.645977 -576.761246 -560.660422 -564.343780 -560.501868 -563.579530 -582.303964 -590.169490 -472.983664 -608.054500 -606.816286 -604.548111 -616.059286 -631.629220 -642.637710 -653.688918 -663.961275 -680.419659 5696.480351 22531.878293 28573.174782 7371.955624 -537.575568 -650.252588 -653.074865 -665.143420 -631.352354 -629.211124 -635.268153 -508.204737 -509.587071 -504.443862 -629.313649 -581.959972 -513.607964 -520.956810 -540.561254 -459.679518 -458.077816 -569.991567 -530.967673 -499.321218 -572.116345 -566.018639 -547.413874 -538.001342 -460.202824 -454.967093 -408.865407 -358.337611 -316.437377 -423.296742 -508.343787 -369.248835 -374.146225
-590.626609 -571.774534 -562.017045 -543.286031 -528.444631 -437.121421 -546.237950 -485.246472 -480.239374 -478.503177 -594.969265 -587.859075 -586.784594 -588.316932 -603.882552 -621.629741 -634.454169 -653.611360 3501.626331 23224.948324 27493.867509 6865.307643 -540.168025 -645.474996 -647.040847 -659.739003 -651.619766 -655.152784 -633.903815 -630.689742 -635.659994 -619.624955 -605.400400 -602.775417 -544.895097 -507.601547 -507.350061 -441.242233 -441.646197 -443.056283 -514.862833 -495.048156 -549.434020 -552.557598 -531.856987 -461.462571 -453.309719 -431.761780 -378.992707 -328.230934 -274.665144 -302.418331 -372.182612 -369.881708 -388.072404
-593.543206 -566.109290 -546.479213 -524.204077 -501.640445 -423.413306 -519.092763 -586.417068 -472.910986 -467.734041 -470.348901 -575.142552 -573.187344 -556.709224 -571.852646 -588.968761 -604.437485 -633.947905 989.570018 13295.885340 23749.181772 6089.836427 -526.623097 -519.260928 -631.896028 -635.724237 -634.294927 -632.618030 -632.858674 -633.601219 -626.050107 -598.855514 -582.615314 -582.295828 -573.169763 -524.929751 -426.109236 -425.539096 -421.969264 -427.645193 -439.785067 -449.557289 -559.286379 -585.659046 -555.453384 -460.060426 -441.779809 -411.778745 -369.763956 -306.293438 -248.600730 -270.613083 -351.166065 -467.738847 -424.928442
-579.149198 -564.773554 -538.978212 -510.044857 -479.561172 -413.245181 -414.790520 -550.792511 -447.724042 -451.202430 -454.615353 -522.327878 -550.641531 -547.269882 -551.995151 -570.349440 -586.242529 -623.544108 418.644226 10737.468517 18991.523709 1965.288651 -529.466781 -632.160798 -632.096541 -639.073830 -633.757723 -616.813835 -586.759185 -581.260629 -596.366549 -607.244222 -578.802894 -580.350899 -579.053214 -590.521754 -603.237093 -587.474274 -565.162970 -547.581099 -459.864839 -463.813000 -539.150775 -577.413723 -539.070427 -510.614808 -494.232320 -446.949687 -419.319157 -317.411603 -263.397629 -274.178260 -325.344229 -382.642172 -434.873326
-569.794441 -564.170383 -551.117422 -518.415742 -466.240326 -399.872928 -390.016976 -416.759487 -428.866012 -434.889496 -448.617187 -460.350923 -541.814966 -535.811565 -549.424778 -566.874629 -589.065294 -625.405144 -440.737168 4957.352435 14469.371353 2761.977921 -725.617806 -705.610655 -615.361078 -584.621750 -568.929775 -483.615172 -476.243151 -539.951599 -541.842429 -577.792912 -570.305966 -549.472098 -557.870934 -564.020487 -563.627229 -584.651780 -490.195469 -623.133534 -489.498190 -546.897791 -520.193912 -454.030406 -422.655774 -430.845641 -430.221063 -440.150630 -509.712224 -374.787565 -355.897036 -358.347332 -381.242901 -403.452908 -440.595402
-557.922274 -563.586314 -559.681144 -544.081092 -500.763798 -396.533199 -361.587209 -383.349768 -412.815842 -431.338885 -447.145427 -467.780553 -554.299301 -562.357823 -572.594113 -580.561779 -605.766541 -637.155798 -669.203909 995.570832 7457.989516 -28.861572 -692.425519 -677.666655 -640.040093 -586.572624 -583.877770 -599.525577 -502.034424 -509.533344 -498.060081 -587.637094 -432.993867 -470.292913 -465.236155 -467.857627 -416.942231 -426.551230 -475.616461 -486.644178 -607.051360 -536.665767 -508.238181 -448.710594 -406.748785 -382.123776 -443.308383 -616.978414 -617.682244 -358.785452 -410.129518 -404.611463 -408.184211 -425.472133 -445.086288
-540.060675 -548.181368 -560.529514 -529.513644 -507.242876 -385.676601 -497.159646 -372.172920 -406.303852 -431.094733 -447.833716 -467.214817 -537.188402 -543.820293 -547.367741 -557.126192 -579.628656 -607.199948 -636.562648 378.979160 3043.754482 -596.292813 -597.194988 -677.004768 -590.070642 -607.353035 -601.427654 -506.093444 -502.880528 -494.826027 -482.114636 -548.889791 -431.624353 -490.275906 -453.308270 -416.429375 -401.521829 -421.201687 -436.769978 -449.857080 -567.436679 -527.904140 -518.384479 -451.396591 -397.232511 -445.897669 -516.351945 -526.123601 -396.632317 -384.679948 -432.205266 -432.886679 -446.957927 -452.691407 -455.976493
-527.977804 -525.546435 -533.223351 -530.903848 -533.788824 -538.963589 -554.270733 -457.463262 -441.798884 -451.772886 -465.762738 -523.626095 -522.610182 -527.458178 -521.093508 -543.807455 -568.938567 -591.737878 -614.563394 -68.761849 1193.460823 -597.323402 -683.722936 -675.816230 -590.793838 -633.510266 -577.725564 -505.958527 -502.719287 -495.127325 -583.905803 -591.949540 -466.723021 -451.522064 -504.043302 -483.291017 -486.819278 -436.859000 -440.649284 -447.384804 -545.682508 -482.758439 -424.924862 -436.029911 -412.583162 -410.888290 -421.349451 -428.702421 -430.489639 -430.076169 -445.815453 -459.795500 -465.433599 -468.813793 -472.278083
-533.183643 -545.511219 -555.245711 -567.183761 -576.853721 -465.032220 -468.602236 -466.591558 -468.924724 -469.262018 -522.086920 -525.241439 -516.311519 -523.938269 -513.427922 -531.903576 -552.694462 -502.899346 -495.216188 474.033083 858.566457 -591.296662 -676.058460 -664.077459 -577.286857 -629.627066 -622.735120 -609.820314 -588.735713 -589.862003 -576.992995 -606.412412 -599.543109 -573.919704 -550.689241 -544.535870 -462.513915 -559.394389 -441.883533 -449.411107 -538.813582 -449.577829 -380.346571 -405.517682 -404.566506 -420.717656 -414.283845 -435.812991 -449.740175 -453.064316 -469.619897 -474.892780 -476.242627 -478.783208 -482.125356
