geotop_simulations/templates/TEST_Venosta_3D_034_template/rec/SoilTemperature0000L0007.asc
ncols         252
nrows         194
xllcorner     598250.000000
yllcorner     5144500.000000
cellsize      250.000000
NODATA_value  -9999.0
[rows 112 to 139 of 194, columns 124 to 185 of 252]
5.315257 9.819776 9.726257 9.575879 9.385722 9.184291 8.951695 8.692317 8.407348 8.096426 11.318903 10.918156 7.042821 6.605713 6.146650 5.608228 4.974794 4.186540 3.382724 2.988613 2.632165 2.279575 1.969464 1.697099 8.161926 1.298786 1.059108 1.013994 7.304113 1.140118 1.325944 1.440092 1.702549 2.001528 2.352116 2.681753 2.892498 3.269857 3.599494 9.626648 10.203806 3.949162 4.188793 4.390978 4.542234 4.982672 8.048127 8.326764 8.538928 8.715072 8.915241 9.073954 9.193768 9.293712 12.032911 11.921257 6.570409 5.467235 5.449409 5.441365 5.417207 5.401828
5.419314 5.344625 5.233731 5.170854 9.606311 9.409020 9.161776 8.898124 8.624727 8.310365 11.501854 11.084065 7.234279 6.790144 6.326518 5.774755 5.140328 4.371628 3.429847 3.037604 2.726997 2.389892 2.059678 1.766048 8.225536 1.397312 0.991313 0.925920 0.931282 0.993940 1.160995 1.347159 1.559143 1.798225 2.058860 2.324903 2.582634 2.826246 6.990110 7.348306 3.748486 4.055260 4.327038 4.548352 4.717988 4.883486 5.026831 5.127815 5.253706 5.375536 5.422562 5.467535 5.537327 9.828728 9.856686 5.604349 5.538775 5.492155 5.464391 8.718482 9.233260 9.129603
9.308148 9.244177 9.136995 5.284870 8.970549 14.617762 9.319099 9.093807 8.851554 8.534803 8.204491 7.863409 7.478343 7.020531 6.518349 5.981570 5.370582 4.586779 3.543051 3.145955 2.754824 2.436660 2.104773 1.803596 7.774194 1.441587 1.381941 1.364277 1.371358 1.427753 1.540540 1.464847 1.666313 1.915612 2.171586 2.440506 2.696101 2.935613 3.155900 3.534234 3.863413 4.148349 4.408509 4.628939 4.823006 4.996539 5.142601 5.260142 5.367910 5.464569 5.546883 5.616135 9.845915 9.860061 9.772618 5.577439 5.511374 5.505683 9.394916 9.263316 9.153773 8.959417
5.514393 5.466420 9.221982 9.154781 9.080115 8.973541 14.476521 9.241287 9.013923 8.722817 8.391222 8.041873 7.672357 7.211279 6.711503 3.760988 3.510782 3.185996 3.382172 3.145971 2.777741 2.425550 2.086259 1.790508 1.532039 1.334299 1.221235 1.244591 1.279525 1.387112 1.588557 1.845379 2.115783 2.403387 2.263003 2.522358 2.780240 3.027275 3.295068 3.654490 3.961256 4.225854 4.462336 4.674234 4.882568 5.047330 9.305911 9.443437 9.551126 5.534108 5.606149 5.668081 9.875505 5.687040 5.587583 5.520489 8.141705 9.462077 9.328876 9.184772 8.998121 8.797146
5.495432 5.455883 5.404856 9.169292 9.156496 9.132548 5.147305 5.201789 8.519316 8.354763 8.322895 7.720738 4.443954 4.257828 4.022430 3.791305 4.204712 4.162087 3.608868 3.777250 2.738819 2.366492 2.039588 1.722695 1.435870 1.233691 1.010088 1.031565 1.085664 1.130346 1.396850 1.734814 2.062502 2.419900 2.758084 2.558365 2.813829 3.067063 3.417833 3.751933 4.037440 4.287105 4.499560 4.697988 4.917584 5.082166 5.225221 5.345126 5.443458 5.528977 5.615456 5.677692 5.697639 9.717328 5.532693 5.486834 9.517543 9.366063 9.207036 9.016096 8.826965 8.609502
5.355692 5.363148 5.314681 5.263067 5.243939 5.239136 9.082489 5.096077 5.017806 4.877710 4.764087 4.605171 4.372737 7.151951 6.804582 5.920517 5.784810 5.064406 4.109725 3.642297 2.642176 2.266365 2.557438 2.240688 2.028163 1.885898 -0.001928 0.712510 0.765326 0.746316 1.222670 1.525511 1.836972 2.276662 2.658055 3.051244 3.421789 3.846957 3.477831 3.803013 4.084029 4.324736 4.529689 4.738853 4.951836 5.100427 5.225291 5.309248 5.374864 5.476885 5.586697 5.634638 5.641060 9.618749 5.485149 9.596904 9.459009 9.286023 9.100180 8.885510 8.676226 8.368531
9.237025 9.359085 9.478462 7.709228 9.360020 9.092577 8.894753 14.791354 8.604646 8.391726 8.017619 7.645610 7.178880 7.045895 6.632071 5.965038 4.861766 4.683815 4.405437 3.466273 2.539123 2.187947 2.363789 2.035958 1.298626 1.141831 0.959428 0.868624 0.709267 0.323046 0.353554 1.337561 1.630081 2.010239 2.450704 2.882678 3.250862 3.826509 4.398901 5.273115 6.088835 4.347228 4.562649 4.776626 4.956768 5.104354 5.197878 5.223264 5.279403 5.389103 5.480600 5.471552 5.457270 6.496110 9.614821 9.540477 9.402449 9.221738 9.011873 8.760387 8.482788 8.162329
8.474569 8.666294 8.828600 8.967103 8.838056 8.234806 8.164825 7.959438 7.822633 7.696864 7.488049 7.209000 6.903549 6.172033 5.799375 5.077169 4.471592 4.772732 4.115191 2.777084 2.518927 2.597157 2.195479 1.367104 1.621054 1.508178 1.439918 1.428087 0.904238 0.980637 1.831601 2.068234 2.357124 2.701627 3.137872 3.538273 3.968895 4.493055 4.196673 5.049381 6.098777 6.836448 5.637487 8.033248 7.440515 7.604797 7.950807 8.359222 8.427855 8.389935 8.503137 9.108244 9.036217 9.018365 9.141396 9.185677 9.240609 8.890462 8.455130 8.312657 8.192886 7.965549
7.723899 7.951015 8.182339 8.527418 8.450148 10.159437 9.695198 9.281393 7.113688 6.937096 6.745506 6.511829 6.268843 6.000394 5.600340 5.070470 4.491942 4.372186 3.406091 2.572313 2.473749 2.210136 2.171649 1.655888 1.410749 1.311783 1.256663 1.265208 0.923343 1.002435 1.124874 1.829968 2.104342 2.423847 2.861847 3.299041 3.706685 4.252632 4.754209 5.534240 6.643507 6.840225 5.665624 8.044719 8.008324 8.213142 8.314732 7.831373 8.376746 7.962213 8.273669 8.474098 8.414702 8.310769 8.441038 8.688512 8.848577 8.535486 8.093160 7.782846 7.739372 7.694310
7.006344 7.307896 7.518654 8.092003 8.095675 10.326457 10.245600 9.650562 8.895460 6.287074 6.046702 5.810963 5.584604 5.372160 5.019954 4.489818 4.035481 3.921966 3.249222 2.942665 2.345381 2.250395 2.289732 1.669476 1.295635 1.155063 1.103211 3.005417 3.034663 1.309634 3.194209 1.642988 1.910087 2.245757 2.667688 3.080734 3.512481 4.061481 4.350930 5.067322 6.330136 7.289282 7.466914 7.849680 7.794052 7.833781 7.712352 7.719936 7.703306 7.971497 7.838302 7.738866 7.786270 7.721949 7.839230 8.056828 8.404583 8.209683 7.780322 7.341014 7.108942 7.148617
6.353775 6.682525 6.833514 7.611097 7.688764 7.242144 9.648517 9.037994 5.922457 5.611262 5.367739 5.094084 4.881036 4.671342 4.348798 4.101218 3.564719 3.608502 3.181640 2.752229 2.692651 2.587413 2.346575 1.753801 1.334560 1.159540 1.086104 1.101748 1.165690 1.266566 3.465667 1.590350 1.838045 2.118011 2.484654 2.874576 3.355106 3.806284 4.095728 4.870194 5.818883 6.973894 7.724999 7.391035 7.554683 7.245337 7.027824 6.988239 6.974380 7.324215 7.411871 7.175387 7.174054 7.063961 7.204108 7.351019 7.460283 7.794236 7.357417 6.892275 6.535985 6.514061
5.918944 6.225516 6.206037 7.352223 7.280740 6.788104 8.980156 5.756519 5.357510 4.956071 4.642078 4.399740 4.222720 3.997205 3.645418 3.687805 3.303085 3.333309 2.917052 2.580776 2.562211 2.512466 2.350286 1.839601 1.409156 1.232453 1.181187 1.190386 1.240745 3.833789 3.873640 1.551318 1.727582 1.967481 2.308241 2.713929 3.070146 3.474448 3.950953 4.792193 5.491379 5.835251 7.209635 7.112822 7.104584 6.663222 6.405869 6.388022 6.225413 6.423074 6.794463 6.641294 6.602770 6.534509 6.680153 6.739081 6.604055 7.308611 6.928604 6.538018 6.159808 5.881284
5.567454 5.689727 5.429992 7.098867 6.828019 6.239419 5.661534 5.197077 4.792908 4.334450 3.899548 3.683889 3.665288 3.440244 2.917184 3.338998 3.067605 3.073233 2.718271 2.405985 2.361477 2.358418 2.311331 1.890136 1.521073 1.321438 1.268953 1.276142 4.108270 4.059544 4.099328 1.521419 1.638283 1.829209 2.237622 2.562563 2.881691 3.357688 3.950652 4.621674 4.155567 5.960900 6.939465 7.169370 6.606272 6.093950 5.771615 5.690860 5.580376 5.663953 6.201533 6.152135 6.050613 5.951448 6.134122 6.257794 5.941869 6.778972 6.459678 6.116611 5.782637 5.264621
5.078726 5.118617 5.475363 6.623130 6.343633 5.686014 5.090679 4.625245 4.167005 3.691316 3.301450 3.066537 3.070071 2.901212 2.366561 2.762704 2.765587 2.766638 2.312467 2.102455 2.065475 2.035943 2.006072 1.908707 1.502970 1.284058 1.229516 1.241101 1.266546 1.324642 1.399489 1.600999 1.760853 1.873433 2.063204 2.421184 2.863483 3.373856 3.856269 3.230016 3.266820 6.393843 6.657970 6.758062 6.054494 5.469433 5.094622 4.947220 4.861984 4.983480 5.446636 5.617010 5.516420 5.230910 5.304490 5.583391 5.359520 6.023001 5.867224 5.543095 5.247237 4.728587
4.602674 4.790588 5.426959 6.222544 5.827133 5.115021 4.488062 4.041142 3.567832 3.172722 2.935040 2.740142 2.693377 2.560844 2.036716 2.416644 2.515853 2.472478 2.007657 1.727902 1.670355 1.646961 1.676375 1.438583 1.199079 1.069553 1.069720 1.158085 1.282840 1.417698 1.582847 1.796090 1.890010 1.904916 2.065650 2.536177 3.052137 3.368009 3.511772 2.584596 4.160955 6.460662 7.031301 6.390766 5.561733 4.861965 4.461592 4.256831 4.127956 4.166203 4.436066 4.901962 4.960907 4.762876 4.617959 4.865411 4.899956 5.451579 5.354191 5.050605 4.743680 4.344361
4.314519 4.368882 5.546188 5.932178 5.313444 4.512059 3.786969 3.397822 3.012841 2.748689 2.571630 2.469865 2.273242 2.251982 1.816887 2.097008 2.499969 2.148507 1.668384 1.439342 1.397457 1.367574 1.175053 0.776292 0.622821 0.666385 0.837889 1.039381 1.273158 1.514919 1.687322 1.803018 1.816700 1.923088 2.277731 2.804081 3.257150 3.476164 2.692324 2.503147 5.885618 6.687019 6.877380 6.097095 5.184788 4.374443 3.900939 3.729886 3.620390 3.644986 3.724508 4.056521 4.322056 4.347697 4.215152 4.349631 4.450834 4.967981 4.901398 4.609968 4.274842 3.913201
4.115114 3.584869 5.542479 5.399123 4.734894 3.819894 3.151553 2.651023 2.296661 2.156204 2.146445 1.872467 1.758974 2.047122 1.731245 1.910336 2.140279 1.537898 1.250311 0.948846 0.703728 0.394375 -0.003570 -0.003541 -0.003480 -0.003389 0.420777 0.814542 1.148491 1.438331 1.611089 1.766771 1.996547 2.386814 2.843985 3.122712 3.573498 3.564289 1.172225 4.308021 6.547696 6.657750 6.638014 5.794305 4.895027 4.070374 3.541478 3.319188 3.242438 3.222620 3.272485 3.374135 3.602109 3.727704 3.800731 3.979828 4.010653 4.522331 4.394359 4.020533 3.583249 3.168182
4.080753 4.107233 5.477445 5.120501 4.261225 3.207764 2.340962 1.846785 1.517958 1.346935 1.269604 1.989046 2.109142 1.497830 1.997248 2.070465 2.071792 -0.003379 -0.003893 -0.004094 -0.004114 -0.003643 -0.003352 -0.003396 -0.003434 -0.003590 -0.003456 0.570634 0.916956 1.316603 1.697299 2.216339 2.768085 4.429697 4.645853 4.569590 4.266475 3.649860 3.222090 5.877966 6.941200 6.719711 6.452159 5.515786 4.605897 3.808716 3.268020 2.921175 2.722339 2.756374 2.805349 2.808108 2.889952 2.993446 3.173894 3.441222 3.508945 4.056874 4.080718 3.739205 3.276343 3.158593
4.103281 4.334768 5.352199 4.889210 3.997580 2.940440 6.905940 5.639406 1.140366 1.402094 6.791360 0.552265 1.451882 1.630458 1.590976 1.609682 1.722894 -0.004923 -0.004692 5.383454 5.080171 -0.003516 5.129439 6.661782 7.881479 8.358101 8.394235 8.436713 1.581477 1.990029 2.486598 2.852571 4.534849 4.787015 5.104253 5.348755 5.027719 4.248067 6.032101 3.779031 7.115831 7.008121 6.515826 5.594366 4.636798 3.779743 3.226492 2.765196 2.376035 2.166535 2.666312 2.225120 2.502642 2.459017 2.591623 2.909873 2.974632 3.508640 3.667809 3.405868 3.048012 2.637648
4.381469 4.372726 5.238627 4.755777 3.851148 8.834168 7.847529 5.903405 5.170409 5.143132 4.250591 4.894259 7.394347 1.382355 1.197989 1.087345 0.456130 -0.005157 -0.002896 -0.002606 4.743847 7.017710 9.336419 10.472364 3.265392 3.402555 3.575480 3.760695 3.978249 4.260102 4.546288 4.609207 4.685716 4.598560 5.174587 6.090532 6.210877 6.252756 6.386456 7.006963 7.059759 7.002393 6.812562 6.141385 5.001613 4.182488 3.519664 2.915187 2.349921 2.451587 6.704342 2.107559 1.745497 2.564464 2.320262 2.395943 2.413161 2.935424 3.548500 3.200789 2.569931 2.265957
4.339982 4.820238 4.830131 4.503243 3.619588 2.239019 5.760844 4.834836 4.966037 3.571168 2.696646 3.538404 6.016128 0.776996 6.439220 5.709569 4.591247 -0.003440 -0.003201 0.247480 8.089683 10.097122 3.280976 3.497069 3.727620 3.832091 4.042327 4.321415 4.566951 4.794615 3.973106 4.323526 4.836103 5.578694 11.458644 11.787880 7.025027 6.724133 6.705502 6.715317 6.608614 6.813386 6.534756 6.332995 5.366616 4.618718 3.823707 3.131400 2.445737 1.746122 1.884994 6.312240 2.152787 2.375564 2.352368 2.278519 1.988990 2.399697 3.327746 2.676557 2.132209 2.101693
4.177586 4.590801 4.589999 4.161602 3.468253 2.199824 5.414101 4.596329 2.716307 -0.007035 -0.010220 2.519860 5.026288 5.848946 4.632807 4.360602 4.328274 -0.003672 6.546647 9.061414 10.538370 11.177323 3.235890 3.455328 4.000332 4.382657 4.763383 5.046400 5.316153 4.514965 4.959476 11.357766 11.609461 11.960245 7.057735 7.418258 7.126107 6.560689 6.460689 6.360298 6.593191 6.151478 5.924973 5.945619 5.617613 4.923478 4.155678 3.405882 2.708509 2.011477 2.613966 7.238419 7.225834 7.267506 1.976956 2.142778 1.681448 1.987529 2.685509 2.869749 2.199539 1.635952
4.416483 4.442770 4.222884 3.997529 3.262711 -0.003215 9.237338 7.858887 5.959343 5.808025 6.384543 7.229170 7.815802 6.613301 4.628344 5.136170 5.215549 5.661668 8.845593 10.251721 10.872679 3.209129 3.423125 3.478191 3.878343 4.695347 5.446006 5.820564 5.271462 5.536759 11.853300 12.074250 12.429667 7.579694 6.582597 3.724953 9.918645 7.110467 6.697739 6.374617 6.021505 5.557688 5.074720 5.300334 5.004736 4.474790 3.739054 3.129996 3.050592 2.253381 3.010077 3.144501 9.088523 7.145889 1.811611 8.764005 9.632346 9.369220 1.643108 2.246887 1.826691 0.631566
4.703362 4.582740 3.858822 3.627325 2.378947 8.405820 8.931920 8.725737 7.530776 8.410699 8.723804 7.881794 7.362577 5.784706 4.689122 5.075911 5.051231 7.494334 9.906289 10.512088 2.902761 3.246257 3.584860 3.700857 3.770480 3.956117 5.011556 11.571081 11.983567 12.295768 12.591085 12.768499 7.828556 7.977238 3.647390 7.246270 9.441710 6.811798 6.493231 6.005507 5.492242 5.062135 4.458453 4.531569 4.792305 4.190392 3.622674 2.802538 2.523176 -0.003383 1.908472 3.478493 3.070237 2.423782 7.693422 7.511605 8.237905 1.320791 1.243458 1.907740 1.698337 -0.003819
4.578100 4.438073 3.606187 2.557585 -0.005991 -0.004609 5.489459 4.888702 4.495569 4.814304 4.653784 4.073480 3.961876 4.618290 5.631817 7.490413 8.685022 10.062460 11.115217 11.773166 12.286752 4.021788 4.478598 4.718627 3.980975 4.259150 5.096645 6.075183 12.332954 12.766633 13.032767 12.894588 8.017471 7.627548 9.584778 6.996942 6.513184 6.065577 6.096523 5.873459 5.283221 4.759968 4.080237 3.939785 4.060149 3.904545 2.985147 2.195754 2.012141 -0.003925 -0.005635 -0.005772 2.079228 2.073347 1.842631 6.610884 7.160780 7.982853 1.190420 1.485993 1.644866 1.527525
4.389462 3.668657 3.401512 -0.003128 -0.005126 -0.032155 2.218030 2.251241 2.244697 2.200865 2.066853 2.692016 4.596400 6.676654 8.969626 10.244566 11.209939 11.878920 12.486484 13.309670 4.327052 4.779437 5.235863 5.666601 4.842575 5.121391 5.649044 6.405545 12.194880 12.765198 13.008463 12.677175 7.922754 9.783177 7.000302 6.449715 5.936575 5.243905 5.035755 5.294008 5.039568 4.514763 3.824306 3.309456 3.260490 2.947042 2.020705 2.072451 0.562594 1.759047 1.227878 0.896112 5.724107 0.844972 1.515734 7.971120 8.322164 8.413448 7.356859 1.047675 1.200481 1.435404
3.303003 3.389819 1.577661 -0.004727 -0.012100 -0.033255 -0.003931 -1.503185 -1.435527 -0.006914 -0.008241 3.548969 6.032588 7.619338 9.698490 10.753032 11.439672 12.135692 3.589930 3.813988 4.004238 4.408690 4.739419 5.183725 5.157321 6.430809 12.361785 12.314791 12.325212 12.861525 12.965124 11.923091 10.017935 8.815382 6.537601 5.897719 5.317741 4.661556 4.159197 4.187466 4.369668 4.168347 3.591926 2.989113 2.651781 2.132005 2.243653 1.513070 1.202918 0.250467 -0.003269 4.231656 5.002821 5.426372 0.071621 7.003526 7.725871 7.187919 6.245416 0.780586 0.905110 1.368266
3.506950 2.529912 1.427507 4.882161 3.573385 2.827968 -0.002516 -0.006444 -0.012243 -0.005546 -0.013899 5.072073 7.130910 7.627542 7.937810 8.960968 10.084464 10.707970 11.056586 11.049013 10.258118 2.831135 3.004815 3.521629 4.367140 5.118725 6.137696 12.227697 12.672014 12.651641 12.244439 8.047472 7.601653 6.833150 6.054441 5.365800 4.738745 4.102495 3.629282 3.381369 3.267862 3.639272 3.003956 2.015539 1.653526 2.421595 2.098985 1.597449 0.867448 -0.003736 -0.005672 4.785519 5.280902 4.875099 4.481351 5.309176 5.856264 5.375557 5.390843 6.228462 1.236094 8.239984
