geotop_simulations/templates/TEST_Venosta_3D_034_template/rec/SoilPressure0000L0001.asc
ncols         252
nrows         194
xllcorner     598250.000000
yllcorner     5144500.000000
cellsize      250.000000
NODATA_value  -9999.0
[rows 72 to 95 of 194, columns 54 to 107 of 252]
-4278.900044 -4319.249170 -4349.531369 -4382.875458 -4430.668409 -4471.960462 -4510.687773 -4522.279159 -4722.692400 -4713.003270 -4796.867721 -4604.513651 -4632.164645 -4477.257120 -4418.515875 -4546.100346 -4656.406504 -4702.146086 -4859.494767 -4794.042181 -4881.959346 272.622100 199.556997 -5596.421013 -5563.444225 -5514.524230 -5456.809827 -5392.575646 -5322.382575 -5268.881167 -5209.472457 -4516.608835 -4437.229127 -4439.972023 -4301.505861 -4127.380917 -4134.132911 -4206.316907 -4151.946475 -4031.876491 -3927.430665 -3833.596873 -3834.470391 -3837.664081 -3947.400197 -4027.349520 -4045.887407 -4018.245966 -3966.073696 -3931.165938 -3932.255598 -3993.965890 -4011.212885 -3981.982493
-4283.471787 -4324.977470 -4244.440048 -4263.801611 -4445.143522 -4485.053926 -4540.803065 -4571.011455 -4540.544661 -4530.076776 -4560.879931 -4606.893498 -4672.664359 -4570.614817 -4521.694589 -4541.079878 -4671.235429 -4740.761356 -4969.144186 -4961.897463 -4954.500732 10.225984 177.824210 -5637.554774 -5598.361477 -5537.756829 -5471.795821 -5386.907919 -5218.057642 -4601.410101 -4570.124581 -4534.001099 -4530.350741 -4484.725791 -4294.566158 -4057.558950 -4040.782448 -4155.472752 -4160.932848 -4116.975841 -4093.646161 -4013.455737 -3941.511648 -3966.970459 -4035.919706 -4042.596795 -4023.456244 -3996.727086 -3966.448744 -3957.548610 -3935.517290 -4004.251590 -4038.863001 -4005.016153
-5033.080372 -4334.316167 -4299.055077 -4322.550209 -4335.848755 -4527.756699 -4568.113104 -4597.874844 -4601.724833 -4610.285550 -4599.885562 -4566.253368 -4616.472857 -4743.679388 -4664.218969 -4677.784437 -4707.468943 -4687.220939 -4850.887163 -5022.844803 -5081.862411 5.954592 146.042353 -5684.927630 -5632.367698 -5573.553835 -5490.003266 -5373.223736 -4783.990890 -4674.637494 -4628.714839 -4612.763528 -4531.646601 -4470.278133 -4266.309596 -4021.074579 -3960.577811 -4010.205281 -4070.905323 -4100.136211 -4049.002286 -4075.927167 -4057.697087 -4057.328510 -4047.973882 -4019.918564 -3996.679171 -3987.782383 -3985.416708 -3990.888530 -3952.630005 -3994.950541 -4779.270929 -4042.122943
-4830.804042 -5124.589170 -5240.273893 -4371.551532 -4378.073702 -4424.184381 -4490.007598 -4503.528331 -4665.753937 -4705.354444 -4734.140743 -4698.677451 -4545.827198 -4584.215525 -4767.464965 -4885.814610 -4822.785655 -4685.317965 -4755.534680 -5682.480328 -5504.612369 81.343237 114.558496 -5708.082087 -5652.672672 -5588.003926 -5457.546124 -4914.939510 -4856.299786 -4785.961524 -4708.615055 -4624.757575 -4526.183373 -4449.196700 -4261.766648 -4034.239736 -3954.108408 -3922.086339 -3954.906504 -4009.273384 -4064.647432 -4086.456412 -4115.189829 -4082.726286 -4040.460624 -3987.820215 -3970.759670 -3991.321816 -4005.573054 -4021.061217 -4006.304596 -3993.725564 -4036.601699 -4728.781548
-3902.662640 -4933.901165 -5185.720630 -4391.538140 -4431.008201 -4494.168849 -4542.792154 -4569.492019 -4704.575329 -4693.296718 -4737.528132 -4593.458658 -4662.785399 -4682.976306 -4679.636543 -4857.827689 -4943.415306 -4842.363966 -4781.395952 -5623.662730 262.222142 201.449438 87.335754 -5734.100082 -5671.519809 -5544.740659 -5074.746703 -4985.992169 -4885.434881 -4825.627086 -4744.524108 -4641.706563 -4548.634881 -4471.534271 -4313.797905 -4148.384849 -4048.239317 -3981.719513 -3963.189321 -3999.226388 -4048.747948 -4097.591019 -4109.143508 -4073.967659 -4022.800840 -3968.397021 -3944.188166 -3983.772681 -4012.293357 -4027.647410 -4036.426533 -4031.491523 -4031.767920 -4658.114206
-3862.892411 -4044.254337 -5029.080512 -5255.222497 -4472.091261 -4532.442258 -4573.842133 -4635.762538 -4643.225658 -4711.324124 -4649.275977 -4545.666378 -4627.895045 -4724.738103 -4742.649501 -4784.892781 -4857.674073 -4854.239840 -4844.023870 -5655.218334 217.445486 269.805120 65.198394 -5150.772787 -5704.013064 -5219.064657 -5158.258381 -4969.560135 -4869.391316 -4852.594405 -4763.589664 -4646.714185 -4562.619428 -4511.919483 -4399.184186 -4421.265049 -4192.127561 -4217.426187 -4121.923743 -4079.596276 -4097.199384 -4122.386559 -4088.966873 -4059.902911 -4020.433871 -3983.170609 -3977.082759 -3987.927479 -4017.411092 -4031.517120 -4027.179456 -4752.817846 -4700.209750 -3653.244834
-3884.394041 -4608.775888 -4106.051708 -5058.271434 -5317.643012 -4540.598224 -4618.269934 -4680.346619 -4712.913570 -4704.866395 -4775.451494 -4614.767005 -4632.024277 -4737.456878 -5505.162781 -5496.110377 -5513.755462 -4865.126818 -5394.211082 -5633.201080 172.506931 315.365162 49.815487 -5155.050022 -5734.697545 -5347.944893 -5221.440348 -4981.055059 -5349.167024 -4863.115265 -4769.913389 -4648.641385 -5369.416727 -5360.397579 -4405.542256 -4314.468819 -4260.548529 -4208.444175 -4154.000265 -4239.800331 -4205.615074 -4157.183302 -4094.394732 -4051.041484 -4010.520293 -3785.537877 -3851.454564 -4005.470991 -4749.687174 -4751.289649 -4724.873886 -4703.158302 -4270.912329 -3702.849632
-3898.209639 -3957.484974 -4058.365829 -4137.319639 -4997.498468 -5348.404806 -5493.764213 -4698.073833 -4752.227894 -4779.347813 -4739.422455 -4715.888943 -4726.161788 -5639.409281 -5601.645217 -5526.313651 -4874.764647 -5565.636802 -5460.429916 -5648.486889 140.395599 350.207584 40.047584 -5165.151448 -5798.767018 -5389.124836 -5230.504017 -5684.223717 -5582.923971 -4866.898836 -5501.672572 -5468.179828 -5410.766554 -4500.127509 -4417.549019 -4355.676220 -4307.059675 -4249.899836 -4336.571590 -4303.800608 -4255.191512 -4168.923284 -4093.884816 -4054.702710 -3996.333071 -3798.349206 -3863.113732 -4007.846478 -4738.507570 -4720.174528 -4673.135604 -4515.833837 -4246.615931 -3861.818224
-3929.267944 -3943.112208 -3977.990976 -3971.237425 -4020.523120 -5009.882451 -5449.073918 -4694.101800 -4774.255902 -4811.267822 -4785.111037 -4778.462031 -4794.342339 -5733.755240 -5698.366131 -5607.132019 -4907.293966 -5575.305100 -4966.970814 -5102.396903 122.522810 367.573028 29.666574 -5739.385155 -5800.170077 -5368.860508 -5202.752017 -5748.902865 -5660.577103 -5595.794494 -5549.262010 -5488.758581 -5424.686618 -4517.396468 -4436.625997 -4397.643312 -4354.118462 -4292.048832 -4252.849572 -4213.029023 -4270.323343 -4191.375686 -4112.918370 -4084.249638 -4032.919311 -3986.811609 -3851.631849 -3994.235159 -4714.898552 -4679.692361 -4618.733805 -4241.759803 -4157.031451 -4027.187416
-3752.379585 -3835.244197 -3885.218388 -3876.338218 -3876.611390 -3993.840476 -4955.282396 -5433.440427 -4763.306047 -4829.445652 -4838.379070 -4837.341733 -4819.408174 -5770.766898 -5718.744373 -5639.128519 -5009.610246 -4976.456226 -5715.124276 -5796.251944 204.947654 321.612324 15.212063 -5153.629152 -5774.952747 -5319.345806 -5170.663180 -5738.735595 -4988.546939 -4870.220844 -4791.155473 -4716.550810 -4633.437679 -4538.321385 -4470.426727 -4448.299312 -4410.598059 -4357.273756 -4326.064290 -4271.729684 -4294.148767 -4223.850782 -4123.869836 -3920.550956 -3925.307623 -3915.457995 -3894.949523 -4003.260494 -4687.840248 -4676.231789 -4274.612706 -4273.131207 -4189.572139 -4075.982447
-3935.533102 -3907.263590 -3904.404760 -3876.091521 -3881.430606 -3877.801963 -4015.068014 -4827.668428 -4580.684505 -4788.951635 -5731.980859 -5758.303170 -5708.441949 -5737.737777 -4949.213745 -4891.488013 -4945.206759 -4955.325919 -5082.568713 -5742.854907 287.825033 260.030122 -777.965116 -5139.845080 -5761.543705 -5266.968622 -5149.500431 -5727.522921 -4983.911073 -4885.169089 -4822.598174 -4754.539865 -4692.572795 -4594.674571 -5283.212908 -5247.993623 -5190.230919 -4434.777061 -4381.875800 -4311.528895 -4238.809496 -4260.281320 -4139.971916 -3925.408555 -3936.863504 -3948.567944 -3952.024528 -4684.391759 -4677.276148 -4650.236073 -4330.273240 -4269.029242 -4178.856367 -4104.310651
-4094.201906 -4016.961503 -3973.506617 -3877.041659 -3899.717088 -3892.222112 -3956.377945 -4081.767657 -4210.234440 -4544.903808 -4765.051312 -4840.411684 -4837.386448 -4871.951758 -4874.684199 -4761.948550 -4810.247155 -4706.526591 -4867.077148 -5018.611996 367.684375 221.458312 -4758.789156 -5115.930305 -5604.407402 -5627.081688 -5129.687414 -5699.191236 -5653.999149 -5607.681212 -4861.882636 -4799.514400 -4761.030786 -4659.079654 -4558.737201 -4549.955374 -5145.987972 -4487.799314 -4414.026159 -4334.076523 -4284.212994 -4217.516402 -4184.312239 -3957.978893 -3949.964003 -3995.449209 -4737.825568 -4682.029351 -4662.879758 -4284.225929 -4304.906266 -4252.378007 -4154.195900 -4087.669297
-4268.289135 -4211.368637 -4076.195732 -3982.689515 -3896.328713 -3882.819069 -3952.627769 -4030.367206 -4064.573875 -4248.648360 -4433.194694 -4579.390853 -4640.016323 -4665.714699 -4844.773147 -4866.981182 -4753.206803 -4530.844836 -4826.039349 -5043.508441 377.750018 363.458828 -4376.015040 -5089.063324 -5524.327285 -5534.688334 -5538.596770 -5619.421324 -5577.747316 -5545.635086 -5516.121887 -4835.219210 -4788.708944 -4707.885100 -4637.850985 -5229.128890 -5172.894907 -4513.177761 -4447.910865 -4372.730931 -4323.435864 -4254.688544 -4094.345857 -3983.913218 -3960.998505 -4842.381245 -4799.910434 -4711.007323 -4603.425104 -4239.612128 -4511.816414 -4548.181093 -4147.456760 -4054.623622
-4156.029037 -4175.399831 -4312.220711 -4208.294044 -4108.157503 -3989.597386 -4068.745288 -4143.652682 -4162.935687 -4275.777952 -4362.569983 -4498.376891 -4555.317668 -4632.259907 -4529.578174 -4704.991627 -4629.470562 -4547.143859 -4515.562148 -4819.623169 191.507503 396.069434 217.639749 -4571.399402 -5508.914183 -5442.123577 -5450.213260 -5438.272972 -5487.592146 -5467.692048 -5456.519328 -5434.545880 -5404.705313 -5348.949267 -4724.907202 -5207.251596 -5178.027007 -5145.686503 -4483.613493 -4417.119176 -4359.291911 -4276.770619 -4104.720896 -3994.693411 -3963.642445 -4091.307516 -4840.481173 -4694.919740 -4270.488787 -4178.707573 -4516.340138 -4494.907427 -4088.438009 -3969.073899
-4102.171091 -4158.536876 -4208.556554 -4376.459740 -4334.486068 -4110.183835 -4171.750115 -4267.392648 -4277.227034 -4278.114599 -4382.272825 -4401.946105 -4431.977147 -4533.879395 -4630.925154 -4587.778203 -4502.442654 -4471.372000 -4413.660017 -4551.175807 -4888.436976 284.879466 313.191218 113.567445 48.301774 22.166379 -4893.793394 -5392.591665 -5451.334806 -5411.057308 -5396.004380 -5374.115228 -5350.558961 -5326.774365 -4775.539706 -5214.961950 -5171.785645 -5142.957703 -5108.469336 -4458.186379 -4386.261976 -4286.887888 -4109.252379 -3994.834348 -4011.561500 -4140.887865 -4137.313850 -4655.223050 -4596.453134 -4543.238572 -4085.207915 -4016.267984 -3898.420029 -3804.430234
-3931.169375 -3956.424771 -4154.876102 -4202.781316 -4193.495381 -4169.222136 -4164.190814 -4184.023616 -4170.532487 -4164.350272 -4229.433823 -4281.645939 -4356.193089 -4477.673199 -4581.212221 -4564.982393 -4472.551457 -4420.947816 -4416.653560 -4400.300966 -4674.578818 7.310631 238.689010 166.299944 84.071047 48.819999 24.380262 -5431.749733 -5409.300325 -5330.629771 -5288.832526 -5303.162693 -5313.289280 -5333.030192 -4709.175338 -4641.470703 -5185.884920 -5147.689776 -5118.750728 -4464.270100 -4412.696894 -4338.952149 -4136.269474 -4028.796927 -4110.124872 -4205.382514 -4604.038818 -4278.473977 -4250.148927 -4140.390527 -4066.039483 -3912.235867 -3691.043608 -3525.930579
-3454.928537 -3513.018443 -3867.716175 -4090.695533 -4182.105993 -4160.803916 -4023.882901 -4002.611498 -3989.380778 -4069.529283 -4163.315105 -4248.696032 -4377.940893 -4493.808570 -4547.437615 -4553.444430 -4494.142573 -4435.056855 -4452.888414 -4403.458358 -4544.822741 -4785.581160 166.712535 180.162401 108.033993 72.643136 50.216109 -4775.317587 -5379.261612 -4788.287101 -4675.613059 -4665.620813 -5262.276932 -5296.573908 -5287.339722 -4667.981025 -4604.779845 -4541.106122 -4521.003703 -4483.805991 -4418.348092 -4341.915763 -4960.377465 -4805.206387 -4157.310057 -4240.885327 -4320.986728 -4355.695731 -4282.040183 -4232.350316 -4181.867928 -4024.725258 -3847.625954 -3730.526789
-3555.604621 -3562.576868 -3516.334802 -3585.826881 -3702.273744 -3727.762013 -3838.553261 -4004.152831 -4092.955152 -4157.944360 -4239.672772 -4316.144455 -4580.832414 -4552.491975 -4586.961246 -4594.785881 -4560.494416 -4511.174091 -4510.540793 -4471.710387 -4564.757450 -5255.340206 113.612398 169.651104 119.416236 91.227410 82.809523 5.297074 -5372.533207 -5388.324325 -4724.304299 -4655.570529 -5229.832827 -5267.721308 -5275.232967 -5255.684665 -4628.700821 -4561.752313 -5156.701686 -5135.169224 -4400.996277 -5040.767197 -4997.223918 -4283.993562 -4222.840162 -4262.354824 -4365.807456 -4355.384776 -4280.549328 -4237.394268 -4190.903740 -4044.317817 -3908.102607 -3854.005568
-3623.931102 -3570.474380 -3506.021338 -3509.885480 -3678.145384 -3796.199241 -3961.803775 -4138.548112 -4235.284884 -4222.700680 -4391.196628 -4442.288663 -4528.963302 -4613.933440 -4667.297693 -4675.534289 -4564.706573 -4539.173139 -4545.078323 -4597.612036 -4647.985820 -5287.164486 5.955976 140.891086 123.028243 105.161458 104.767116 5.343051 -5230.751378 -5350.682616 -5338.382412 -5265.857709 -5210.942553 -5229.850954 -5249.228714 -5235.273047 -5208.039796 -5171.626614 -5135.705162 -4478.155854 -4414.369859 -4388.108613 -4356.031247 -4357.583304 -4347.130782 -4375.205097 -4361.128177 -4277.704711 -4211.584270 -4145.764152 -4114.980636 -4037.360624 -3927.830236 -3890.048017
-3877.884284 -3877.458013 -3927.271405 -4000.083674 -4101.335630 -4208.024526 -4237.062006 -4103.900447 -4215.578966 -4382.210044 -4321.296670 -4334.471750 -4429.846282 -4507.586329 -4580.589952 -4591.769152 -4570.742638 -4559.477504 -4585.239995 -4639.289345 -5300.064904 -4748.125756 -4769.556211 6.173135 115.857140 128.156246 141.767089 6.001297 -5133.388383 -5193.727212 -5201.097688 -5193.389230 -5163.800795 -5160.629546 -5198.394362 -5211.827314 -5191.713605 -5153.670106 -5107.565872 -5041.390091 -4409.763610 -4467.247392 -4452.745356 -4455.652221 -4441.452737 -4432.217420 -4353.225605 -4232.994661 -4132.069006 -3992.602311 -3977.469877 -3982.494068 -3903.535288 -3874.341577
-3988.084187 -3998.469033 -4024.551426 -3827.443743 -4115.595292 -4018.171102 -4037.627249 -4039.145452 -4254.958777 -4328.404660 -4290.106626 -4277.486868 -4332.177726 -4406.076813 -4466.003886 -4487.261558 -4508.679625 -4527.013739 -4573.603798 -5210.223928 -3501.871874 -3071.865392 -3636.548210 -4689.077772 5.336402 5.669961 5.746605 -4693.094824 -5089.173781 -5074.579164 -5059.184062 -5034.433201 -5086.902093 -5140.593848 -4629.399743 -5147.142066 -5178.966764 -5139.359034 -5086.207705 -4445.626815 -4941.884387 -4561.122201 -4575.722794 -4274.850383 -4402.508521 -4211.710215 -4164.410169 -4097.098685 -4136.366177 -3951.156703 -3831.284702 -3840.296763 -3820.312439 -3810.719660
-3967.694008 -3953.590847 -3682.143380 -3788.700343 -3879.449462 -4006.962752 -4071.133847 -3994.773830 -4016.208741 -4238.979187 -4255.029628 -4254.728091 -4357.171442 -4412.191200 -4427.028121 -4454.002160 -4480.553834 -3435.512420 -5078.218564 1421.418079 -2531.733180 -4666.612737 -4574.256251 -4591.188243 -5079.909760 -4654.576152 -4638.828725 -4627.060919 -4637.111986 -4650.691515 -4645.109321 -4611.081706 -4672.716517 -4995.396062 -4518.391426 -4592.256164 -5110.677629 -5130.182265 -5053.025375 -4950.258863 -4569.722406 -4605.530331 -4375.069629 -4279.184357 -4177.281623 -4302.916988 -4240.371141 -4149.113684 -4089.279487 -3994.560086 -3842.494545 -3700.898680 -3687.860593 -3712.715560
-3735.847800 -3710.451311 -3622.362089 -3725.474244 -3857.556148 -4025.538311 -4110.304977 -4022.798649 -3993.960069 -4064.408157 -4175.643204 -4214.828099 -4327.812182 -4393.901298 -4421.815104 -4363.380863 -4911.454990 1499.038409 -4221.223535 -4667.603210 -4599.419008 -4634.854455 -4549.832871 -4570.792331 -4432.143854 -4555.233938 -4573.659787 -4557.802644 -4565.576940 -4599.260959 -4619.468311 -4537.869244 -3412.434284 -3822.943846 -3526.121612 -3355.287308 -3342.266601 -5061.351698 -5040.108928 -4658.020264 -4892.145227 -4634.644268 -4401.899713 -4309.615086 -4360.634794 -4261.398798 -4180.226172 -4066.398713 -3965.725238 -3950.159214 -3886.455402 -3687.778027 -3507.108053 -3514.551676
-3747.068908 -3749.085282 -3623.275519 -3600.165439 -3805.251320 -4039.512801 -4133.362224 -4042.236944 -4021.578704 -4050.066657 -4131.960480 -4210.548790 -4261.149463 -4337.445273 -4384.057064 -4640.461688 -4588.412375 -4496.510920 -4490.638819 -4482.850362 -4542.823816 -4533.657993 -4416.417363 -4284.533948 -4313.431812 -4761.211189 -4917.012789 -4924.313405 -4509.976026 -4538.529477 -4571.940911 -2967.974830 880.330703 -3290.799286 -3563.685674 -3417.378001 -3333.148612 -4983.032961 -5011.472174 -4995.095346 -4949.222523 -4497.825250 -4434.395536 -4459.568028 -4385.652527 -4292.104105 -4156.733184 -4047.839528 -3920.254142 -3849.570075 -3838.280163 -3720.555623 -3531.379657 -3391.863164
