geotop_simulations/templates/TEST_Venosta_3D_034_template/rec/SoilPressure0000L0001.asc
ncols         252
nrows         194
xllcorner     598250.000000
yllcorner     5144500.000000
cellsize      250.000000
NODATA_value  -9999.0
[rows 96 to 119 of 194, columns 162 to 215 of 252]
-17502.945829 -3676.616572 -4128.630991 -5739.531139 -6180.999208 -1537.626605 -2960.503955 -1915.191122 -1533.377246 -6957.161188 -14000.568545 -7491.240517 -3623.435938 -8062.130389 -14575.836799 -24198.182426 -1197.697852 -1887.498045 -1144.139717 -1946.352006 -5742.551214 -4591.542195 -2216.727686 -2705.618442 -2567.892745 -1693.862427 -1767.361961 -3260.024296 -2928.839358 -2608.297723 -1854.911683 -1595.675164 -1190.464132 -961.160183 -1165.680805 -918.616915 -761.265675 -793.725918 -731.770517 -643.252530 -2056.463349 -542.074185 -544.472203 -521.338754 5.239576 5.942209 5.741680 11.803683 -632.601514 -19910.939735 -52251.275713 -132943.405251 -170670.918965 -176993.927427
-5928.305639 -1511.304327 -2661.815715 -6278.898113 -1492.653487 -1088.616488 -1089.457011 -1197.054120 -1317.767504 -4842.728990 -4856.627612 -4741.222204 -3600.217924 -2483.185301 -12128.363890 -14847.396320 -10326.867988 -3257.374185 -3175.264539 -1568.914915 -1905.763729 -2365.411807 -4110.892235 -1597.060195 -1386.220253 -1249.414651 -1184.340210 -1394.104518 -3236.127171 -4280.882865 -1592.348305 -1654.479555 -1203.832502 -787.391968 -702.088137 -733.571781 -745.502975 -737.889592 -642.671894 -603.184346 -636.560266 -619.130000 -558.905090 -539.640707 -576.344457 -583.624946 -419.815073 90.625148 5.142111 -2256.867996 -8941.757840 -53157.996182 -130538.873722 -141106.133647
-1126.715216 -908.820952 -1428.696492 -1561.902771 -1889.493160 -900.688244 -1322.120006 -1215.545507 -1375.711949 -1738.250607 -1878.373154 -2176.337916 -4087.702564 -4431.629467 -3349.067238 -4213.470219 -16953.496765 -21894.286706 -4152.189145 -1526.467087 -1520.401143 -5585.476060 -9424.405892 -2818.886715 -1279.333091 -1065.443317 -1458.634400 -1255.104275 -2106.281516 -2123.068868 -1715.770147 -1716.704588 -914.901583 -784.100699 -665.240933 -648.947199 -633.838060 -607.484525 -552.316136 -563.604030 -568.283746 -584.802590 -652.139212 -658.607266 -635.535308 -572.850544 -424.620891 28.808760 -159330.731735 -642.511573 -522.792496 -2988.838366 -37072.835834 -44513.874763
-1118.543379 -755.097488 -2866.235961 -4738.580686 -1544.968672 -905.625283 -819.006400 -837.401406 -830.600311 -1372.172783 -3184.741415 -2787.630864 -1943.421498 -7202.792788 -4677.434222 -6269.104198 -8298.949067 -9147.285491 -3551.998653 -1426.907995 -1251.480328 -1707.850999 -3489.028160 -3316.963254 -2760.119285 -1104.066067 -1279.263881 -1873.521635 -1917.289428 -2717.838099 -3001.241004 -1621.738338 -1096.883095 -718.842171 -679.979955 -627.809738 -603.004585 -555.060496 -489.102392 -516.180141 -559.810922 -586.691773 -566.089623 -594.067376 -627.913799 -682.526373 -699.133181 11.847273 -301.934741 -5510.240234 -140.084852 -602.567229 -1612.205578 -3373.404815
-1009.619534 -564.291004 -1522.038542 -2101.391258 -2479.636318 -1016.440308 -642.999962 -668.458782 -739.077781 -1032.560543 -2893.503281 -2684.277128 -2213.752778 -3925.897031 -2869.085890 -2499.943945 -25197.257040 -22098.175696 -17459.752161 -2312.198295 -1443.049463 -1571.577789 -2878.327075 -2813.241047 -3063.031119 -1335.981561 -998.008248 -1573.617333 -2982.122820 -3145.094543 -3077.828634 -2621.348697 -1144.392805 -956.372432 -772.136433 -631.209621 -593.005335 -569.494103 -470.192317 -498.302011 -526.264793 -524.901099 -543.755699 -560.983663 -564.461552 -566.554386 -604.364283 18.011947 5.388993 5.359460 -548.848656 -573.975203 -334.893726 -530.269884
-835.298753 -575.154727 -823.245338 -2697.381835 -2244.810501 -1994.671588 -699.580903 -606.991603 -741.502430 -1179.371279 -2835.876612 -3222.918235 -2852.934924 -2835.099603 -2929.558719 -4143.051333 -3758.444403 -3570.078867 -3584.025490 -3932.811897 -2118.803477 -1796.431852 -2910.078818 -2667.723722 -2720.108351 -2510.265485 -1685.776717 -3254.216364 -3570.002520 -3221.004218 -3112.124701 -2879.432520 -1531.932152 -1123.007375 -927.503469 -711.994079 -610.911357 -591.860419 -511.242221 -504.069460 -526.483268 -525.060552 -531.567393 -550.885927 -557.017734 -543.191680 -554.373602 5.905556 -354.389389 1466.034751 1833.381814 964.219365 -526.900185 -5442.318973
-950.197205 -794.225997 -659.944503 -2343.118211 -2874.135597 -2784.991124 -928.107470 -687.475956 -805.676222 -3210.229781 -3120.471066 -3141.690597 -3335.439973 -3185.613511 -3039.137705 -3384.381252 -3429.871698 -3524.675712 -3427.830466 -3026.991575 -2640.944895 -1794.734691 -2864.289218 -2874.547244 -3141.408073 -3054.208818 -3621.263632 -3453.336603 -3139.070437 -3248.295470 -3251.750510 -3148.037049 -2355.371785 -1503.096005 -1097.648686 -825.628602 -814.668506 -649.111646 -562.869189 -536.173676 -544.481105 -547.310456 -496.893922 372.732012 627.666415 2518.780065 6996.676134 7690.863971 6859.048617 3022.110922 14.333852 12.420688 -3.297498 -21.878438
-739.354001 -785.034379 -725.030296 -2925.290158 -3100.592396 -3053.334004 -2584.655823 -805.215172 -2289.348942 -3266.914481 -3289.215355 -3301.708912 -3413.520763 -3369.305705 -3333.745079 -3280.370864 -3321.476948 -3374.659232 -3532.975384 -3388.069348 -2913.900632 -1809.660171 -2582.553359 -3060.729493 -3245.451701 -3861.430166 -3774.196081 -3705.471928 -3610.296425 -3109.035926 -3308.568497 -3281.665986 -3032.130439 -2605.767995 -1615.921176 -1219.177042 -1124.769450 -761.054242 -625.581379 -583.823686 -570.669522 6020.127161 16971.989940 21278.382014 18697.945841 13736.183177 8638.975080 2333.828899 8.155057 10.953048 12.646838 12.534617 7.427897 -2.141238
-653.833412 -675.213837 -805.966009 -3084.280229 -3162.032630 -3149.810735 -2823.935420 -1381.758047 -3120.820086 -3356.403965 -3396.352102 -3383.585039 -3850.243272 -3452.912522 -3405.022426 -3354.935669 -3399.414143 -3430.804081 -3390.444769 -3523.339923 -3389.693552 -2693.337464 -1845.216183 -3058.347162 -3291.866114 -3381.101192 -3907.117978 -3819.329533 -3658.551081 -3090.358636 -3304.461483 -3393.476580 -3256.303712 -3051.079404 -2709.120880 -2370.187883 -1074.297281 -873.293452 -697.303641 -630.559718 5837.085203 17397.514089 25641.201719 26292.694871 15099.298219 11033.463555 451.079022 -401.766435 6.990359 10.101624 12.697200 13.175723 11.477021 10.071899
-643.879073 -636.870673 -1179.451193 -3100.113017 -3210.414463 -3187.129594 -3000.520465 -2955.829205 -3376.316290 -3522.568841 -3493.799053 -3900.190261 -4015.859248 -4074.879348 -4111.455051 -4156.811154 -3432.125349 -3422.181760 -3584.077614 -3565.866286 -3525.246292 -3103.715889 -2869.245477 -3070.456371 -3233.817657 -3470.333390 -3422.058049 -3274.714808 -3332.622808 -3293.782910 -3321.094988 -3428.736781 -3392.917108 -3259.984256 -3138.352654 -2578.510654 -1414.733414 -979.932272 119.173685 5445.475571 13675.379170 14748.693275 20794.651855 20043.047566 13558.268940 3889.831376 115.650962 -511.486029 -113.442708 9.750737 12.646854 13.863470 12.805778 11.785257
-632.849123 -627.065591 -1128.255955 -3130.000016 -3275.719803 -3271.289718 -3173.749977 -3227.229783 -3503.231202 -3509.875984 -3520.467625 -3518.122963 -3479.010205 -3501.953945 -3523.718557 -3641.587971 -3633.882997 -3466.363665 -3454.454760 -3469.820291 -3462.062848 -3417.765742 -3319.592220 -3051.982409 -3112.941162 -3470.467931 -3461.766747 -3367.005694 -3410.182873 -3422.617893 -3428.470096 -3354.221645 -3356.326803 -3261.711453 32.567765 3131.609776 6360.074268 8947.534372 11855.051634 14440.144823 13079.236825 11231.670833 6070.765841 2230.422621 165.792683 -598.677170 -576.411302 -554.700585 -407.799829 9.598531 12.109817 14.354093 13.800019 10.930126
-656.720999 -674.974180 -1165.889815 -3154.274746 -3276.640249 -3350.656590 -3367.863213 -3392.941593 -3495.186806 -3610.240350 -3550.860042 -3555.176362 -3540.484927 -3585.419362 -3670.841119 -3659.675607 -3644.173117 -3559.557404 -3565.795423 -3571.779423 -3570.037252 -3650.447074 -3540.019771 -3376.270007 -3208.643324 -3464.468252 -3359.414250 -3332.740838 -3503.186646 -3516.051574 -3443.160227 -3413.402988 -521.818499 5646.265413 16216.762366 18372.016734 17396.014552 16180.559489 14497.791783 13761.241803 4355.301497 -704.904426 -682.836833 -620.732149 -579.742125 -661.593670 -541.159620 -517.666870 -557.111576 -263.948593 10.501015 14.178665 13.838004 11.080742
-683.437589 -746.157139 -1369.798770 -3164.714372 -3295.518953 -3392.189728 -3443.768653 -3482.058079 -3564.841040 -3564.997482 -3617.765575 -3624.500902 -3633.751243 -3665.535961 -3670.722185 -3618.598379 -3670.417715 -3712.148220 -3679.966017 -3667.445041 -3649.912726 -3684.543846 -3667.920393 -3553.358346 -3438.005123 -3470.139931 -3423.914571 -3450.075171 -3477.032527 -3477.933113 -3233.951360 6.374082 3708.321004 10346.337134 15775.466955 15927.782113 17442.284975 3750.700718 26.255461 -541.376977 -713.987170 -841.420607 -797.640814 -714.152348 -647.497062 -617.159551 -597.353790 -574.901968 -531.663013 -459.123914 5.621551 12.838710 13.970038 11.312403
-715.887523 -820.513601 -1657.525648 -3072.461086 -3268.162694 -3424.588795 -3491.862167 -3521.468018 -3525.979151 -3587.721393 -3665.422742 -3687.717165 -3705.732699 -3721.242146 -3715.401393 -3694.896257 -3717.082927 -3784.500366 -3781.237718 -3758.022759 -3733.174988 -3700.118765 -3684.183387 -3689.525676 -3549.408254 -3506.323913 -3528.017120 -3529.095450 -3532.335669 -133.284999 4723.419020 6768.009315 8915.853747 11575.926368 21055.558985 14201.799194 2885.967661 -634.265449 -1501.039687 -812.374469 -877.686821 -768.433409 -735.215279 -684.761874 -636.941446 -598.281556 -581.713565 -548.393129 -511.026159 -437.917037 -417.070054 5.835881 -16.496956 13.036469
-763.374898 -995.898098 -2985.595791 -3054.157166 -3285.033861 -3410.477487 -3487.501741 -3564.083493 -3611.563802 -3663.217417 -3687.950529 -3721.028414 -3738.348826 -3734.073408 -3723.510030 -3737.003334 -3774.563051 -3850.068693 -3802.372907 -3796.975439 -3787.575639 -3755.286520 -3733.221248 -3736.974982 -3701.028324 5.699941 62.226093 84.410975 101.671425 295.987277 3401.723896 3808.095109 4268.555868 4656.434475 5952.415345 916.000832 -3055.967696 -2204.421370 -1556.561189 -807.995296 -679.998952 -698.267334 -698.514374 -668.292021 -629.395151 -598.187066 -581.470889 -531.958149 -509.265096 -433.131019 -401.302410 5.835536 16.019380 8.400862
-828.418801 -2957.050682 -3067.914670 -3067.723885 -3293.450242 -3433.146728 -3496.387981 -3542.487071 -3614.297055 -3676.005064 -3726.396927 -3753.120175 -3766.897295 -3745.063520 -3751.402421 -3793.409206 -3893.510442 -3910.062622 -3898.152722 -3847.367241 -3843.160138 -3805.918002 -3745.633938 87.990806 115.712771 107.879833 79.155652 54.995610 42.751643 28.241023 12.888810 -3470.211830 -3412.972939 -3283.371516 -3111.713307 -2983.355610 -3220.919877 -2783.671797 -1789.506491 -1110.822359 -806.612988 -644.174039 -684.355890 -709.862890 -629.406441 -594.602291 -565.711829 -528.959886 -458.627220 -447.701430 -455.760059 5.804420 16.742864 -678.519059
-434.242230 -724.951263 11.899413 914.406248 1752.209906 29.276560 1077.455066 28.483124 -3628.117239 -3703.458101 -3745.035776 -3768.519637 -3798.415215 -3811.021132 -3821.803125 -3830.836024 5.210828 5.383216 5.505205 32.372173 63.891023 110.276778 152.239044 88.477890 48.116125 34.868896 25.321388 13.423691 -148.849837 -3540.031831 -3485.893042 -3386.548915 -3278.179007 -3356.241619 -3269.182760 -3146.472790 -3060.293584 -2978.333823 -1558.179383 -1026.572921 -780.203214 -585.853637 -685.645353 -672.160404 -626.976606 -578.293068 -565.033822 -539.667179 -439.532210 -369.266774 -465.182741 5.525787 15.776632 -32987.023901
10840.610231 9168.374194 8069.416955 9841.632984 13207.659064 6823.427413 30793.143390 28610.584814 23067.152900 24823.698187 30407.331172 23609.855119 7076.491712 21481.145209 28717.990014 30312.915668 26164.211094 4548.426179 7539.344613 1809.329567 24.734559 -3695.951564 -3824.568431 -3804.628615 -3747.563067 -3685.895258 -3639.227814 -3596.023621 -3559.715285 -3496.317527 -3594.225365 -3331.852528 -3167.787808 -3260.483712 -3196.181757 -3065.501567 -2920.709827 -2755.042736 -2324.685635 -896.104107 -690.615394 -526.413699 -610.468491 -624.921288 -596.266010 -585.018282 -558.486429 -509.981115 -418.812952 -458.516814 -356.553219 20.043600 3.069874 -61771.556448
14455.436017 12763.104113 10153.055403 5503.329711 24265.363921 43569.198479 28819.741626 49051.241812 30524.041019 38903.628590 53466.230398 63981.168904 45994.015590 47158.654270 45796.160473 39949.605642 22891.269779 22640.867268 7590.472808 36.710928 -3862.321612 -3839.569169 -3827.684758 -3788.116267 -3724.751516 -3667.503469 -3615.627099 -3583.434323 -3557.689305 -3473.377863 -3535.215204 -3452.901383 -3321.424579 -3243.166541 -3166.924953 -2996.621454 -2796.002357 -2474.649429 -1609.213012 -1340.658436 -611.493997 -484.177888 -502.587336 -558.379306 -618.247698 -578.265145 -553.334318 -460.837282 -680.819296 -19362.851439 5.778741 16.297473 -4371.429665 -22449.470665
17571.760424 17642.852806 17566.305685 18126.179606 22947.158040 29731.552921 34047.433487 36547.287170 37710.052250 40488.266935 35384.290645 49342.852584 49184.217169 47907.234573 46961.298448 38823.255400 23408.222393 8190.606628 -869.866378 -3888.212450 -3867.769473 -3843.244614 -3816.418616 -3775.484631 -3713.498025 -3654.844631 -3603.025154 -3564.391418 -3680.775061 -3600.478434 -3483.803360 -3542.442744 -3410.526594 -3141.267083 -3130.092577 -2987.674224 -2710.275910 -2371.231372 -1583.373957 -1118.182900 -527.713176 -431.330401 -450.974297 -578.045845 -618.552015 -659.572107 -547.702573 -532.799910 -540.619217 -28.138832 5.673298 -8013.752091 -2225.132004 -89871.629271
15160.093971 15531.285904 14973.308905 14558.105469 17019.797761 20807.084912 25121.481234 28580.521626 31616.084816 17732.046524 39123.519439 43868.431832 45123.185256 32554.615531 63006.545787 34538.992084 15978.278641 50.865322 -3896.730318 -3886.569341 -3862.149861 -3832.224714 -3802.467689 -3761.734530 -3691.246565 -3591.853088 -3512.569878 -3637.858276 -3596.232995 -3521.954694 -3623.242435 -3518.381625 -3347.704481 -2928.710670 -2979.105800 -2924.479386 -2658.629734 -2360.852520 -1702.942178 -1135.601224 -451.539054 -346.280800 -599.745128 -611.503474 -763.580209 -602.325023 -453.199076 -282.553232 -448.412725 -3.649072 5.374289 -45501.871368 -98.594037 -100316.110837
1890.691341 5152.746266 5885.973101 5451.009153 6897.009610 10186.057225 14982.102838 20531.930218 44881.225174 24741.943449 28995.922385 32298.562870 34469.866168 23680.823512 33208.987750 21690.021311 3001.725898 -3909.325903 -3906.261408 -3888.712279 -3861.225588 -3827.618145 -3791.337914 -3751.734370 -3682.995589 -3710.012956 -3606.394999 -3569.631119 -3515.618020 -3638.974546 -3581.442668 -3494.810093 -3393.422402 -3093.474345 -2414.682923 -2690.319036 -2422.820592 -2228.517539 -1605.225833 -1150.940730 -404.146271 -231.337289 -186.405180 -798.788376 -1684.873772 -958.897436 -69.408552 3.360198 6.598689 4.804338 5.184056 -67682.948914 -96067.566031 -110879.103380
-1769.468502 -2850.415874 -3112.165891 87.097822 228.399280 283.219294 856.586598 2482.488422 3342.347827 7992.292834 10095.254452 10215.019808 10811.803244 8808.163286 1655.275210 5.423559 -3913.573045 -3913.705644 -3912.800521 -3897.248266 -3870.634475 -3830.502010 -3780.533832 -3755.569685 -3719.580020 -3748.953971 -3616.355861 -3544.029690 -3458.967267 -3378.475069 -3310.088881 -3163.482293 -3040.897297 -2456.193248 -1413.722674 -1990.345243 -1467.739806 -1807.253404 -1342.502447 -1120.678437 -359.751096 6.398099 7.073080 -70.505181 -495.843466 -1825.492505 -333.474679 -154.667741 -17.474290 -197.750181 0.847526 -74122.548112 -96724.901071 -124234.157780
-1869.899374 -2797.419228 -3150.701352 -3337.720053 -645.103869 -3594.475456 -1910.171743 -680.076708 -3111.997130 -3650.566327 -3662.907899 -3640.095650 -3667.302076 -3933.901645 -3922.072713 -3887.172316 -3916.067335 -3940.281311 -3907.560072 -3879.871432 -3809.290402 -3851.012880 -3820.035715 -3749.394427 -3766.527287 -3802.492894 -3623.146657 -3486.743841 -3367.577706 -3290.315014 -3238.805496 -3119.286365 -2948.448556 -1773.376266 -1101.737477 -1244.529451 -947.985220 -1233.214117 -1241.224812 -996.246792 -332.029465 8.276632 8.506712 -93.436583 -602.837307 -382.994262 -420.110377 -421.489234 -320.501470 -396.381389 -33.352235 -279.525266 -94427.034120 -136741.247179
