geotop_simulations/templates/TEST_Venosta_3D_034_template/rec/SoilTemperature0000L0008.asc
ncols         252
nrows         194
xllcorner     598250.000000
yllcorner     5144500.000000
cellsize      250.000000
NODATA_value  -9999.0
[rows 56 to 83 of 194, columns 124 to 185 of 252]
2.123788 2.397379 2.776479 2.926286 -0.001384 4.787380 4.058844 4.372124 3.718406 0.268358 -0.000450 -0.000416 -0.002285 -0.000514 2.284567 3.574487 4.483401 5.415191 6.031766 6.000637 5.311916 -0.002368 -0.001033 1.355689 3.227536 4.155456 5.046971 5.874610 8.519864 8.435758 7.914945 5.598439 4.848206 6.703069 6.340523 7.708227 9.711543 12.163101 12.905393 6.722355 6.235110 5.863194 5.967384 6.293764 7.016011 14.338702 8.165929 7.869706 7.302318 6.589604 6.150480 5.956803 10.635547 10.086933 10.072189 9.211243 7.679566 8.650174 9.317190 7.853410 8.961026 9.464859
2.639933 2.918019 3.276706 3.203020 -0.002008 5.194267 4.532549 4.269623 3.174728 -0.000366 -0.000480 -0.002202 -0.002350 -0.000461 3.006407 3.009671 3.557397 4.152634 4.957142 5.135899 3.755359 3.502417 -0.001212 6.321849 7.711127 3.934603 4.868983 5.769032 8.798717 8.952391 8.434599 6.155267 5.491744 4.795989 7.045059 8.136807 10.020350 12.326561 13.494450 7.266647 6.907361 6.743206 6.940177 7.117222 7.720470 8.433592 8.817364 8.538373 7.947795 7.418627 7.309039 7.032819 6.426374 5.739677 5.071717 8.645403 7.598318 9.060043 10.168077 9.574306 10.011559 10.212406
3.279273 3.543766 3.677921 3.484556 -0.001658 -0.003035 4.840790 3.603127 2.334149 -0.000394 -0.000484 -0.002605 -0.000888 -0.000428 -0.001916 -0.000450 2.365336 3.522417 3.760027 3.358445 2.431820 2.919826 4.836679 6.250283 7.515875 9.624564 10.725810 5.525965 6.315123 9.271991 8.918422 6.714850 6.192976 5.540163 7.830517 5.073856 10.369416 12.305835 13.952119 7.711188 7.590290 7.633566 7.887242 8.059819 8.532623 9.179598 9.499616 9.241385 8.755309 8.472029 8.350655 7.975754 7.228436 6.263232 5.269814 4.397488 8.113296 9.282944 10.455912 10.986697 11.079511 10.579908
3.939636 4.011857 4.089236 3.639723 1.089452 -0.002383 4.971776 3.949165 2.086406 -0.000502 -0.000537 -0.002109 -0.000534 -0.000578 -0.000433 -0.000430 -0.000523 2.720208 2.828011 2.920319 3.522091 5.144934 6.346084 7.091489 8.126336 9.893995 10.266409 5.347520 6.069127 6.455771 9.524582 7.249897 6.943322 6.396803 5.874385 5.796113 6.273306 7.001371 7.737757 8.270399 8.393170 8.493034 8.724441 9.000817 9.418999 9.946667 13.543817 10.123280 9.752583 9.490889 9.233578 8.621949 7.110505 6.654046 5.769462 4.991573 4.300758 9.643443 10.582239 10.793489 11.115906 11.119683
4.254001 4.320297 3.764314 2.884273 -0.000918 -0.002069 5.855779 5.364559 3.332729 1.182840 -0.000365 -0.001976 -0.000689 -0.000697 -0.000537 -0.000425 0.809604 4.287315 4.875234 5.534880 5.787397 6.327204 6.890864 7.462402 8.376735 9.335170 9.487586 5.092138 5.804363 6.203785 6.900657 10.053339 9.785706 7.276803 6.822203 6.639964 6.980913 7.585219 8.260498 8.842708 9.137040 9.282571 9.484398 9.819514 10.270292 13.715920 14.162470 16.378330 13.453588 10.334663 9.823960 8.451685 7.637759 6.689607 6.400581 5.447712 4.606582 9.439095 9.718913 8.861799 9.512862 11.063192
0.349557 3.750438 2.944621 0.552843 -0.001212 -0.002274 6.176928 5.587511 3.474874 1.627036 -0.000561 -0.002370 -0.000690 -0.000722 -0.000354 -0.000626 3.168068 5.793955 6.409014 6.506544 6.343569 6.819731 7.475994 7.910558 8.445370 9.150416 9.726891 5.209696 5.846614 5.940982 6.622714 7.241626 10.553891 7.978545 7.707518 7.548513 7.834274 8.330578 8.871006 9.381257 9.703580 15.544267 15.584267 15.941977 16.434329 16.800379 17.412513 17.080202 16.677038 13.639216 9.676675 8.966132 8.127528 7.145833 6.798154 5.735323 4.727918 4.231429 9.057765 9.209945 9.408952 10.002312
3.178188 2.447625 0.241544 -0.001032 5.635955 5.310279 4.571426 3.684536 2.277075 -0.000462 -0.003546 -0.002455 -0.000607 -0.000547 -0.000403 -0.000641 3.376384 5.290646 6.831551 7.530053 7.082908 7.165042 8.225361 8.701610 8.886907 9.452060 10.169289 10.756972 5.882701 6.117060 6.125139 6.695922 10.042891 8.218721 8.376035 8.354043 11.287272 9.022138 9.408872 9.690525 13.531115 13.395504 13.722027 15.471024 16.032040 16.660047 17.011363 17.266580 17.281257 14.142961 13.459917 9.372305 8.513448 7.537052 6.468994 6.035659 5.141875 4.921353 4.959050 10.719910 11.209949 11.248638
2.848210 0.502152 -0.002131 4.538704 5.029464 4.453593 3.172756 2.201023 1.067611 -0.000512 -0.003048 -0.002421 -0.000456 -0.000358 -0.000340 -0.000523 1.603222 4.325387 5.986033 7.270950 7.387510 7.670523 8.702482 9.348430 9.479093 4.530101 4.989747 5.397942 5.542739 5.732494 5.666856 6.097253 6.691513 7.344077 11.117541 11.516982 11.944458 12.524683 9.455010 9.064676 9.044027 8.940217 8.941163 9.138594 9.478360 9.889560 10.340419 16.995213 14.960293 14.755337 13.812920 9.785000 8.967806 7.975148 6.865749 5.794145 5.934405 5.698320 5.490507 5.323253 5.263183 11.826969
2.831551 -0.002182 4.687803 3.684795 3.733705 3.002481 1.864867 1.185290 -0.001626 -0.000434 -0.000534 -0.001779 -0.000401 -0.000325 -0.000327 -0.000482 1.473936 4.081609 6.219137 7.273115 7.383376 7.617546 9.240476 9.765608 4.018520 4.282732 4.575632 4.830742 5.031729 5.277383 5.596429 5.625711 6.181677 6.782673 7.387267 10.928727 8.354232 8.568142 8.678583 8.601283 8.374167 8.161862 8.047888 8.111817 8.363727 8.727171 9.235638 9.826032 10.554930 11.017923 14.299956 10.225046 9.452716 9.024173 7.321097 6.333992 6.745213 6.544595 6.194043 6.016566 5.812546 5.651883
2.680104 -0.002121 4.562398 3.391230 2.597186 0.635125 -0.000478 -0.002036 -0.000431 -0.000411 -0.000505 -0.000628 -0.000430 -0.000328 -0.000309 -0.000604 1.859310 3.975507 5.706125 6.607501 6.530500 6.851752 2.087273 2.909945 7.554707 2.708441 3.099000 3.590976 4.060745 4.367240 4.789609 5.327856 5.914078 6.178834 6.686623 7.210130 7.701180 8.029429 8.109599 7.933320 7.632642 7.358443 7.152886 7.092064 7.269528 7.666960 8.269330 8.849642 9.420966 10.648167 14.921847 14.298875 13.630179 9.527256 8.520409 7.716407 7.476216 7.361413 6.998535 6.714484 6.465989 6.233002
2.478097 0.920323 5.339025 4.956655 3.835331 2.070302 -0.000610 -0.000465 -0.000530 -0.000478 -0.000508 -0.000531 -0.000341 -0.001282 -0.000514 -0.000442 2.595636 4.041524 4.712504 4.687911 4.377752 4.663393 5.074643 5.639214 5.672190 5.774305 6.174648 6.651191 3.001150 7.183618 8.780971 10.123380 5.572118 6.048073 6.009734 6.470779 6.909638 7.197349 7.267785 7.113867 6.800097 6.427662 6.150715 6.189846 6.372097 11.892882 8.153565 8.514567 8.643216 9.780622 10.873443 14.747317 13.975340 10.055133 9.103677 8.324383 8.152364 8.107031 7.844830 7.499628 7.153720 6.885796
-0.002406 0.664968 -0.001185 6.439036 6.056703 4.592380 2.105758 -0.001076 -0.000614 -0.000621 -0.000331 -0.000348 -0.000447 0.476951 -0.000430 -0.000402 2.555209 2.907109 2.607622 2.468040 2.771723 3.200086 3.982933 4.583866 4.591687 4.948758 5.475208 5.948116 6.259478 7.508726 9.524444 10.509371 5.414855 5.753600 5.955680 5.878564 6.157645 6.393957 6.471204 6.345509 6.205709 5.633305 5.622066 5.957865 11.690858 13.606004 8.268439 8.172137 8.654694 8.920017 10.551582 14.971057 14.338926 13.390300 9.661892 8.974845 8.841273 8.781418 8.605969 8.294941 7.869609 7.545855
-0.004035 -0.002151 1.150509 7.316728 6.633307 4.878239 3.396586 1.553759 -0.000420 -0.000473 -0.000424 -0.000616 2.106671 3.864636 3.565834 0.767153 1.106745 0.243627 -0.000611 -0.000514 -0.000472 2.565437 3.731346 4.782126 5.386735 5.632744 5.910313 6.117878 6.481112 7.860103 9.000460 9.285465 4.621393 5.146904 5.317102 5.604873 5.770540 6.003269 6.164778 6.027814 5.736081 5.482410 5.472770 6.128894 12.569338 13.620056 14.286412 8.447675 8.447238 8.822347 10.076978 10.823101 8.174015 14.117774 13.096599 9.670164 9.514817 9.415870 9.267968 8.999223 8.572785 8.202855
-0.003262 -0.001822 -0.002243 4.687431 4.193043 3.604619 3.496238 2.083613 -0.001652 -0.000356 -0.000385 2.190854 3.755758 4.764200 5.037142 2.724867 0.276117 -0.000382 -0.001398 -0.001807 2.367832 4.209028 5.493372 6.574867 7.488444 7.268133 7.590724 7.560671 7.296156 7.697363 7.754709 8.307926 9.908472 10.426015 4.747447 5.177834 5.410338 5.559255 5.514003 5.237172 5.026231 4.892880 5.058950 10.888449 12.270700 13.183763 14.343655 8.442158 9.033750 9.080745 9.694223 10.426258 6.235942 5.925714 14.012030 10.319003 10.128607 10.035601 9.902543 9.668882 9.298010 8.893379
-0.002038 -0.001968 2.778577 2.716589 2.370435 1.557800 1.678992 -0.000383 -0.001250 -0.000424 3.524664 3.498358 4.461860 5.846678 5.729516 4.395827 2.665032 0.702695 2.418716 4.390639 5.796589 6.951073 7.472432 7.999253 8.522399 8.061992 7.636327 7.289028 6.385127 5.999624 6.570540 8.962886 10.670396 10.116211 4.204969 4.543861 4.704404 4.553926 4.479965 7.348038 3.972700 4.152013 8.929032 10.743716 12.188754 13.959405 15.639254 17.112231 9.355069 9.766643 9.345810 9.531978 3.649534 5.931291 5.960615 13.250027 10.591132 10.503164 14.755167 14.329260 13.961947 13.519722
1.757040 -0.001185 4.708571 3.605320 2.076409 -0.000400 -0.000380 -0.002025 -0.000645 3.145830 4.551356 4.723521 5.682631 6.703267 6.409828 5.460105 4.449527 3.494978 4.146970 5.588066 6.618541 7.610210 8.220764 8.778702 9.229414 8.814037 7.257327 5.605374 4.532820 5.601644 8.005474 10.094769 10.026906 8.948570 2.204862 3.355771 3.098178 6.927938 6.747486 7.090383 8.543525 10.115170 11.121716 12.151401 13.524993 15.332649 16.586971 8.774188 9.204067 8.960820 8.534974 8.541645 8.775758 9.055910 9.318584 9.268421 12.901777 9.330269 9.157534 12.878291 13.181174 14.136423
2.535738 1.073240 -0.001438 -0.001356 3.302735 1.635599 -0.000424 -0.000416 -0.000428 4.383786 5.375358 5.917914 6.501549 7.433199 6.834812 6.066954 6.676196 6.031195 6.075120 6.794895 7.523164 8.082366 8.847522 9.682334 9.741364 8.598208 5.859722 3.915001 3.831060 7.035539 8.962226 9.316834 8.446093 7.283725 6.406314 5.612627 5.330873 5.488284 6.614182 9.127485 10.832383 11.392635 11.885874 12.612438 13.998514 7.431958 7.983101 8.546987 8.215766 7.611451 7.598710 7.672520 7.835653 7.920822 8.264477 8.315045 8.258798 8.353777 8.297934 8.106036 8.038228 8.285089
2.652989 1.449081 -0.001026 -0.000971 3.801158 2.154110 -0.000819 -0.000562 3.009321 4.566070 5.221140 5.811645 6.336252 7.101287 7.086445 6.758225 7.503702 8.106767 7.347247 7.802303 8.378609 8.518830 9.421599 10.247311 9.867438 2.216503 5.323541 4.016656 4.648329 6.811616 7.013329 5.908713 5.469510 4.762714 4.139244 3.876094 4.751365 6.571506 8.837741 10.270030 11.071313 11.854614 12.618973 6.425276 7.015868 7.583386 8.043662 7.752957 6.877013 6.588754 6.507536 6.608694 6.793211 7.016867 7.344175 7.318284 7.166381 7.310253 7.368889 7.278551 7.215819 7.504550
2.586970 0.204099 -0.001074 -0.001153 -0.003292 1.160991 -0.000569 -0.000371 -0.000639 2.834910 3.891567 4.192989 4.950976 5.540796 6.067894 7.718007 8.555944 8.810146 8.496544 8.385281 9.009771 9.322655 9.868651 10.528336 3.317523 2.324243 -0.001125 5.095057 6.143551 7.343944 6.162286 3.962381 2.873521 2.337897 1.512962 1.098161 4.137667 7.105528 8.734505 9.397850 10.031669 10.871603 11.928116 14.139795 6.705607 7.349230 7.174954 6.422573 5.963441 5.618992 9.999155 5.558730 5.520222 5.968665 6.404828 6.419322 6.256702 6.261324 6.377078 6.569178 6.831547 7.248593
0.813984 -0.001109 -0.001252 -0.002438 2.225552 -0.000469 -0.000564 -0.000405 0.522269 1.893815 2.938282 3.539602 4.753745 5.471196 6.211377 8.008937 9.784481 2.388589 9.666878 9.026837 9.419743 10.020631 10.373556 3.649928 3.529143 2.608126 6.485159 6.475702 6.898047 7.702115 7.108907 5.702280 4.142672 1.841893 -0.000618 2.829205 5.464469 5.814024 5.628776 6.593595 8.451707 10.779344 13.150370 15.497509 6.563684 6.499462 5.710945 5.362638 5.265981 4.847715 10.901334 12.414281 5.653955 5.694942 5.515039 5.537594 5.495575 5.577166 5.743761 6.825092 7.117815 6.666104
-0.001230 0.869411 -0.001872 -0.002964 2.797040 2.534078 3.444120 3.473902 2.914674 1.958250 -0.000458 1.893498 4.263247 4.328678 5.340300 7.490446 8.756830 1.226994 2.437964 3.376150 3.451182 3.651712 3.846046 3.908133 3.672437 2.878808 7.587717 7.701118 7.678691 7.958408 7.122575 5.922540 5.732873 5.232467 6.103651 7.493231 7.572745 6.566320 5.552902 6.880185 9.791998 12.764219 14.569749 5.854535 6.217773 5.239327 4.591009 8.235921 8.602319 9.696420 11.864214 13.196415 5.744935 5.447522 5.162617 4.532896 4.798086 5.452167 5.429530 6.813979 7.042591 5.983956
5.776906 -0.000445 -0.000910 -0.002589 4.289489 4.859579 4.795592 3.829109 0.647269 -0.000405 -0.000352 -0.000611 3.622961 3.456541 5.382631 7.785264 8.300960 0.057027 0.436746 1.907914 3.875451 4.008915 4.183269 4.246831 3.853507 3.067918 8.210610 0.475289 -0.001127 6.693327 5.644836 3.948757 3.170917 3.596181 7.010134 8.000738 7.569390 7.020924 8.379044 10.022069 12.043306 14.267553 15.483611 5.619291 4.707477 3.933677 7.058449 6.889440 7.347180 8.863523 11.197373 4.420588 11.089925 4.253266 4.243657 8.970228 10.924242 5.828119 6.369758 6.625538 6.329936 5.200201
5.128516 -0.001454 -0.000434 -0.002010 5.719009 5.681979 4.489725 2.570028 -0.000399 -0.000583 -0.000353 2.789847 4.646290 5.116811 7.387698 8.050392 7.545163 -0.000844 -0.000377 0.176767 1.659886 3.223621 4.427850 4.395669 3.785800 2.885088 -0.002367 -0.001084 -0.001083 5.913275 4.506764 2.589765 -0.000486 -0.000481 4.502222 7.046637 7.864352 7.529281 8.828423 10.557132 12.694698 14.945086 4.727079 3.876608 3.292889 6.588897 6.499744 6.823006 6.886069 8.115182 9.960292 10.126935 9.102751 7.752501 8.048231 10.545296 12.855804 5.888018 6.123599 6.302220 4.873600 4.469374
4.989098 4.873493 4.184971 -0.000435 -0.003270 5.047212 3.843926 0.637082 -0.000445 -0.000643 -0.000363 4.334222 5.773279 6.501229 8.381006 7.031600 6.195150 -0.001417 -0.001422 -0.001525 -0.000398 1.275085 2.635406 4.243630 3.737158 0.190967 -0.002637 -0.001112 -0.001160 7.312868 5.342018 3.186976 2.360713 2.728938 4.945043 6.109428 6.687228 7.861159 8.873028 10.270042 12.423959 14.281582 2.091934 2.225034 1.916804 7.678813 7.985747 7.387452 7.042397 7.808742 8.465098 8.027605 6.834740 6.379851 8.272704 11.066667 13.286633 5.235792 5.676158 4.483219 4.066706 3.928910
4.595434 4.547415 4.126605 -0.003554 -0.003793 3.033291 2.308117 -0.000428 -0.000492 -0.000759 -0.001018 4.756995 5.822787 6.745853 6.030192 5.123317 4.142417 -0.002600 3.053990 3.963213 -0.001538 0.692646 1.538618 3.591667 3.689647 -0.002275 -0.003205 -0.001513 -0.001776 6.231296 2.978366 -0.000418 -0.000660 -0.001781 2.967501 4.591718 4.917311 6.876884 8.853683 10.055524 9.973698 8.987560 -0.001619 -0.001070 6.423472 6.894699 6.219320 5.023266 4.909114 5.460519 5.599359 5.040014 4.856760 7.037885 10.376414 12.131681 14.025913 4.825622 4.489723 3.617500 2.962015 2.692438
4.020070 3.725672 3.673195 3.314965 3.087359 2.543507 2.144920 0.077088 -0.000991 -0.000384 -0.000466 5.056856 5.419407 5.469067 4.237550 3.011443 1.911861 0.194407 2.269910 4.856508 7.244491 1.348200 1.568410 3.190749 3.516731 -0.002581 -0.003454 -0.004736 -0.001813 3.477192 1.247697 -0.001714 -0.000605 -0.000885 3.706578 4.469197 4.906470 6.307220 7.607844 8.386182 7.642143 6.281664 -0.001805 5.674011 5.841114 5.558025 5.137636 4.422266 4.337855 4.401800 4.003669 4.228040 6.383103 9.734908 11.810940 13.095873 4.681007 4.821996 3.472976 2.858868 2.155215 2.103269
2.769669 2.681844 2.336547 2.460703 1.970219 1.678583 1.274556 -0.000401 -0.000450 -0.000352 -0.000775 4.534219 4.519958 3.856526 0.108535 -0.000666 -0.001142 -0.000698 4.075599 7.148058 9.570836 2.374844 2.437455 3.567563 3.291423 -0.002564 -0.003066 -0.001108 -0.001399 -0.002253 2.109988 1.190521 3.762835 4.215008 4.510859 4.610160 5.011487 5.926535 6.823112 6.955548 5.908530 5.115957 4.389482 3.932783 4.856693 5.712884 5.119093 5.486100 7.383815 8.042620 8.170032 9.069396 10.305954 11.427457 12.766884 4.445877 4.623464 3.112176 2.684338 1.820402 2.386570 7.307853
-0.000446 -0.000442 -0.000394 -0.000440 -0.000436 -0.000384 -0.001426 -0.000445 -0.001559 -0.000345 0.085500 4.342993 3.312780 -0.000398 -0.000455 -0.001256 -0.001373 3.706557 6.429269 8.259345 10.368877 2.289307 2.674602 3.434223 3.380233 -0.002091 -0.002203 -0.000958 -0.001371 5.466121 4.440394 4.067954 5.074267 4.942693 2.460474 -0.000467 2.565410 4.384229 5.269922 4.941548 3.447630 2.943117 2.266752 2.051580 2.519426 2.579421 2.081054 5.261804 8.258207 8.446752 8.959539 9.934768 10.972741 12.226167 3.938249 4.316757 3.894863 2.206416 0.807483 1.262984 1.239527 7.089770
