geotop_simulations/templates/TEST_Venosta_3D_034_template/rec/SoilPressure0000L0004.old.asc
ncols         252
nrows         194
xllcorner     598250.000000
yllcorner     5144500.000000
cellsize      250.000000
NODATA_value  -9999.0
[rows 24 to 47 of 194, columns 108 to 161 of 252]
-3080.090246 -3077.668883 -3257.629386 -3208.830861 -3147.138768 -3171.318737 -3180.163451 -3092.601860 -2893.868305 -2763.490184 -2787.481456 -2874.354036 -3129.800072 -3321.485207 -3358.122093 -3373.879180 -3370.925491 -3332.259851 -3294.046958 -3277.462832 -1147.147059 -1082.368176 -1026.319666 -1034.497194 -1061.527606 -753.356829 -559.611692 -369.319027 2.074716 -9.996418 -31.558186 -106328.084286 -79592.519600 -71112.719987 -69077.169778 -62014.897738 -9999.0 -9999.0 -9999.0 -9999.0 -9999.0 -9999.0 -9999.0 -9999.0 -9999.0 -9999.0 -9999.0 -9999.0 -9999.0 -9999.0 -9999.0 -9999.0 -9999.0 -9999.0
-3297.165663 -1309.772045 -1422.515122 -3308.331777 -3421.930689 -3427.182809 -1294.498397 -3396.528157 -3383.772006 -3354.107619 -3289.470518 -3292.700808 -2940.176293 -2217.241938 -2391.932358 -3134.163847 -2829.178493 -1057.497280 -1067.036759 -1043.854280 -980.362135 -973.332972 -996.610683 -974.110734 -876.280866 -804.480478 -687.767517 -570.515663 -448.436039 -269.292883 -218.777360 -107450.019743 -149426.198454 -68848.955622 -91388.313424 -61779.088896 -9999.0 -9999.0 -9999.0 -9999.0 -9999.0 -9999.0 -9999.0 -9999.0 -9999.0 -9999.0 -9999.0 -9999.0 -9999.0 -9999.0 -9999.0 -9999.0 -9999.0 -9999.0
-1254.609933 -1279.384596 -1346.385637 -3208.112337 -3333.322088 -3296.102579 -1185.354435 -3207.891986 -3147.877090 -3113.834784 -2877.853619 -3022.530647 -2980.584036 -2019.510813 -2186.683976 -2909.353301 -2139.465354 -1823.417154 -1546.934542 -869.416150 -893.009386 -917.750894 -957.916337 -879.987345 -752.596356 -600.274214 -511.559453 -405.681192 -411.233409 -392.767816 -317.043755 -306265.785432 -214898.507699 -76298.890175 -9999.0 -9999.0 -9999.0 -9999.0 -9999.0 -9999.0 -9999.0 -9999.0 -9999.0 -9999.0 -9999.0 -9999.0 -9999.0 -9999.0 -9999.0 -9999.0 -9999.0 -9999.0 -9999.0 -9999.0
-1075.000492 -1188.524523 -1216.206538 -1644.686320 -2218.049758 -2256.181131 -1069.597947 -1062.383199 -1040.111352 -1036.518466 -1340.390173 -1326.137743 -1260.482335 -809.689261 -827.042996 -1200.426068 -1057.108442 -1162.373018 -955.580632 -963.222460 -811.263850 -813.797715 -814.696168 -750.484491 -759.976900 -609.731053 -453.361245 -272.106059 11.255387 -6.771906 -200591.535931 -99179.246258 -217264.562885 -155839.214416 -9999.0 -9999.0 -9999.0 -9999.0 -9999.0 -9999.0 -9999.0 -9999.0 -9999.0 -9999.0 -9999.0 -9999.0 -9999.0 -9999.0 -9999.0 -9999.0 -9999.0 -9999.0 -9999.0 -9999.0
-1036.135615 -1113.370079 -942.673481 -933.759646 -2436.427567 -2326.354063 -936.610712 -962.334132 -983.662698 -976.793067 -959.376016 -1487.956011 -2842.768655 -1748.151666 -1417.155996 -2437.187009 -2250.111371 -1609.390402 -1305.280807 -644.271946 -711.142698 -724.335778 -696.427708 -622.389348 -650.034147 -540.176648 -380.181741 -0.428629 -455969.008916 -268210.965130 -130683.623151 -101926.072388 -81954.259302 -82737.067284 -9999.0 -9999.0 -9999.0 -9999.0 -9999.0 -9999.0 -9999.0 -9999.0 -9999.0 -9999.0 -9999.0 -9999.0 -9999.0 -9999.0 -9999.0 -9999.0 -9999.0 -9999.0 -9999.0 -9999.0
-1099.853643 -987.859030 -827.444264 -905.867400 -951.740190 -923.099918 -792.128191 -816.107173 -849.115904 -853.055177 -848.515184 -1554.681365 -1488.127644 -966.307681 -1549.302172 -2880.258157 -732.942980 -569.851636 -974.059506 -410.589978 -535.184083 -432.655062 -628.893304 -529.983909 -135702.427948 -121067.074458 -112811.823306 -121580.790459 -125459.634847 -117605.762567 -88512.092279 -159046.819007 -67197.082842 -9999.0 -9999.0 -9999.0 -9999.0 -9999.0 -9999.0 -9999.0 -9999.0 -9999.0 -9999.0 -9999.0 -9999.0 -9999.0 -9999.0 -9999.0 -9999.0 -9999.0 -9999.0 -9999.0 -9999.0 -9999.0
-1178.894017 -975.308456 -766.471104 -812.448102 -857.386231 -875.362959 -848.806813 -715.684420 -720.606251 -734.953219 -729.116566 -755.888212 -714.203062 -590.183481 -1392.057358 -911.416939 -590.923006 -429.123339 -310.120531 4.872250 -406.094904 -238.962739 -493.525578 -141515.388491 -94234.433436 -91412.137363 -93492.918980 -111299.181058 -113162.780416 -99002.738290 -146777.140162 -158343.309196 -63954.110349 -9999.0 -9999.0 -9999.0 -9999.0 -9999.0 -9999.0 -9999.0 -9999.0 -9999.0 -9999.0 -9999.0 -9999.0 -9999.0 -9999.0 -9999.0 -9999.0 -9999.0 -9999.0 -9999.0 -9999.0 -9999.0
-1195.987549 -878.198396 -682.418482 -686.499822 -757.706725 -783.492679 -839.887507 -692.357949 -695.805895 -717.904924 -685.109533 -720.810752 -655.994667 -475.971337 -537.243849 -710.176401 -443.383451 -179.320409 -7.413545 38.354931 -300.509156 -151.795898 -125958.162448 -97322.941869 -81409.936734 -77916.370636 -79595.568366 -91916.285368 -91884.134942 -69713.087031 -158411.655058 -139921.602841 -62420.279006 -9999.0 -9999.0 -9999.0 -9999.0 -9999.0 -9999.0 -9999.0 -9999.0 -9999.0 -9999.0 -9999.0 -9999.0 -9999.0 -9999.0 -9999.0 -9999.0 -9999.0 -9999.0 -9999.0 -9999.0 -9999.0
-1134.912192 -760.719462 -629.239953 -643.210967 -679.416812 -747.246806 -894.154061 -699.087052 -598.837465 -640.340396 -591.282864 -633.733469 -543.086652 -379.275668 -450.965480 -445.610318 -181.131165 -36.050834 -128373.642901 -112825.389926 -115631.095688 -112239.476257 -73350.439146 -148217.919216 -65368.875471 -59002.932015 -60855.122744 -62064.955968 -64495.821774 -65016.916861 -151369.555326 -68241.283483 -9999.0 -9999.0 -9999.0 -9999.0 -9999.0 -9999.0 -9999.0 -9999.0 -9999.0 -9999.0 -9999.0 -9999.0 -9999.0 -9999.0 -9999.0 -9999.0 -9999.0 -9999.0 -9999.0 -9999.0 -9999.0 -9999.0
-988.079895 -844.084464 -633.155143 -573.742621 -925.763569 -1238.748134 -1281.431585 -1272.026139 -1115.413747 -736.213857 -487.439388 -533.254201 -421.347277 -253.904612 -408.565950 -420.902819 -340.168492 -118746.711117 -75641.864541 -81455.952653 -84824.656014 -64436.675954 -67523.228519 -128457.585354 -56768.333882 -52183.079162 -53546.586766 -61405.051194 -60556.996109 -63474.406750 -9999.0 -9999.0 -9999.0 -9999.0 -9999.0 -9999.0 -9999.0 -9999.0 -9999.0 -9999.0 -9999.0 -9999.0 -9999.0 -9999.0 -9999.0 -9999.0 -9999.0 -9999.0 -9999.0 -9999.0 -9999.0 -9999.0 -9999.0 -9999.0
-1348.939509 -1058.818659 -947.319532 -935.630627 -1154.143726 -1240.719366 -1242.225000 -1174.845739 -1127.921306 -786.029196 -542.255728 -486.361529 -251.305720 47.789271 34.769669 -147.070944 -136748.156077 -76499.181348 -65803.403324 -70874.628574 -39099.388589 -81448.369429 -68921.938041 -61640.219956 -55645.464300 -51844.302926 -53998.283002 -61679.337302 -9999.0 -9999.0 -9999.0 -9999.0 -9999.0 -9999.0 -9999.0 -9999.0 -9999.0 -9999.0 -9999.0 -9999.0 -9999.0 -9999.0 -9999.0 -9999.0 -9999.0 -9999.0 -9999.0 -9999.0 -9999.0 -9999.0 -9999.0 -9999.0 -9999.0 -9999.0
-1397.272079 -1194.296225 -1219.026016 -1109.519340 -1218.879353 -1221.494851 -1242.165289 -1094.624759 -914.818281 -743.217893 -629.894973 -461.012580 14.791802 -156547.983328 -137310.497587 -114427.800341 -84657.258302 -66374.080430 -12108.844561 -433379.761864 -297547.689044 -63628.741165 -157535.345744 -111482.285182 -62353.530927 -58170.342188 -53107.803358 -9999.0 -9999.0 -9999.0 -9999.0 -9999.0 -9999.0 -9999.0 -9999.0 -9999.0 -9999.0 -9999.0 -9999.0 -9999.0 -9999.0 -9999.0 -9999.0 -9999.0 -9999.0 -9999.0 -9999.0 -9999.0 -9999.0 -9999.0 -9999.0 -9999.0 -9999.0 -9999.0
-1138.072048 -1167.399359 -1202.541054 -1197.962678 -1195.857009 -1257.498763 -1115.659157 -1064.370528 -912.749994 -732.747104 -627.534895 -97.012712 -110851.852301 -96536.174538 -84989.364661 -74128.298546 -89078.662590 -182954.679077 -328.725201 25.155831 -1143.745608 -47011.725387 -146275.844690 -105645.021980 -81482.706797 -64771.606050 -58422.782957 -9999.0 -9999.0 -9999.0 -9999.0 -9999.0 -9999.0 -9999.0 -9999.0 -9999.0 -9999.0 -9999.0 -9999.0 -9999.0 -9999.0 -9999.0 -9999.0 -9999.0 -210910.695781 -222432.058132 -215658.596085 -221224.874326 -340296.313810 -9999.0 -9999.0 -9999.0 -9999.0 -9999.0
-1156.016799 -1175.434171 -1203.025359 -1134.445171 -1191.649010 -1272.167045 -666.059184 -583.282130 -467.833120 -330.856329 39.462684 -11.476710 -120241.620796 -24759.944697 -11458.389057 -86178.300669 -331.311567 -202.928325 -517.403293 -358.950928 19.036654 -405.076743 -95185.541636 -181026.266438 -150196.784968 -102821.147156 -64082.277395 -9999.0 -9999.0 -9999.0 -9999.0 -9999.0 -9999.0 -9999.0 -9999.0 -9999.0 -9999.0 -9999.0 -9999.0 -9999.0 -9999.0 -9999.0 -217906.033007 -233687.535206 -235503.904209 -246077.996981 -304694.142486 -398048.765580 -9999.0 -9999.0 -9999.0 -9999.0 -9999.0 -9999.0
-1112.340413 -1184.083173 -1235.353108 -1123.250600 -1202.992954 -1294.309881 -677.844266 -431.546437 35.223920 20.215423 -77.491087 -507661.638723 -71991.320591 -459138.293841 -258.302722 -311.131241 -478.884579 -527.168942 -656.795066 -680.590077 -343.936099 -426.383944 -233366.789615 -195770.379877 -140769.280500 -138937.724261 -103336.176021 -9999.0 -9999.0 -9999.0 -9999.0 -9999.0 -9999.0 -9999.0 -9999.0 -9999.0 -9999.0 -9999.0 -9999.0 -9999.0 -9999.0 -243223.411512 -413194.133456 -7890.759864 -7382.892696 -524027.174296 -646787.184885 -838.194195 -1205.211774 -9999.0 -9999.0 -9999.0 -9999.0 -9999.0
-1038.673885 -1077.388328 -1268.569004 -1194.200745 -1243.037693 -1290.672233 -818.880423 -469.331629 -30.823624 -17.812816 -117681.743628 -98351.104094 -43899.466796 -23.931268 -112.440111 -398.594810 -550.304262 -803.830866 -903.958448 -691.960231 -515.389945 -681.448627 -331819.351058 -210355.709351 -99863.112157 -134808.875029 -104285.920064 -68487.473668 -70063.228498 -77356.697840 -81046.277872 -82193.643223 -85060.734846 -9999.0 -9999.0 -9999.0 -9999.0 -9999.0 -196675.679898 -208530.575699 -316315.461302 -646990.890368 -1040.719277 -1076.628417 -1385.540263 -815.631859 -898.994352 -939.622907 -1282.600903 -9999.0 -9999.0 -9999.0 -9999.0 -9999.0
-1043.632403 -1142.421501 -1175.564600 -1198.929918 -1255.634309 -1026.978343 -731.187051 -481.148329 8.538354 -120153.944165 -90096.355344 -87374.843455 -45719.056852 34.298012 -226.499433 -530.935832 -792.221687 -972.603837 -1004.115307 -747.468933 -597.407558 -579.231857 -356.364739 -270891.917815 -91376.193024 -134670.550253 -161865.378567 -142671.722650 -83244.091514 -92461.790019 -167187.252999 -190106.020191 -195200.920348 -212218.977568 -214198.034070 -207206.864922 -202637.680496 -241494.082544 -403262.387859 -425713.717404 -436193.208275 -618577.590137 -726.519744 -1091.177167 -1354.994168 -1263.203286 -1147.832091 -1351.441155 -964.873904 -687691.906078 -9999.0 -9999.0 -9999.0 -9999.0
-1351.250203 -1182.888657 -1200.518807 -1265.468932 -1296.583791 -995.864312 -559.679272 23.559735 -438837.965743 -107318.851081 -10659.628140 -40803.942665 -114.429924 -270.470068 -370.479464 -631.870448 -901.166254 -1018.125920 -1030.061665 -887.561625 -651.549303 -463.782120 -373.290516 -124826.606799 -91717.566421 -95340.506530 -167769.379077 -78392.263204 -99270.495025 -95568.767232 -99300.626250 -261604.314428 -478729.957452 1813.268738 -851.046167 -953.734464 -584724.651755 -384012.370600 -430730.809270 -636363.709031 -876.288077 -670.803705 -811.538970 -1228.759859 -1510.893347 -1446.637525 -1421.228811 -1407.552031 -1348.039203 -970.764461 -1252.309156 -9999.0 -9999.0 -9999.0
-1076.497908 -1216.176178 -1284.229967 -1336.234269 -1364.777115 -579.713652 -580.935169 -306.338395 -196.924328 -196.011115 -479.408024 -372.073809 -364.462144 -378.818395 -588.050866 -778.104813 -972.833235 -1048.863423 -1061.003388 -917.452370 -440.804670 78.735759 -71.868643 -103074.812921 -88328.077984 -82772.074108 -113412.783140 -74780.626337 -106279.918061 -110490.563925 -151893.871109 -219.757256 -347.093154 -471.500153 -871.769296 -1027.663678 -1240.836081 -952.558257 -1607.879682 -690.317365 -797.242097 -1069.047576 -1203.058602 -1178.832554 -1330.987016 -1563.595804 -1504.598152 -1454.923645 -1129.290001 -897.848737 -845.073893 -9999.0 -9999.0 -9999.0
-1114.200691 -1244.006224 -1317.467228 -1368.325064 -652.879314 -616.322672 23062.445860 -406.200921 -522.859053 -300.273578 -571.140591 -569.814928 -528.098486 -634.006500 -803.726602 -940.332198 -999.372768 -1069.154399 -1064.446388 -834.526864 -609.393650 -493.650835 -132156.365674 -157892.507095 -75841.954159 -72252.362404 -75500.686706 -70642.636070 -93948.405398 -112716.940051 -190307.146109 -7.724198 -272.664167 -529.815932 -985.275360 -1441.856798 -1450.246503 -1335.426614 -1151.899051 -1135.473568 -1327.809990 -1321.796202 -1200.497222 -1213.558112 -1282.146472 -1364.586681 -1493.642820 -1170.531701 -1137.595174 -911.920737 -835.952142 -9999.0 -9999.0 -9999.0
-1163.223804 -1232.769035 -1316.465926 -2014.050405 -525.287553 -590.479318 33.583809 16.127234 -552402.259294 -81057.633917 -415.773049 -503.382188 -618.972190 -860.007081 -930.306546 -952.400734 -1071.496881 -1256.250191 -993.035926 -763.690692 -521.571374 -142744.873638 -93021.349339 -94141.478164 -86570.923342 -84933.608419 -159525.060923 -72114.981477 -69979.792896 -91745.154147 -126960.224822 -257997.706444 -3360.613645 -32.479213 -259.023616 -673.349238 -1423.324973 -1369.041743 -1361.723683 -1253.707351 -1334.942453 -1214.689208 -1260.758438 -1219.393153 -1290.538143 -1414.566654 -1340.670157 -1657.342592 -1381.527974 -702.157763 -9999.0 -9999.0 -9999.0 -9999.0
-1273.506715 -1264.931816 -1319.925785 -1352.792599 -868.481123 -791.892992 -528.673481 -358.699263 -86273.765532 -43485.073231 -397.166904 -463.168252 -586.933795 -776.909393 -955.169687 -974.829578 -1084.489064 -1297.780638 -1063.421434 -611.266556 -443.628567 -125123.679606 -103769.870269 -148157.406744 -88122.828617 -88046.808410 -199498.621000 -138108.684668 -69022.236244 -105514.230191 -329222.042763 -15.775463 -381.159938 -465.255226 -605.494052 -776.166874 -1077.869438 -1285.603000 -1406.208421 -1348.096953 -1223.748628 -1242.496532 -1212.178140 -1182.979702 -1299.840983 -1485.687168 -1401.804882 -1253.496284 -497178.971615 2637.929645 -9999.0 -9999.0 -9999.0 -898.790821
-1338.893799 -1354.165346 -1356.915219 -918.913579 -519.520946 -857.157737 -504.869470 -394.145483 -275.201288 -368.531084 -469.041546 -431.587494 -473.613233 -572.667144 -711.995470 -738.635995 -737.025642 -842.621424 -1438.793510 -1028.162532 -749.848731 -690.167431 -463.880338 -5.736726 -448238.090542 -93611.937293 -210605.609949 -178493.152210 -80385.165922 -151488.025157 -13.548051 -506.718759 -613.799421 -814.305361 -858.573137 -1015.292659 -1123.145002 -1271.607458 -1276.776407 -1242.904221 -1255.794314 -1228.972476 -1223.525254 -1200.461660 -1547.305963 -1427.483738 -1676.336981 -1496.565110 -582780.998025 -478299.648147 -9999.0 -890.383658 -1177.248914 -1387.601460
-1387.234496 -1407.213748 -1412.130960 -970.850317 -718.703827 -454.314556 37.828638 5.802741 -113558.917586 -35.633709 38.023952 41.674067 -239.019055 -324.215195 -472.921751 -696.014789 -727.221712 -916.436305 -1118.756559 -1230.290690 -986.894748 -905.599228 -627.805211 -289.912726 -17.598547 -193353.715190 -202181.804448 -181049.653301 -93785.717178 -135193.128349 -183.188298 -474.296043 -601.804675 -814.951048 -999.118416 -1085.873164 -1134.778753 -1221.944036 -1374.696410 -1283.896033 -1236.873688 -1241.614632 -1244.867860 -1245.632656 -1303.356761 -1297.257992 -1480.491925 -1554.097778 -1315.304233 -891.994275 -994.919004 -1326.907644 -1433.965947 -1383.613001
