geotop_simulations/templates/TEST_Venosta_3D_034_template/rec/SoilTemperature0000L0004.asc
ncols         252
nrows         194
xllcorner     598250.000000
yllcorner     5144500.000000
cellsize      250.000000
NODATA_value  -9999.0
[rows 112 to 139 of 194, columns 126 to 188 of 252]
8.346154 8.188111 7.997604 7.823777 7.614268 7.356994 7.062517 6.758014 8.107507 7.794484 5.804877 5.418248 5.018582 4.550100 4.012742 3.358307 2.651932 2.251505 1.908284 1.569008 1.265187 1.012665 5.884322 0.624470 0.537974 0.490428 5.372283 0.603388 0.773026 0.931513 1.131087 1.404313 1.716113 2.009943 2.417764 2.738269 3.072667 7.507489 7.472412 3.401033 3.622363 3.812322 3.932898 4.170689 6.826619 7.080886 7.226609 7.329267 7.491071 7.602344 7.726785 7.860759 9.698589 9.603004 5.879316 4.768552 4.757297 4.754872 4.738213 4.726141 4.732389 4.766025 4.765121
4.539658 4.468841 8.244369 8.056694 7.822831 7.557209 7.271429 6.965752 8.278164 7.961256 5.993335 5.599853 5.191567 4.700283 4.166624 3.529387 2.714330 2.305011 1.988371 1.676897 1.420568 1.122866 5.939392 0.739320 0.558897 0.505084 0.511647 0.568289 0.726068 0.900161 1.104526 1.341978 1.610622 1.882761 2.146768 2.397333 5.667079 5.894179 3.247952 3.518896 3.762866 3.960238 4.110067 4.255426 4.378243 4.466184 4.575332 4.681368 4.726236 4.773645 4.843202 7.592651 7.615001 4.910984 4.854836 4.811538 4.781965 7.587522 7.896014 7.784892 7.558882 7.338901 7.184979
6.851136 4.577891 6.678984 8.528397 7.972672 7.735898 7.480174 7.180305 6.871764 6.567973 6.224981 5.817375 5.363415 4.896030 4.383782 3.723960 2.832553 2.431480 2.180725 1.843504 1.493761 1.176300 5.637808 0.826672 0.780267 0.769506 0.786291 0.876872 1.005827 1.012371 1.209367 1.461217 1.724826 2.000290 2.261734 2.507247 2.731948 3.067164 3.358182 3.610408 3.843217 4.039263 4.212419 4.368048 4.497581 4.603210 4.700941 4.788653 4.863400 4.926299 7.612747 7.621345 7.548353 4.895429 4.832949 4.787922 8.044505 7.903452 7.807746 7.629327 7.370255 7.157590 6.946681
6.916277 6.850627 6.776236 6.676103 8.516459 7.873057 7.630078 7.366364 7.055486 6.735331 6.414771 5.996213 5.549848 3.177231 2.963504 2.682600 2.923343 2.576128 2.234063 1.853761 1.491009 1.171640 0.901818 0.716912 0.626928 0.670528 0.722096 0.835764 1.037399 1.279671 1.545081 1.818686 1.817917 2.084360 2.347778 2.599925 2.857852 3.176370 3.447817 3.681316 3.892794 4.081065 4.266883 4.415534 7.216191 7.314562 7.390269 4.855631 4.920226 4.975870 7.632130 4.994266 4.909025 4.843141 6.580211 8.121243 7.973106 7.815812 7.664298 7.467809 7.196195 6.938879 6.669779
4.693718 6.862533 6.840640 6.810778 4.435273 4.393519 5.677421 5.543083 6.239515 6.323921 3.775598 3.610409 3.403853 3.200247 3.624237 3.393879 2.988497 3.512595 2.198658 1.805723 1.422452 1.088380 0.815056 0.634616 0.448709 0.468687 0.524931 0.577112 0.853023 1.170365 1.489870 1.845198 2.182631 2.122612 2.383685 2.641308 2.963770 3.260444 3.513719 3.734079 3.923461 4.099725 4.294695 4.443497 4.573854 4.682749 4.772785 4.850063 4.927018 4.984213 5.001895 7.501010 4.859077 4.807063 8.163149 8.026828 7.850054 7.662901 7.493211 7.276822 6.923816 6.450399 6.018661
4.609975 4.559642 4.531167 4.514479 6.768065 4.376344 4.297607 4.171119 4.062141 3.917366 3.711363 5.918253 5.687842 4.931276 5.387126 4.746325 3.785892 3.353252 2.110324 1.732144 2.239434 1.914981 1.704034 1.563685 0.152811 0.334657 0.360542 0.348666 0.685529 0.956401 1.258562 1.701261 2.084040 2.473194 2.837081 3.224888 3.002937 3.296876 3.548162 3.761438 3.944450 4.130558 4.320683 4.454477 4.569757 4.647978 4.706979 4.798128 4.895165 4.939913 4.947676 7.417261 4.811024 8.235001 8.112500 7.937985 7.741371 7.534642 7.324029 7.066463 6.638700 6.999713 6.487084
8.199345 6.287887 8.074238 7.835047 7.662348 10.858421 7.347312 7.160281 6.828232 6.501564 6.110631 6.587562 6.164659 5.537504 4.053887 3.829747 4.011807 3.137585 1.995590 1.652443 2.045033 1.710481 0.671723 0.519204 0.400032 0.365166 0.332841 0.237673 0.279289 0.795265 1.063951 1.433768 1.873483 2.303185 2.653195 3.129693 3.610468 4.453033 5.170135 3.771160 3.964812 4.155436 4.316529 4.449289 4.537447 4.564734 4.612196 4.706148 4.786536 4.784921 4.774117 5.851572 8.243371 8.169414 8.050996 7.863769 7.640461 7.398813 7.125415 6.892371 6.489811 6.633325 5.975571
8.281772 8.397182 8.340043 7.248423 7.726648 7.504703 7.361009 7.247751 7.049903 6.769463 6.463045 5.236821 4.844540 4.189799 3.659756 4.347890 3.693756 1.933890 1.902496 2.339491 1.887211 0.748181 1.294450 1.185019 1.122970 1.118737 0.370768 0.417384 1.532986 1.768932 2.058046 2.395319 2.842423 3.245000 3.630236 4.114002 3.351796 4.154915 5.114791 5.776782 4.952272 6.774382 5.803002 6.447961 7.299312 7.195538 7.267542 7.207338 7.272299 8.512560 8.456591 8.406549 8.502013 8.545076 7.903429 7.621622 7.204016 7.679261 7.534141 6.670374 6.415033 6.355509 5.521581
7.581756 7.913522 7.990189 7.637898 7.054422 6.615419 6.666362 6.519862 6.331663 6.073723 5.816225 5.563759 5.175263 4.655647 4.107623 3.930628 2.480243 1.654315 1.769373 1.627431 1.872408 1.339193 1.088166 0.990279 0.946387 0.959460 0.370532 0.417491 0.526887 1.529832 1.800921 2.116278 2.556812 2.966231 3.328828 3.877438 4.324912 5.049355 6.123533 5.724545 4.939001 6.818250 6.849367 7.625736 7.721963 6.680090 7.856669 6.867874 7.771367 7.964935 7.903409 7.726472 7.794906 8.036608 7.564999 8.007883 7.554307 7.149650 7.062689 7.047707 6.821572 6.188046 5.326802
6.821379 7.424152 7.643795 7.656515 7.295040 6.744248 6.172876 5.843776 5.605536 5.344678 5.111629 4.926928 4.599383 3.550882 3.658840 2.951359 2.248190 2.436225 1.564012 1.603395 1.980651 1.326218 0.959151 0.828865 0.789718 1.562863 1.608198 1.006025 1.779322 1.338082 1.593386 1.905655 2.315878 2.701128 3.122206 3.646578 3.853600 4.527915 5.768874 6.722007 6.207711 6.670551 6.703318 7.289967 7.172377 7.162779 7.184789 7.488945 7.383208 7.282679 7.285131 7.073126 7.144938 7.411289 7.789911 7.698359 7.245212 6.713269 6.444725 6.501489 6.520155 6.047824 5.286627
6.080313 6.937727 7.259367 6.823053 6.777452 6.256308 5.472443 5.153822 4.910281 4.637030 4.416367 4.229603 3.933607 3.680738 3.203112 3.133882 2.677792 2.229737 2.263087 2.243970 2.032914 1.391062 0.949644 0.788208 0.736050 0.762459 0.835110 0.935527 1.852602 1.239300 1.465965 1.728794 2.091919 2.483192 2.938456 3.342588 3.560196 4.326705 5.257976 6.374316 7.120823 6.325626 7.106858 6.781735 6.539843 6.451077 6.378341 6.826818 6.983033 6.729359 6.642744 6.390694 6.556106 6.747318 6.894232 7.272591 6.864138 6.314408 5.874711 5.829061 6.171444 5.948402 5.321925
5.321977 6.677901 6.884871 6.386494 6.215895 5.314228 4.916817 4.499829 4.204952 3.966738 3.768393 3.551640 3.226820 3.234569 2.913723 2.834565 2.394790 2.033570 2.093280 2.134545 2.034519 1.465101 0.984770 0.815876 0.776646 0.797179 0.856196 1.951812 1.971900 1.155618 1.311924 1.539187 1.894373 2.303841 2.621303 2.978277 3.407836 4.223780 4.856141 4.442778 5.935396 6.120180 6.694879 6.229647 5.904340 5.824264 5.619315 5.913325 6.395796 6.215326 6.036846 5.864212 6.057344 6.150030 6.020935 6.765448 6.468445 5.976719 5.475870 5.158352 5.631641 5.771526 5.231348
4.441815 6.497043 6.475032 5.858193 5.235960 4.762699 4.354338 3.906942 3.489256 3.259383 3.205506 2.984756 2.468106 2.817549 2.666214 2.574529 2.163416 1.837516 1.880222 1.953186 1.977340 1.511471 1.057260 0.861412 0.819149 0.833947 1.985573 1.969251 2.049046 1.087718 1.179358 1.360582 1.805649 2.114476 2.386619 2.809247 3.340965 3.920906 2.529354 4.428396 5.787503 6.767142 6.216804 5.661221 5.266188 5.135352 4.975409 5.119234 5.775471 5.725603 5.494785 5.296805 5.519140 5.657694 5.322623 6.214310 6.011494 5.568719 5.106219 4.541275 4.869736 4.892963 5.147137
4.666497 6.141307 6.022539 5.314941 4.667346 4.200906 3.759005 3.299464 2.893033 2.633561 2.627096 2.445387 1.810577 2.245155 2.380977 2.291273 1.774140 1.549157 1.598695 1.629251 1.624065 1.531252 1.059034 0.809746 0.765458 0.784280 0.815791 0.875214 0.946048 1.152031 1.284633 1.402122 1.604189 1.928427 2.304322 2.740228 3.122819 1.473355 1.505482 4.944570 5.688809 6.392457 5.672192 5.045520 4.618439 4.401636 4.270190 4.422071 4.986021 5.184857 5.011772 4.650287 4.732935 5.001503 4.771184 5.502404 5.450347 5.053991 4.622568 4.060002 4.011420 3.892513 4.358799
4.664338 5.768611 5.518938 4.749833 4.056468 3.633092 3.176647 2.773786 2.466755 2.244122 2.239016 2.063542 1.452504 1.883264 2.138318 2.018211 1.490139 1.209346 1.219109 1.240198 1.293183 1.066447 0.761423 0.602038 0.598120 0.674811 0.785023 0.931258 1.097572 1.282939 1.382954 1.423433 1.555485 1.942980 2.393461 2.603944 1.737204 0.944515 2.437447 5.251461 6.639732 6.027262 5.175357 4.449763 4.000600 3.714447 3.568175 3.647653 3.962127 4.464086 4.496653 4.214458 4.046355 4.299814 4.329000 4.901594 4.937010 4.587242 4.145098 3.716240 3.373038 3.176995 3.356147
3.803576 4.881900 5.007242 4.155882 3.392376 3.005069 2.622072 2.315329 2.032806 1.945667 1.879195 1.718137 1.217151 1.549652 1.633194 1.722558 1.178419 0.922868 0.911544 0.924980 0.809147 0.475949 0.267660 0.267736 0.345133 0.522670 0.759665 0.998506 1.162143 1.292496 1.336881 1.423467 1.675825 2.113274 2.515865 1.701120 0.984550 0.905093 4.318164 5.604906 6.479538 5.713647 4.793719 3.965519 3.432596 3.170219 3.046242 3.109970 3.221447 3.604519 3.864894 3.799179 3.620227 3.771642 3.850483 4.386653 4.472104 4.156239 3.718062 3.324077 2.940244 2.744136 2.741818
4.806975 4.544766 4.449859 3.491390 2.773184 2.283489 1.951318 1.714970 1.569368 1.518551 1.481997 1.438272 1.102912 1.388042 1.306817 1.256047 0.839865 0.528249 0.360267 0.214670 0.026723 0.012735 0.007997 0.010862 0.174142 0.319106 0.627514 0.917967 1.102951 1.281444 1.479298 1.768409 2.130356 2.358006 2.735308 1.636228 0.359913 2.478048 5.246615 5.671788 6.243024 5.398000 4.487756 3.648151 3.038845 2.729610 2.634904 2.656472 2.743794 2.900601 3.129381 3.183379 3.201016 3.372906 3.374830 3.937091 3.977551 3.613686 3.118555 2.666702 2.217374 2.178454 2.182415
4.871859 4.317959 3.981389 2.909267 2.016091 1.525543 1.239145 0.958836 0.834208 1.078513 1.142626 0.813643 0.746632 1.025347 1.211468 0.439562 0.033092 0.022067 0.013444 0.004383 -0.002029 -0.007853 -0.005702 -0.001247 0.008126 0.214712 0.402014 0.816776 1.170369 1.605986 2.062953 2.848456 3.022875 2.845625 2.405621 1.633709 1.230276 4.312575 5.790692 5.772535 6.061658 5.117463 4.202067 3.388490 2.755180 2.345657 2.129595 2.171639 2.266910 2.329083 2.415729 2.457283 2.597280 2.842943 2.874440 3.468554 3.644175 3.321324 2.817288 2.079888 1.730024 1.630101 1.624066
4.796274 4.060001 3.678524 2.601212 3.511762 2.358615 0.428303 0.491667 2.961389 0.267631 0.547374 0.572822 0.569842 0.633184 0.902666 0.064692 0.002031 2.058252 1.942112 -0.007880 1.963530 2.612507 3.379894 3.752611 3.853884 3.972936 0.945871 1.329511 1.771091 2.091783 2.852510 3.116770 3.424372 3.600265 3.149225 2.222788 4.279192 3.049887 6.004726 5.988647 6.070857 5.141188 4.192381 3.327460 2.687105 2.196147 1.801374 1.590936 1.530901 1.762509 1.426276 1.882318 2.002145 2.315218 2.341264 2.912946 3.223832 2.976213 2.573180 2.161349 1.370682 1.198993 1.147147
4.020938 3.892440 3.471984 5.293515 4.198084 2.536585 1.930328 1.842103 1.578801 1.930716 3.283684 0.471862 0.421137 0.412862 0.256784 -0.000194 -0.001485 -0.005614 1.731546 2.855854 4.423824 5.234859 1.634041 1.769690 1.954554 2.127290 2.312908 2.585719 2.846689 2.832977 2.876473 3.759789 4.325696 4.290393 4.359529 4.418345 5.000322 5.802871 5.977733 5.897832 5.647884 5.007502 4.483948 3.638897 2.931787 2.334038 1.785060 1.248129 3.002212 1.071803 1.200155 1.230782 1.687508 1.821892 1.738616 2.318752 2.483672 2.214865 2.108407 1.801941 1.348839 0.836549 0.610638
3.795452 4.179613 3.265068 2.030303 2.803367 2.017296 1.856206 1.260693 0.994577 1.294862 2.212165 0.247867 2.837793 2.489854 1.897387 -0.000322 -0.008710 0.092954 3.256131 4.878304 1.544312 1.752829 2.003201 2.141464 2.418775 2.680763 2.829813 3.023206 3.134876 3.449328 3.942985 4.715970 7.311596 7.657912 5.310011 5.282327 5.509064 5.703201 5.621162 6.308759 5.996276 5.147521 4.820573 4.028587 3.249535 2.574903 1.914950 1.238570 0.805559 2.497389 0.819548 0.971381 1.086778 1.024874 1.301020 1.725054 2.200660 2.255663 1.678177 1.578287 1.204796 0.578102 0.230085
3.653370 3.403909 3.146044 1.972750 2.568934 1.901888 1.046016 0.221700 0.065622 0.872587 1.760775 2.133394 1.742841 1.635345 1.714574 0.009156 2.413995 3.739834 4.989932 5.629966 1.434540 1.597791 2.132191 2.557067 3.047149 3.370662 3.509069 3.619794 4.063113 7.079773 7.360122 7.757147 5.173260 5.654071 5.742370 5.421645 5.452269 5.487957 6.199982 5.716769 5.431364 5.416024 5.068611 4.369197 3.610195 2.870197 2.175149 1.481112 1.386635 3.021161 2.780018 2.956350 0.754293 0.811508 0.973517 1.311763 2.136323 1.857129 1.696770 1.105001 0.812960 0.729344 0.022536
3.417651 3.705606 2.985919 1.345740 5.146788 3.872629 2.463856 1.941748 2.068507 2.743300 3.030025 2.462219 1.786958 1.924810 1.956491 2.114031 3.515205 4.576429 5.248784 1.391763 1.608628 1.609470 1.977797 2.788868 3.622590 4.102325 4.419885 4.636301 7.525442 7.708699 8.105712 5.706225 4.890068 2.937010 6.888086 6.653703 6.339662 6.044846 5.668457 5.169384 4.600738 4.796175 4.630928 4.127793 3.402689 2.730998 2.473288 1.726933 1.705049 1.610921 4.091033 2.818527 0.654764 4.173578 5.042854 5.157490 1.112703 1.787201 0.887913 0.278006 0.020929 0.518646 3.387483
3.177675 3.375529 2.362174 5.253797 5.350155 4.667952 3.491790 3.636287 3.586149 3.113797 2.841549 2.173290 1.825240 1.783731 1.712270 2.937349 4.275397 4.867069 1.076551 1.459699 1.819316 1.909981 1.951581 3.066385 4.119109 7.325497 7.737607 7.994825 8.203509 8.337168 5.933807 6.281889 2.879752 6.074230 6.685291 6.399816 6.124240 5.679032 5.172125 4.674276 3.951810 4.044068 4.331546 3.840154 3.327391 2.487992 2.192220 1.058849 1.360432 1.877020 1.568441 1.078275 3.177086 3.075585 3.909642 0.453155 0.448691 0.837433 0.749852 0.017655 -0.001595 2.237093 2.501751
2.944823 2.011059 0.911957 0.018266 2.819647 2.291821 1.995119 2.002319 1.766698 1.458395 1.399398 1.695041 2.208579 2.960257 3.480040 4.423767 5.293144 5.931469 6.500797 2.112623 2.567146 2.782311 3.069430 3.332333 4.186267 5.188788 8.015031 8.463969 8.622549 8.586781 6.382056 6.286505 6.793144 6.614664 6.172747 5.699164 5.680136 5.491773 4.944976 4.355379 3.555178 3.447847 3.615036 3.467596 2.756741 1.884556 1.792833 0.929120 0.459210 0.048396 0.893413 0.895848 0.716330 2.460353 2.952585 3.854025 0.426639 0.568768 0.687378 0.614311 2.882837 2.684080 2.685117
3.172981 1.549032 0.046428 -0.012873 0.854147 0.943100 0.965627 0.932587 0.846469 1.021273 1.619954 2.520399 4.031118 4.996051 5.539329 5.958583 6.509839 7.258121 2.305862 2.763776 3.217391 3.646307 3.879189 4.119023 4.664673 5.490304 7.894570 8.488742 8.693517 8.635251 6.584304 6.983034 6.613993 6.105766 5.605376 4.893699 4.668417 4.926875 4.690729 4.134313 3.336117 2.860518 2.883656 2.609398 1.743287 1.748485 0.791860 0.996353 0.509767 0.358518 2.325013 0.359453 0.616221 3.372107 3.796902 4.068615 3.574074 0.389153 0.472162 0.573151 3.220431 -9999.0 -9999.0
1.265062 0.192154 0.004078 -0.025811 0.135766 -3.611412 -3.633132 -1.010713 -1.662424 1.276876 2.157719 2.866944 4.443957 5.381216 5.914174 6.409626 1.734393 1.908802 2.147930 2.567393 2.921369 3.364413 4.200616 4.341219 7.736248 7.901901 7.999191 8.509526 8.744483 8.299477 7.268835 6.369996 6.159437 5.536957 4.970210 4.270240 3.817116 3.893503 4.036621 3.817758 3.175456 2.001992 2.314888 1.322363 1.784292 1.033849 0.516759 0.239726 0.020523 1.629848 1.928792 2.195157 0.115273 2.771690 3.380037 3.127737 2.701113 0.288926 0.345573 0.528109 3.660406 -9999.0 -9999.0
1.020284 2.090621 1.494739 1.167103 0.350390 -1.019243 -0.719546 -0.786966 -2.578684 1.806966 2.620526 2.851962 3.046759 3.980250 4.921501 5.429416 5.756945 5.881594 5.452725 1.553784 1.740468 2.869914 3.612067 4.294477 5.318664 7.984431 8.363631 8.435512 8.415548 6.812806 7.190462 6.444967 5.653977 4.984850 4.376130 3.656890 3.258747 3.078402 2.929376 3.284610 2.268191 1.278277 0.907192 1.307892 0.805641 0.630475 0.382191 0.057993 0.018932 1.880284 2.002743 1.948360 1.809151 1.994087 2.149734 2.006252 2.132287 2.474962 0.453958 3.555968 -9999.0 -9999.0 -9999.0
