geotop_simulations/templates/TEST_Venosta_3D_034_template/rec/SoilPressure0000L0008.old.asc
ncols         252
nrows         194
xllcorner     598250.000000
yllcorner     5144500.000000
cellsize      250.000000
NODATA_value  -9999.0
[rows 100 to 124 of 194, columns 0 to 55 of 252]
-9999.0 -9999.0 -9999.0 -9999.0 -9999.0 -9999.0 -9999.0 -9999.0 -9999.0 -125.484445 -117.520543 -126.108221 -118.129163 -9999.0 -9999.0 -9999.0 -9999.0 -9999.0 -9999.0 -9999.0 -9999.0 -9999.0 -9999.0 -9999.0 -9999.0 -9999.0 -9999.0 -9999.0 -9999.0 -9999.0 -9999.0 -9999.0 -9999.0 -9999.0 -107.240333 -113.845845 -118.939296 -124.075843 -135.486998 -142.175032 -219.040883 -247.861348 -240.687717 -280.979479 -337.223785 -440.311318 -438.428486 -417.543889 -401.758820 -415.695224 -426.445320 -432.781698 -420.222688 -427.287069 -285.023523 -294.901858
-9999.0 -9999.0 -9999.0 -9999.0 -9999.0 -9999.0 -9999.0 -9999.0 -9999.0 -102.858098 -107.622885 -113.438839 -113.285149 -9999.0 -9999.0 -9999.0 -9999.0 -9999.0 -9999.0 -9999.0 -9999.0 -9999.0 -9999.0 -9999.0 -9999.0 -9999.0 -9999.0 -9999.0 -9999.0 -9999.0 -9999.0 -9999.0 -9999.0 -9999.0 -103.292245 -113.656022 -118.878334 -122.834662 -134.104221 -145.263503 -238.805747 -239.350414 -234.548071 -255.121987 -309.231354 -320.467413 -469.826903 -446.283699 -420.495993 -412.860014 -432.048939 -289.224244 -323.671518 -318.357237 -448.004748 -483.692906
-9999.0 -9999.0 -9999.0 -9999.0 -9999.0 -9999.0 -9999.0 -9999.0 -9999.0 -115.849790 -111.515418 -110.415117 -108.006203 -122.354447 -126.764711 -9999.0 -9999.0 -258.356910 -269.461316 -271.222634 -283.581112 -285.369150 -259.093622 -9999.0 -9999.0 -9999.0 -9999.0 -9999.0 -9999.0 -9999.0 -9999.0 -9999.0 -9999.0 -9999.0 -9999.0 -100.225626 -102.049168 -114.902200 -128.756062 -213.178441 -216.879192 -229.826120 -232.626745 -226.261919 -242.131280 -291.090977 -327.730494 -468.943094 -442.181532 -412.160336 -421.063226 -458.166116 -344.892229 -341.030647 -335.815727 -485.856181
-9999.0 -9999.0 -9999.0 -9999.0 -144.412212 -149.841619 -148.571622 -159.244068 -178.589063 -146.736304 -127.963273 -246.385182 -242.253439 -247.074641 -246.851074 -234.068504 -9999.0 -274.250932 -276.669191 -270.546428 -284.563729 -288.106703 -266.925155 -9999.0 -9999.0 -9999.0 -9999.0 -9999.0 -9999.0 -9999.0 -9999.0 -9999.0 -9999.0 -9999.0 -9999.0 -106.539929 -105.884295 -104.598396 -169.134911 -175.074187 -181.284033 -200.515428 -178.163953 -162.985852 -209.234352 -240.065318 -291.314705 -320.534817 -475.364380 -455.859536 -436.472950 -450.571824 -475.868087 -342.629608 -339.494549 -331.679420
-9999.0 -9999.0 -9999.0 -181.573726 -186.020596 -184.300527 -179.995511 -193.796511 -204.719090 -169.754258 -152.584157 -255.553907 -252.761426 -252.254965 -255.400862 -248.188318 -252.401720 -270.644514 -271.850384 -267.277137 -278.028439 -292.920465 -279.835991 -290.402214 -286.926751 -270.537495 -9999.0 -9999.0 5073.570276 -86.468330 -111.494768 -195.779853 -198.534334 -9999.0 -9999.0 -9999.0 -93.789083 -90.110464 -95.283466 -145.059627 -149.900850 -155.705072 -182.290669 -196.936215 -208.336564 -229.086933 -286.877681 -305.718440 -371.223053 -369.553924 -353.286008 -336.941349 -477.141671 -278.690067 -277.868097 -274.978430
-9999.0 -9999.0 -9999.0 -295.969555 -298.616891 -299.270164 -302.312671 -308.754008 -306.414467 -274.313999 -262.744557 -265.832123 -265.489660 -262.562616 -262.773401 -261.670444 -264.012977 -277.165965 -275.939307 -270.225434 -277.620859 -288.626931 -298.764801 -302.684005 -223.248367 -197.293386 -186.645161 -193.730777 -187.620291 -158.744119 -9999.0 -9999.0 -9999.0 -9999.0 -9999.0 -9999.0 -75.547932 -82.450618 -88.832416 -88.181038 -137.101920 -161.121181 -187.285147 -205.370132 -212.976463 -220.961991 -245.693045 -315.216442 -506.188259 -356.939654 -349.941466 -339.006062 -280.743124 -276.459661 -274.761021 -235.903565
-9999.0 -9999.0 -9999.0 -296.384507 -297.563359 -307.536457 -309.476200 -305.457084 -299.921631 -259.478741 -252.297860 -257.915321 -262.970330 -263.368803 -268.136517 -272.208741 -281.929774 -286.114153 -280.820618 -269.402795 -274.654000 -286.311006 -247.259408 -221.827794 -207.957435 -193.222710 -179.772353 -189.236911 -165.994112 -143.033072 -70.708191 -9999.0 -9999.0 -9999.0 -9999.0 -9999.0 -62.772046 -81.967407 -84.321973 -82.000171 -145.603346 -162.750755 -175.453049 -198.107275 -209.855221 -228.324370 -249.643160 -275.317836 -327.174435 -239.664943 -283.022236 -279.040719 -276.289938 -274.737932 -270.696255 155.236975
-9999.0 -9999.0 -326.302092 -307.318259 -299.874864 -313.459908 -308.156419 -294.319789 -267.318193 -261.037125 -254.828153 -256.221345 -257.984307 -262.111096 -271.924057 -282.571195 -298.479379 -292.766590 -285.779003 -281.217074 -284.210946 -285.061485 -217.240036 -202.627419 -198.728469 -198.312190 -181.635233 -164.470876 -132.704714 -124.051588 -69.796129 -9999.0 -9999.0 -9999.0 -9999.0 -9999.0 -54.214320 -77.876181 -81.463186 -75.704348 -83.128724 -162.328674 -173.126725 -190.296058 -223.816526 -257.876610 -293.611496 -323.824847 -363.523465 -416.405241 -458.618623 -282.269138 -278.605407 -275.270421 158.241308 146.114217
-9999.0 -9999.0 -287.939836 -306.515115 -304.134100 -306.444859 -311.362769 -290.052024 -275.617213 -271.404262 -269.281881 -267.852938 -267.246472 -276.271640 -292.591892 -302.701987 -315.860414 -304.601753 -300.051937 -296.272520 -294.965108 -279.238603 -221.820115 -201.769547 -222.029638 -198.571275 -181.667951 -112.577974 -92.533486 -74.502726 -66.590031 -9999.0 -9999.0 -9999.0 -9999.0 -21.997118 -51.230022 -64.890257 -69.245300 -75.600220 -87.500186 -100.263722 -201.184269 -222.822498 -262.064691 -303.732223 -335.232797 -362.034170 -391.272830 -433.881608 -277.883228 -284.929067 -279.868984 227.463942 174.312450 -207.723874
-9999.0 -9999.0 -142.796331 -131.820980 -251.710264 -258.075881 -270.584864 -282.644850 -279.996476 -275.715125 -272.797604 -272.461580 -281.571806 -295.610407 -312.443361 -321.966253 -304.620305 -324.406386 -315.025543 -307.716932 -297.178735 -287.070121 -335.774596 -258.420329 -245.205643 -132.696449 -127.116864 -193.753670 -109.963195 -99.524140 -88.306089 -70.695898 -66.041673 -71.735503 -60.918441 -46.344871 -67.023799 -87.306686 -93.415808 -98.162288 -111.162340 -229.809678 -256.257437 -280.408660 -339.198267 -354.728059 -375.207517 -394.947126 -416.733879 -451.581278 -492.452725 -289.698296 -206.353344 896.215038 -202.464926 -190.494087
-9999.0 -9999.0 -139.190137 -127.343167 -122.188906 -243.610777 -253.684174 -262.750108 -279.573095 -287.516875 -293.083711 -299.622861 -303.615544 -300.760048 -318.543289 -339.338605 -320.947015 -347.323268 -334.264830 -322.018653 -311.110043 -321.632358 -366.620302 -341.061804 -310.568157 -289.902250 -251.502999 -247.888205 -227.555096 -220.424291 -113.112929 -89.424692 -85.791998 -91.625070 -79.549076 -85.914527 -96.205865 -103.990389 -110.528690 -118.466667 -227.581212 -242.695769 -255.349099 -272.431977 -323.384393 -353.731548 -377.874479 -403.067799 -432.625490 -465.851300 -492.679592 -259.027272 5595.701273 768.797254 -193.781612 -195.235160
-9999.0 -9999.0 -124.599663 -118.914947 -118.175364 -128.803732 -231.107068 -242.819171 -261.692559 -289.498786 -295.201014 -306.267549 -271.911791 -293.702454 -269.249358 -307.999780 -318.555287 -355.295248 -345.172220 -327.719635 -341.879530 -325.544840 -390.184159 -373.423838 -349.850875 -329.622367 -311.002156 -252.638479 -251.118805 -235.020457 -221.170291 -192.869386 -166.017947 -149.116459 -93.783251 -112.722481 -119.716574 -209.163561 -215.772726 -222.528198 -236.456644 -246.114389 -257.051583 -272.225851 -326.403148 -354.269646 -384.393383 -414.673026 -332.661290 -471.580910 -492.699767 -94.278025 6978.164987 -193.652371 -198.642938 -308.067692
-9999.0 -9999.0 -81.213060 -95.474103 -104.555558 -123.951972 -208.181522 -227.561650 -235.003702 -234.411417 -253.960653 -290.517468 -291.717353 -251.953243 -262.552143 -296.409850 -306.730556 -304.812795 -298.777057 -284.059892 -290.471454 -423.405341 -404.251683 -384.952410 -354.786272 -353.601800 -278.487891 -263.488638 -244.169151 -240.408853 -220.983996 -203.585840 -189.994211 -186.138363 -206.226516 -225.558098 -221.266885 -223.291890 -225.477003 -234.799393 -242.457179 -252.178463 -266.343297 -317.338754 -342.766812 -365.740744 -391.094950 -421.938243 -448.142460 -468.684180 -484.222645 5756.583029 -55.273025 -197.251378 -203.345167 -305.154874
-9999.0 -9999.0 -32.870331 -56.517923 -88.775472 -112.433878 -139.485079 -214.674344 -221.444060 -223.051577 -222.992567 -224.904255 -226.899128 -192.255183 -192.776225 -209.421762 -228.756820 -77.181989 -294.068117 -296.029958 -461.063378 -436.474965 -413.759323 -394.792523 -274.822910 -270.240968 -266.915548 -277.605754 -256.223501 -243.558557 -232.187095 -220.156364 -218.965411 -236.951360 -241.639475 -252.187113 -247.420637 -237.777972 -240.627745 -247.918623 -253.283130 -262.683758 -308.732707 -335.022118 -360.137754 -385.505793 -408.600823 -323.375819 -450.135756 -464.793357 -184.882385 1700.587671 -200.508543 -198.144267 -305.186163 -203.592097
-9999.0 -9999.0 -19.316918 -36.579795 -70.098553 -116.882860 -131.261825 -127.230696 -201.271561 -239.957231 -206.753885 -215.167231 -280.072559 -294.458659 -305.529147 -208.303821 -176.213895 17718.327197 3102.960096 748.059806 -294.616322 -448.246393 -424.048878 -403.419712 -266.468115 -262.850708 -263.543395 -326.514464 -299.805000 -251.475354 -242.268003 -234.298021 -235.698159 -247.599186 -262.063429 -268.588514 -259.340675 -254.303374 -256.938729 -262.399226 -268.066405 -274.068215 -280.208230 -335.218308 -364.282782 -398.043127 -423.549393 -438.258167 -314.031701 -261.832986 -142.379582 -205.404701 -205.746986 -207.018006 -286.134149 -267.239176
-9999.0 -9999.0 -10.231846 -22.593983 -63.975288 -122.427222 -122.132727 -100.920017 -175.319562 -187.663193 -208.633885 -231.065611 -254.265420 -277.160451 -293.685513 -304.965964 -316.567595 -329.544834 954.534504 1562.899832 -294.318606 -468.564701 -446.838401 -423.722340 -400.216573 -260.180011 -256.800825 -257.941185 -322.769252 -294.708423 -277.289365 -283.097332 -253.103992 -306.042212 -283.393054 -281.280882 -274.512941 -268.131214 -292.978641 -306.944860 -260.000513 -264.079233 -290.110271 -290.917860 -365.133534 -395.193808 -424.349375 -264.492481 -260.725096 -251.059031 -144.060383 -209.767920 -216.131633 -316.638116 -281.851181 -253.877557
-9999.0 -9999.0 6.067712 -26.187006 -79.071699 -126.770153 -100.421615 -78.403006 -118.808791 -153.113892 -176.602642 -201.839182 -230.441723 -255.744411 -279.024880 -294.455883 -305.230496 -313.732416 -322.599172 -329.533397 -360.733687 -293.340153 -466.824315 -446.408232 -428.569251 -404.900401 -380.441785 -260.610743 -259.488438 -327.710845 -309.996737 -270.024452 -327.069042 -339.648601 -360.623206 -354.266201 -341.250980 -327.134123 -314.600612 -329.009357 -349.324649 -275.477206 -385.622347 -397.372608 -401.482141 -413.472592 -437.591144 -264.117177 -252.756237 -255.416519 -229.856866 -221.574659 -332.857904 -307.244382 -276.537944 -251.537467
-9999.0 -9999.0 -9999.0 -141.872591 -139.711373 -100.577698 -74.595562 -103.859453 -102.284786 -194.051371 -135.066983 -183.017519 -212.213267 -238.888662 -263.875381 -282.989483 -295.751091 -304.913175 -312.242337 -318.372747 -327.446963 -361.873676 -286.887790 -463.699541 -450.659861 -432.688826 -411.876921 -392.087934 -373.349266 -355.907291 -342.203157 -336.076794 -348.793127 -360.758185 -381.650342 -379.502511 -363.119361 -349.974306 -333.870110 -336.165020 -354.378806 -264.972724 -406.469552 -425.305577 -432.885238 -439.630917 -455.420197 -264.740784 3319.948935 -245.904006 -240.888695 -232.988511 -329.133831 -299.421451 -265.217993 -236.507227
-9999.0 -9999.0 -9999.0 -153.097248 -103.315670 -69.784677 -48.842212 -43.630370 -84.244138 -93.916758 -123.323375 -153.960990 -217.485663 -228.774155 -253.049820 -271.531769 -284.851062 -296.864024 -306.713261 -315.142817 -322.021791 -331.706619 -360.853853 -276.932801 -279.048717 -278.010283 -432.231465 -416.735528 -400.729054 -269.326002 -377.248158 -376.587345 -393.515426 -403.738010 -401.240844 -290.886377 -383.284818 -372.070214 -369.079291 -356.383401 -357.256281 -379.641433 -270.251763 -275.773493 -447.838330 -448.554323 -264.137965 -257.702567 -262.829153 -272.105327 -260.851775 -372.774843 -329.014214 -296.521954 -262.341499 -202.887330
-9999.0 -9999.0 -9999.0 -82.284608 -78.489247 -15.898620 40.057732 -15.170341 -36.600525 -43.478108 -59.778248 -146.354076 -167.860566 -197.411609 -253.044277 -261.408936 -271.797085 -280.632242 -291.196216 -302.098030 -309.241796 -316.210155 -329.835337 -358.192413 2856.737416 -177.814308 -453.184636 -431.694371 -276.861361 -421.947326 -279.520608 -426.231455 -440.898951 -440.289777 -435.234381 -296.705505 -298.235892 -416.629912 -413.635953 -402.225911 -394.094149 -397.104710 -413.206897 -439.693729 -271.962865 -459.421070 -259.661388 -263.166944 -263.328324 -273.619107 -447.180838 -402.673423 -342.387222 -303.344875 -265.268890 -228.289247
-9999.0 -9999.0 -9999.0 -66.388341 -74.259774 36.031105 138.968269 58.439867 -41.347339 -46.492172 -51.872222 -83.023003 -161.574936 -195.455240 -213.087951 -263.410733 -257.898163 -262.936838 -272.971409 -283.846742 -293.019393 -301.331430 -312.613335 -328.936783 -341.097995 -187.971799 1913.931753 -206.494865 -279.840938 -283.731453 -287.739498 -466.647102 -470.967764 -465.552840 -464.890118 -303.791419 -307.356471 -308.990135 -304.450780 -301.724147 -439.636877 -439.735747 -445.961653 -275.154390 -467.111357 -265.472645 -463.166444 -442.130503 -259.566442 -427.481828 -405.928512 -395.052643 -366.391740 -319.045300 -282.366963 -263.437042
-9999.0 -9999.0 -9999.0 -56.661341 -67.989773 60.711986 144.530461 74.436142 -6.904427 -37.768962 -50.769328 -79.718581 -90.742633 -108.704695 -113.801631 -214.863878 -259.634830 -242.559105 -253.857907 -263.158514 -276.190493 -288.879922 -298.042746 -308.113653 -321.859844 -335.584960 -345.494818 -219.400101 -233.637316 -282.449688 -290.632134 -490.691410 -494.282708 -304.442941 -301.327374 -309.647102 -319.299780 -498.224076 -491.037174 -312.415477 -312.727534 -479.261453 -488.643435 -284.393933 -271.650617 -264.616686 -438.307102 -249.953379 -255.468318 -398.572363 -373.251711 -353.301410 -335.167944 -354.395937 -288.252930 -253.077344
-9999.0 -9999.0 -9999.0 -9999.0 -9999.0 140.251816 129.621252 114.944259 75.376866 -30.300594 -62.361280 -89.957340 -102.218710 -111.279614 -111.045521 -201.455525 -202.591636 -251.679429 -221.762099 -240.077641 -251.446979 -263.828091 -272.305817 -278.997847 -292.050308 -310.217119 -324.370493 -332.861464 -339.297073 -230.973923 -245.400221 -200.332011 -300.030565 -314.559223 -538.826937 -320.403083 -530.581002 -337.012162 -544.877288 -533.203001 -326.604412 -511.848001 -510.078017 -518.804737 -29.732662 -255.297418 -249.272867 -246.340961 -251.302995 -380.025203 -354.225100 -330.420853 -299.112235 -293.944348 -304.658495 -311.872992
-9999.0 -9999.0 -9999.0 -9999.0 -9999.0 -9999.0 -9999.0 -9999.0 -9999.0 -9999.0 -120.587444 -114.102996 -112.595730 -114.084194 -201.214311 -191.769192 -94.260761 -164.261841 -220.879371 -192.256495 -209.698475 -193.187147 -195.174922 -198.582257 -252.482740 -272.421834 -290.247982 -301.030855 -310.735728 -327.619889 -219.234003 -308.567000 -193.658823 -346.414640 -555.790205 -314.011277 -311.548971 -318.972306 -333.765114 -576.033613 -554.629660 -548.503143 -287.423271 3446.164018 52.566829 -254.803013 -247.695769 -243.401985 -245.522029 -359.624591 -340.742990 -319.057305 -285.414218 -278.351586 -197.205423 -189.147124
-9999.0 -9999.0 -9999.0 -9999.0 -9999.0 -9999.0 -9999.0 -9999.0 -9999.0 -9999.0 -9999.0 -9999.0 -113.178337 -109.344224 -81.038021 -64.616118 -58.213120 -54.245358 -121.960045 -128.638847 -157.563761 -178.527354 -169.482213 -209.598775 -221.040781 -237.638885 -260.397121 -281.357655 -297.124606 -311.876779 -334.238235 -360.990516 -244.402633 -252.468970 -257.012842 -267.019141 -298.675009 -215.996031 -222.186483 -218.760485 -1.830527 -118.632889 62.422239 43.664551 -174.287452 -254.901555 -247.663216 -244.185504 -351.948493 -332.320419 -319.494168 -307.407338 -298.589282 -271.881743 -255.987487 -179.063954
