geotop_simulations/templates/TEST_Venosta_3D_034_template/rec/SoilTemperature0000L0001.old.asc
ncols         252
nrows         194
xllcorner     598250.000000
yllcorner     5144500.000000
cellsize      250.000000
NODATA_value  -9999.0
[rows 84 to 111 of 194, columns 0 to 61 of 252]
-9999.0 -9999.0 -9999.0 -9999.0 -9999.0 -9999.0 -9999.0 -9999.0 -9999.0 -9999.0 -9999.0 -9999.0 -9999.0 -9999.0 -9999.0 -9999.0 -9999.0 -9999.0 -9999.0 -9999.0 -9999.0 -9999.0 -9999.0 -9999.0 -9999.0 -9999.0 -9999.0 -9999.0 -9999.0 -9999.0 -9999.0 -9999.0 -9999.0 3.305680 3.248658 3.091412 0.648174 2.381451 1.926282 1.837367 1.451842 0.748121 0.516092 0.014583 0.078187 0.697067 -0.027177 1.377550 0.395311 1.634375 0.853093 2.053198 3.355685 3.698559 3.746040 3.620034 3.359210 3.305924 4.199503 4.677817 5.385780 6.142811
-9999.0 -9999.0 -9999.0 -9999.0 -9999.0 -9999.0 -9999.0 -9999.0 -9999.0 -9999.0 -9999.0 -9999.0 -9999.0 -9999.0 -9999.0 -9999.0 -9999.0 -9999.0 -9999.0 -9999.0 -9999.0 -9999.0 -9999.0 -9999.0 -9999.0 -9999.0 -9999.0 -9999.0 -9999.0 -9999.0 -9999.0 -9999.0 0.837967 1.229541 1.378686 1.269935 1.063985 3.390502 2.889232 2.727456 2.082340 0.717798 -0.030431 -0.042250 -0.076414 -0.042716 -0.030600 -0.026592 0.087591 0.926720 2.156097 1.146766 2.839514 3.804407 3.864743 3.859327 4.048335 3.927148 3.867583 4.600807 5.327836 6.035380
-9999.0 -9999.0 -9999.0 -9999.0 -9999.0 -9999.0 -9999.0 -9999.0 -9999.0 -9999.0 -9999.0 -9999.0 -9999.0 -9999.0 -9999.0 -9999.0 -9999.0 -9999.0 -9999.0 -9999.0 -9999.0 -9999.0 -9999.0 -9999.0 -9999.0 -9999.0 -9999.0 -9999.0 -9999.0 -9999.0 -9999.0 0.231587 0.500145 0.882173 1.314552 1.485084 1.402242 1.280578 3.872336 0.968217 2.456860 1.160218 0.347710 -0.031191 -0.042254 -0.029567 0.248486 0.522289 1.001364 1.783951 2.774255 1.211943 2.605337 3.578025 4.003906 4.092005 4.169347 4.482827 4.637444 4.833128 5.373051 6.124801
-9999.0 -9999.0 -9999.0 -9999.0 -9999.0 -9999.0 -9999.0 -9999.0 -9999.0 -9999.0 -9999.0 -9999.0 -9999.0 -9999.0 -9999.0 -9999.0 -9999.0 -9999.0 -9999.0 -9999.0 -9999.0 -9999.0 -9999.0 -9999.0 -9999.0 -9999.0 -9999.0 -9999.0 -9999.0 -9999.0 -9999.0 -0.029273 -0.031573 0.051476 0.684646 1.247361 1.486779 1.491581 1.479427 1.205474 0.795115 0.377971 0.577857 0.185657 0.297758 0.709267 1.256107 1.600872 1.990823 2.510790 1.495259 1.579512 2.158441 2.577896 3.066933 3.948907 4.347850 4.563950 4.820655 5.092768 5.387282 5.823204
-9999.0 -9999.0 -9999.0 -9999.0 -9999.0 -9999.0 -9999.0 -9999.0 -9999.0 -9999.0 -9999.0 -9999.0 -9999.0 -9999.0 -9999.0 -9999.0 -9999.0 -9999.0 -9999.0 -9999.0 -9999.0 -9999.0 -9999.0 -9999.0 -9999.0 -9999.0 -9999.0 -9999.0 -9999.0 -9999.0 -9999.0 0.391879 -0.055747 -0.057752 -0.027772 0.251421 0.858457 1.388142 2.663316 2.396440 0.987053 0.458807 0.226070 0.487820 0.635829 0.823011 1.357703 1.880670 1.380336 1.609207 1.669085 1.773035 2.146072 2.631078 2.742819 3.027023 2.988026 3.884771 4.339855 4.463639 4.975441 5.089050
-9999.0 -9999.0 -9999.0 -9999.0 -9999.0 -9999.0 -9999.0 -9999.0 -9999.0 -9999.0 -9999.0 -9999.0 -9999.0 -9999.0 -9999.0 -9999.0 -9999.0 -9999.0 -9999.0 -9999.0 -9999.0 -9999.0 -9999.0 -9999.0 -9999.0 -9999.0 -9999.0 -9999.0 -9999.0 -9999.0 -9999.0 0.234586 0.112458 0.665037 1.349807 -0.033959 -0.024903 0.595904 2.673614 2.629405 1.253042 0.767582 0.500953 0.877231 0.686155 0.699226 1.245459 0.903715 1.212058 1.526754 1.691110 1.745969 2.243471 2.176342 1.575042 1.705959 1.771612 2.224033 2.817368 3.971305 4.275667 4.630669
-9999.0 -9999.0 -9999.0 -9999.0 -9999.0 -9999.0 -9999.0 -9999.0 -9999.0 -9999.0 -9999.0 -9999.0 -9999.0 -9999.0 -9999.0 -9999.0 -9999.0 -9999.0 -9999.0 -9999.0 -9999.0 -9999.0 -9999.0 -9999.0 -9999.0 -9999.0 -9999.0 -9999.0 -9999.0 -9999.0 -9999.0 -9999.0 -0.037839 -0.028615 0.455528 1.327472 -0.032512 -0.025043 1.084565 2.800009 1.580490 1.182093 0.775874 0.594854 0.674975 0.487196 0.897423 1.776246 1.017201 1.344605 1.562505 1.630568 1.709376 1.667331 1.508774 1.518974 1.553872 1.825576 2.543448 3.722890 4.192739 4.694903
-9999.0 -9999.0 -9999.0 -9999.0 -9999.0 -9999.0 -9999.0 -9999.0 -9999.0 -9999.0 -9999.0 -9999.0 -9999.0 -9999.0 -9999.0 -9999.0 -9999.0 -9999.0 -9999.0 -9999.0 -9999.0 -9999.0 -9999.0 -9999.0 -9999.0 -9999.0 -9999.0 -9999.0 -9999.0 -9999.0 -9999.0 -9999.0 -9999.0 -0.137578 -0.025567 1.178110 -0.033964 -0.030377 0.374599 2.804616 1.799468 1.501429 1.101790 0.788888 0.866160 0.656804 0.497192 1.146994 0.789678 1.128393 1.367438 1.561046 1.750219 1.944677 2.044759 2.213909 2.611136 3.117261 3.704845 4.236926 4.571561 4.842043
-9999.0 -9999.0 -9999.0 -9999.0 -9999.0 -9999.0 -9999.0 -9999.0 -9999.0 -9999.0 -9999.0 -9999.0 -9999.0 -9999.0 -9999.0 -9999.0 -9999.0 -9999.0 -9999.0 -9999.0 -9999.0 -9999.0 -9999.0 -9999.0 -9999.0 -9999.0 -9999.0 -9999.0 -9999.0 -9999.0 -9999.0 -9999.0 -9999.0 -0.227921 -0.025203 1.452407 2.649892 -0.029882 -0.023980 1.006821 3.005120 1.780758 1.433423 1.044251 1.268272 0.854030 0.456628 0.461638 1.231830 0.946095 1.331916 1.810874 2.097986 2.229374 2.376403 2.633628 2.988902 3.243167 3.865937 4.311777 4.704870 5.065056
-9999.0 -9999.0 -9999.0 -9999.0 -9999.0 -9999.0 -9999.0 -9999.0 -9999.0 -9999.0 -9999.0 -9999.0 -9999.0 -9999.0 -9999.0 -9999.0 -9999.0 -9999.0 -9999.0 -9999.0 -9999.0 -9999.0 -9999.0 -9999.0 -9999.0 -9999.0 -9999.0 -9999.0 -9999.0 -9999.0 -9999.0 -9999.0 -9999.0 -0.039322 0.529030 1.689336 2.424802 -0.029691 -0.029518 -0.022784 2.837290 2.033815 1.737013 1.337542 0.927199 0.955181 0.848684 0.832979 1.407059 2.114376 1.764821 2.092941 2.246000 2.377289 2.528712 2.711088 2.897297 3.556850 4.160440 4.762597 5.203171 5.408777
-9999.0 -9999.0 -9999.0 -9999.0 -9999.0 -9999.0 -9999.0 -9999.0 -9999.0 -9999.0 -9999.0 -9999.0 -9999.0 -9999.0 -9999.0 -9999.0 -9999.0 -9999.0 -9999.0 -9999.0 -9999.0 -9999.0 -9999.0 -9999.0 -9999.0 -9999.0 -9999.0 -9999.0 -9999.0 -9999.0 -9999.0 -9999.0 -9999.0 -0.040241 0.412888 1.310541 1.834201 2.578160 3.663417 -0.031291 1.167577 2.130417 2.733175 1.618135 1.236328 0.911509 1.353156 1.666718 2.269675 2.868487 3.254711 2.173515 2.357624 2.423682 2.613235 2.892545 3.149169 3.878115 4.654280 5.372181 5.800996 6.000401
-9999.0 -9999.0 -9999.0 -9999.0 -9999.0 -9999.0 -9999.0 -9999.0 -9999.0 -9999.0 -9999.0 -9999.0 -9999.0 -9999.0 -9999.0 -9999.0 -9999.0 -9999.0 -9999.0 -9999.0 -9999.0 -9999.0 -9999.0 -9999.0 -9999.0 -9999.0 -9999.0 -9999.0 -9999.0 -9999.0 -9999.0 -9999.0 -9999.0 -0.055404 -0.025516 0.539831 1.502654 2.836408 -0.024209 -0.027556 0.667571 2.119494 3.048261 2.567192 1.910518 1.300669 1.329873 2.361650 2.957909 3.610271 2.191746 3.951874 2.577803 2.872107 3.094547 3.397754 3.550645 3.937164 5.019381 5.955767 6.398852 6.566230
-9999.0 -9999.0 -9999.0 -9999.0 -9999.0 -9999.0 -9999.0 -9999.0 -9999.0 -9999.0 -9999.0 -9999.0 -9999.0 -9999.0 -9999.0 -9999.0 -9999.0 -9999.0 -9999.0 -9999.0 -9999.0 -9999.0 -9999.0 -9999.0 -9999.0 -9999.0 -9999.0 -9999.0 -9999.0 -9999.0 -9999.0 -9999.0 -9999.0 -0.052062 -0.031520 0.391944 1.872126 2.961924 -0.024119 0.108501 0.543507 1.961063 3.389125 2.989429 2.432360 1.760907 1.664294 3.277269 3.935866 2.419663 2.850472 4.603929 3.150235 3.422280 4.395972 3.980175 4.176852 4.260135 5.091496 6.269121 6.882011 7.116317
-9999.0 -9999.0 -9999.0 -9999.0 -9999.0 -9999.0 -9999.0 -9999.0 -9999.0 -9999.0 -9999.0 -9999.0 -9999.0 -9999.0 -9999.0 -9999.0 -9999.0 -9999.0 -9999.0 -9999.0 -9999.0 -9999.0 -9999.0 -9999.0 -9999.0 -9999.0 -9999.0 -9999.0 -9999.0 -9999.0 -9999.0 -9999.0 -9999.0 -0.041492 -0.018750 0.556587 1.951028 -0.034755 -0.024651 0.420407 0.804285 1.592128 2.646397 3.424398 2.968062 2.507107 2.268833 2.208183 2.563798 3.139009 3.530832 3.585429 3.650232 4.004213 4.771589 5.012301 4.787218 5.085313 5.606549 6.411164 7.198016 7.563583
-9999.0 -9999.0 -9999.0 -9999.0 -9999.0 -9999.0 -9999.0 -9999.0 -9999.0 0.502436 0.365243 -9999.0 -9999.0 -9999.0 -9999.0 -9999.0 -9999.0 -9999.0 -9999.0 -9999.0 -9999.0 -9999.0 -9999.0 -9999.0 -9999.0 -9999.0 -9999.0 -9999.0 -9999.0 -9999.0 -9999.0 -9999.0 -9999.0 -0.411397 -0.028497 0.803359 1.947773 -0.030754 -0.025776 0.229952 0.630401 0.867882 2.215223 3.781701 3.513878 3.089469 2.820375 2.742243 3.155855 3.738159 4.149043 4.143215 4.145429 4.579269 5.184638 5.409981 5.640266 4.941650 5.300130 5.835028 6.356778 6.571210
-9999.0 -9999.0 -9999.0 -9999.0 -9999.0 -9999.0 -9999.0 -9999.0 -9999.0 0.932078 0.889005 0.591705 0.119577 -0.029502 0.436058 -0.001269 -9999.0 -9999.0 -9999.0 -9999.0 -9999.0 -9999.0 -9999.0 -9999.0 -9999.0 -9999.0 -9999.0 -9999.0 -9999.0 -9999.0 -9999.0 -9999.0 -9999.0 -0.031837 0.232347 0.718334 1.284783 1.890330 2.564547 0.024350 0.512503 1.708639 2.245327 3.726627 3.803992 3.629282 3.344756 3.141636 3.554551 4.223529 4.666905 4.659338 4.583509 5.029260 5.577909 5.821269 5.279861 5.368010 5.750472 6.381251 6.747709 6.796163
-9999.0 -9999.0 -9999.0 -9999.0 -9999.0 -9999.0 -9999.0 -9999.0 -9999.0 0.981089 1.026445 1.116914 1.102875 -9999.0 -9999.0 -9999.0 -9999.0 -9999.0 -9999.0 -9999.0 -9999.0 -9999.0 -9999.0 -9999.0 -9999.0 -9999.0 -9999.0 -9999.0 -9999.0 -9999.0 -9999.0 -9999.0 -9999.0 -9999.0 0.620400 1.043518 1.332189 1.482275 1.814954 2.491419 0.588292 1.646507 1.454614 3.270110 4.170426 4.146796 3.887889 3.563536 3.610203 4.392196 5.054870 5.148272 4.986619 5.198703 5.739744 6.163055 5.703165 5.699816 6.086962 6.569635 6.853286 4.992466
-9999.0 -9999.0 -9999.0 -9999.0 -9999.0 -9999.0 -9999.0 -9999.0 -9999.0 0.492666 0.926913 1.129974 1.302766 -9999.0 -9999.0 -9999.0 -9999.0 -9999.0 -9999.0 -9999.0 -9999.0 -9999.0 -9999.0 -9999.0 -9999.0 -9999.0 -9999.0 -9999.0 -9999.0 -9999.0 -9999.0 -9999.0 -9999.0 -9999.0 0.591862 1.042698 1.577201 2.041086 2.530209 3.080887 1.017423 1.837812 1.598576 2.407421 4.249503 4.516839 4.448752 4.236129 4.011766 4.310058 5.169951 5.435733 4.873636 4.476580 5.764354 6.519444 6.588558 5.907640 6.193067 6.542559 3.667115 4.747710
-9999.0 -9999.0 -9999.0 -9999.0 -9999.0 -9999.0 -9999.0 -9999.0 -9999.0 0.746587 1.137581 1.208131 1.359931 1.684974 1.822155 -9999.0 -9999.0 1.361521 1.570984 1.654518 1.630262 1.613354 1.382939 -9999.0 -9999.0 -9999.0 -9999.0 -9999.0 -9999.0 -9999.0 -9999.0 -9999.0 -9999.0 -9999.0 -9999.0 0.186468 1.171922 2.099418 2.798548 0.972917 1.283639 2.073251 2.150673 2.430836 3.873566 4.680513 4.827000 4.772790 4.551731 4.337220 4.915932 5.709495 5.381565 5.376524 5.239975 6.660001 6.586453 6.632799 6.477599 4.002120 5.104390 6.110328
-9999.0 -9999.0 -9999.0 -9999.0 1.212375 1.246706 1.025703 1.215578 1.745982 1.901542 1.850658 1.125601 1.138766 1.197092 1.241818 1.187201 -9999.0 1.429086 1.664820 1.762799 1.741726 1.699972 1.584102 -9999.0 -9999.0 -9999.0 -9999.0 -9999.0 -9999.0 -9999.0 -9999.0 -9999.0 -9999.0 -9999.0 -9999.0 0.231249 0.862024 1.756993 0.037389 0.576099 1.006844 1.880927 1.047649 0.563700 2.843378 4.234431 4.972419 5.057274 5.123088 5.029927 5.045037 5.630378 6.235921 5.720780 5.743616 5.835351 8.588172 8.865419 3.894726 4.963572 5.829499 4.917941
-9999.0 -9999.0 -9999.0 2.038355 2.101975 2.093408 1.966726 2.291405 2.725427 2.751028 2.607806 1.489348 1.530934 1.532042 1.480202 1.351388 1.302421 1.325929 1.617181 1.881304 1.932953 1.900801 1.885451 1.840595 1.663101 1.588802 -9999.0 -9999.0 -0.006665 1.320369 1.347062 0.181556 0.072938 -9999.0 -9999.0 -9999.0 0.632103 1.282422 1.988624 -0.023734 0.312457 0.454255 1.731423 1.962362 2.083176 3.059754 4.533967 5.298741 4.937608 4.996051 5.010588 5.096624 6.352663 6.158831 6.276172 6.371063 8.552005 3.748217 4.800491 5.545020 4.714473 5.873639
-9999.0 -9999.0 -9999.0 1.960920 1.816509 1.690128 1.625316 1.602205 1.634396 1.678665 1.750424 1.806520 1.842347 1.815946 1.684139 1.509978 1.451183 1.377180 1.591523 1.969370 2.140540 2.175579 2.172594 2.148457 1.949124 1.628751 1.329639 1.054787 0.690632 0.225983 -9999.0 -9999.0 -9999.0 -9999.0 -9999.0 -9999.0 -0.026825 0.514781 1.328949 1.848778 -0.022940 1.084750 1.657949 1.940649 2.113912 2.350299 2.954710 4.532509 5.611100 5.203112 5.356539 5.468329 6.098331 6.198659 6.279190 6.272080 4.821560 4.722580 5.578011 4.636161 5.672797 5.094552
-9999.0 -9999.0 -9999.0 2.327135 2.233242 2.132807 2.081208 2.057016 2.057901 2.014772 1.997461 2.039058 2.069831 1.982265 1.833826 1.699968 1.716792 1.671555 1.659889 1.885836 2.201516 2.351142 2.236878 2.145876 2.005488 1.674848 1.218914 0.855219 0.415747 0.056508 0.631219 -9999.0 -9999.0 -9999.0 -9999.0 -9999.0 -0.038953 0.440503 1.410069 2.015051 0.041934 0.341990 0.635700 1.626968 1.879341 2.182338 2.361099 2.748192 4.669056 5.368638 5.799117 5.902852 6.040699 6.159445 6.225122 6.724119 4.620340 5.468056 4.731149 5.744394 5.050629 4.367848
-9999.0 -9999.0 2.691110 2.586639 2.583671 2.523587 2.431876 2.351099 2.364601 2.383840 2.309822 2.225475 2.218712 2.150419 2.071940 2.021694 2.032867 2.010121 1.977313 2.084770 2.290309 2.482827 2.350473 2.102931 1.886853 1.560694 1.051207 0.469984 -0.026518 -0.030111 -0.028184 -9999.0 -9999.0 -9999.0 -9999.0 -9999.0 -0.055851 0.188585 1.157866 1.672798 1.735953 -0.023698 0.081855 0.584728 1.888026 2.369594 3.066243 3.651811 4.610864 5.790316 6.378670 6.043342 6.107885 6.168384 4.677082 4.595136 5.589115 4.663720 5.435564 4.823606 4.135250 3.429935
-9999.0 -9999.0 2.611002 2.630963 2.693235 2.723745 2.778353 2.708196 2.705405 2.738806 2.680723 2.580942 2.510498 2.522568 2.475011 2.405696 2.357484 2.343638 2.332264 2.351812 2.453371 2.681543 2.424336 1.946464 1.606298 1.120698 0.633074 0.219495 -0.031587 -0.042752 -0.039603 -9999.0 -9999.0 -9999.0 -9999.0 -0.504468 -0.066101 -0.026325 0.116540 0.620654 1.125436 1.734989 0.809093 1.223590 2.150230 2.701300 3.334137 3.968675 4.561442 5.607586 5.843415 6.091003 6.122489 4.640984 4.609988 5.730103 6.258295 5.635973 4.847281 4.148522 3.461080 2.775413
-9999.0 -9999.0 3.002222 3.568879 2.613891 2.743919 2.936861 2.949318 3.033260 3.051781 2.975172 2.899067 2.816390 2.868538 2.886922 2.819390 3.901871 2.724865 2.715457 2.629033 2.732249 2.951596 2.991581 2.153496 1.628937 1.308323 0.877657 0.438626 0.282780 0.124109 0.234156 0.274676 -0.030461 -0.070623 -0.211452 -0.056629 -0.033452 0.056424 0.554867 1.071720 1.720783 0.995737 1.436426 1.782420 2.412158 2.947328 3.542086 4.099386 4.612558 5.435916 6.346905 6.140671 5.611945 3.425456 5.818951 5.297999 5.930295 5.384423 4.709564 4.024665 3.406874 2.776024
-9999.0 -9999.0 1.806715 2.371604 3.280547 2.446872 2.838908 3.030045 3.288156 3.395157 3.380085 3.350435 3.048679 3.158154 3.348832 3.300107 4.401132 3.166930 3.172654 3.087210 3.216197 3.327213 3.245661 2.726000 2.170829 1.652404 1.336556 0.999016 0.678621 0.480026 0.937553 0.896063 0.441218 -0.030592 -0.031811 -0.030584 0.225736 0.690454 1.174239 1.629005 0.748584 1.145567 1.592247 1.937991 2.529803 3.156631 3.852972 4.473194 5.091206 5.779609 6.475787 6.165570 3.448402 3.729092 5.639316 4.915496 5.463675 5.027718 4.544377 3.948449 3.411269 2.772251
-9999.0 -9999.0 1.003441 1.308967 1.954013 2.744758 2.142903 2.735419 3.250163 3.551575 3.647035 3.660357 4.901096 3.595358 4.856451 4.898136 4.892981 3.699552 3.713111 3.651428 3.734570 3.595944 3.554615 3.044940 2.521153 2.029091 1.565405 1.289997 0.998821 0.771408 0.616557 0.387639 0.064876 -0.030456 0.498987 0.612369 0.919849 0.083633 0.343332 0.682888 0.983658 1.320677 1.775215 2.132724 2.807677 3.399235 4.120638 4.808129 4.372902 6.056826 6.658276 4.663380 4.594930 5.763736 5.333879 5.819039 5.043517 4.300606 3.912753 3.618159 3.166398 2.640569
