geotop_simulations/templates/TEST_Venosta_3D_034_template/rec/SoilTemperature0000L0002.asc
ncols         252
nrows         194
xllcorner     598250.000000
yllcorner     5144500.000000
cellsize      250.000000
NODATA_value  -9999.0
[rows 140 to 167 of 194, columns 63 to 125 of 252]
1.162052 1.767603 2.438763 3.107758 3.684248 4.769241 5.403289 5.683454 5.844815 6.489423 7.210079 7.705745 7.156452 6.582102 5.168774 5.598191 5.373183 5.414525 5.785863 5.719341 6.116771 6.446174 7.315728 6.152235 5.885693 4.825492 3.809111 2.867658 2.002473 1.463901 1.032876 0.579251 0.034284 -0.031098 0.603944 0.706709 0.794971 0.627242 0.334775 0.145046 -4.443715 -0.753511 -0.004978 0.319970 -0.030158 0.277402 -0.006521 -0.435120 -0.413207 -0.002883 0.214830 0.317133 0.454820 0.535849 0.562445 1.612812 0.094707 0.206009 1.612187 2.035340 2.281147 2.736233 1.340048
1.282998 1.770638 2.372207 3.618963 4.250520 4.972784 5.721097 5.943254 6.586813 7.665465 7.747280 7.289633 6.637961 5.966428 5.313651 4.789801 4.522439 4.599417 4.506282 5.689698 5.592616 6.027302 7.180920 6.107522 6.066877 5.036770 4.057926 3.214347 2.532182 1.957104 1.494100 1.034982 0.365874 1.666862 1.285586 0.746966 0.509256 0.347936 0.238416 0.139577 -0.002500 -0.003017 0.247480 -0.024436 -0.014622 -0.007808 -0.843050 -0.666606 -0.756618 -1.104299 0.104808 0.277526 0.541575 1.304885 1.604145 2.058761 2.676276 0.129512 1.506216 1.612734 1.900628 1.619060 0.708691
0.435496 1.585836 2.235346 3.560672 4.400677 5.178702 5.940755 6.388970 6.414893 7.692125 7.437114 6.852508 6.168381 5.437996 4.703078 3.076583 3.522400 3.586440 3.986859 4.583515 5.880656 6.527566 6.990066 6.892979 5.646028 5.266485 4.381975 3.604144 2.975368 2.473865 1.803367 1.344465 0.863943 0.391699 0.105893 0.576685 0.291444 0.195533 0.066169 -0.002718 -2.291527 0.120603 -0.014679 -0.026532 0.113724 0.196722 -0.005177 -0.001253 -0.505625 -0.687174 -0.002891 0.197591 0.356337 0.671393 1.951612 3.037387 3.521256 0.129366 1.199139 1.216836 1.507909 0.454149 0.007785
1.224952 1.534172 4.060058 5.304133 4.668376 5.456738 6.221474 6.880484 1.986870 7.556666 7.099334 6.434632 5.713048 4.942291 4.177788 2.763573 2.595421 3.250672 3.597672 4.229210 5.506632 6.199730 6.774779 6.007185 5.591060 5.443932 4.584864 3.791654 3.102623 2.489173 1.568761 0.936457 0.296644 -0.020437 0.298870 0.074082 0.073247 -3.359992 -1.751760 -0.907661 -1.175154 -0.013301 -0.021996 -0.024706 0.074028 0.287475 0.263690 0.207901 -0.002710 -0.349793 -2.581434 0.093200 0.160784 0.213534 0.450549 1.983850 0.122903 0.515972 0.617733 1.102148 0.698173 0.003532 -0.003823
2.405412 3.293909 4.452572 5.913204 4.902935 5.743525 6.440065 7.111653 7.526911 7.346874 6.753588 6.032605 5.272329 4.476934 2.998429 2.503896 2.531250 2.804826 3.320738 4.094226 5.230741 5.949581 6.574778 5.801105 5.398730 5.450933 4.568346 3.714170 2.925748 1.792722 1.054468 0.294176 0.111683 -0.011666 -0.007672 -0.008890 -4.052275 -2.096274 -0.816327 -0.017590 -0.022133 -0.019532 -0.021851 -0.023703 0.246532 0.150245 0.054490 -0.002583 -0.928468 -0.808810 -0.004803 -0.004001 -0.002185 0.159884 0.337452 -0.005724 0.051653 0.177240 2.087601 1.876523 0.006766 -0.008572 -0.010466
3.743213 4.263082 5.079629 3.310910 4.459412 6.079260 6.683776 7.294204 7.462411 7.083591 6.405897 5.647450 4.850220 4.036696 2.661573 2.048310 1.778825 2.108913 2.823046 3.606079 4.897122 5.685980 6.529643 6.633395 5.359245 5.365607 4.487359 3.588771 2.709858 1.589052 0.731876 0.213702 -0.016854 -0.012943 -0.003446 -3.003423 -1.051750 -0.010954 -0.045313 0.363150 0.645066 0.318255 0.038464 0.080024 0.241748 0.141297 -0.004249 -0.982445 -0.842307 -0.631889 -0.705342 -0.976620 0.062843 0.329971 0.458887 -0.007014 -0.009005 0.288337 0.409707 1.063009 0.998736 0.362157 0.188971
1.725653 5.374729 2.674686 3.497468 4.636882 6.273347 6.750301 6.548454 7.263242 6.755703 6.059198 5.295055 4.206901 3.230060 2.234123 1.559758 1.187210 1.517846 2.504688 3.574611 4.470033 5.375034 6.094946 6.344484 5.300903 5.302393 4.431656 3.521203 2.615696 1.590921 0.884036 0.686610 0.546531 -0.020296 -0.020274 -0.019840 -0.146047 0.121291 0.729354 0.650211 0.502520 0.301501 -0.006666 -0.007819 0.186399 0.107400 -4.609114 -0.793481 -1.023166 -0.557494 -0.596529 -0.862407 0.151483 0.222920 0.174670 0.159065 0.132720 0.124635 0.158185 0.287520 0.371829 0.257865 0.108530
1.823087 2.514986 3.057379 4.636616 5.614243 5.357405 1.804715 5.639115 6.996255 6.356863 5.627040 4.880737 4.082213 3.235955 1.642109 1.046906 0.884809 1.434593 2.637191 3.775399 4.546905 5.060891 5.787800 6.125024 5.155428 5.255713 4.411006 3.527616 2.647012 1.802477 0.955095 0.201353 -0.017805 -0.042150 -0.051081 -0.036306 0.628226 1.153975 1.340170 0.958356 0.594294 0.003529 -0.014972 0.075910 -0.005002 -3.080175 -1.019725 -1.422769 -1.070186 -0.534505 -0.568374 -0.669177 -4.866623 -0.003313 -2.932955 -3.862353 0.077483 0.200294 0.174847 0.134113 0.096940 0.029187 -3.391810
1.663283 2.446445 3.831526 4.770530 5.610119 6.320316 6.025325 6.091119 6.653614 5.888160 5.103773 4.401753 3.698528 2.933276 1.992778 1.455961 1.108921 1.049952 2.014423 3.129509 3.965269 4.765605 5.482340 5.902281 5.810753 5.224117 4.419731 3.574163 2.756832 1.803642 1.086701 0.154332 0.159804 -0.035799 -0.043525 0.102679 1.390868 2.127076 2.110862 1.604777 0.816302 0.060607 -0.021173 -2.286409 -1.887118 -0.834514 -0.772791 -1.457124 -0.660462 -0.529006 -0.529446 -0.780297 -3.112917 -4.860027 -2.016367 -4.064752 0.085596 0.173122 0.163362 0.138801 0.086264 -0.000720 0.173939
3.268018 2.494030 3.166398 4.701618 5.530347 6.274001 6.864822 6.915513 6.282721 5.402021 4.587721 3.935641 3.045835 2.547358 2.314002 1.596983 1.154179 0.721606 1.373726 2.471991 3.512864 4.607599 5.143148 6.086989 5.687913 5.188219 4.431603 3.629345 2.873253 2.168820 1.283989 0.494396 0.003933 -0.046046 0.157231 0.874387 1.891219 2.127820 2.043493 1.457883 0.555318 -0.016555 -0.164505 -3.028791 -1.905601 -1.407000 -1.053584 -0.676531 -0.606067 -0.181004 -0.137979 -1.152334 -0.001624 -0.005397 -0.000967 0.129629 0.147083 0.129767 0.145700 0.178998 0.174145 0.210905 -0.019663
3.717345 2.631193 3.249892 4.023497 5.663489 5.502304 5.855719 6.710831 5.977054 4.618745 3.914115 3.623373 3.087249 2.493022 1.552586 0.644143 0.434342 0.442777 0.966992 2.111980 3.125465 3.250768 4.843418 5.671168 5.547568 5.184984 4.513557 3.756203 3.040992 2.381171 1.538382 0.870461 0.058719 -0.022697 0.663533 1.427002 2.036525 2.072992 0.413902 0.035470 -0.021801 -0.019536 -0.389452 -4.290578 -1.630680 -0.668576 -0.584397 -0.573867 -0.586646 -0.175910 -0.602600 0.129967 -0.002033 -2.226038 -1.791385 -1.075299 -1.059555 -1.421601 -1.499528 -1.214693 -1.139828 0.074459 0.458749
2.068135 2.712360 3.329417 4.845004 5.639844 6.234807 6.656996 6.519562 5.732611 4.331297 3.625930 3.086009 3.061850 2.318765 1.429486 0.487460 0.333806 0.291951 0.582474 1.641532 2.604137 2.908540 3.699294 5.058658 5.361993 5.181023 4.227877 3.958927 3.284696 2.656382 2.036296 1.236863 0.693943 0.340838 0.293307 2.662525 2.772350 0.757242 0.538600 0.091434 0.393987 -0.019950 -0.269208 -4.604563 -1.875550 -0.619651 -0.578699 -0.571918 -0.600144 -0.413093 -0.170507 -2.728109 -0.772135 -0.852196 -0.669666 -0.642510 -0.780221 -0.918358 -0.861147 -0.646540 -0.630282 -0.978207 0.255034
2.310122 2.912856 3.419485 3.931100 5.387358 6.074256 6.584176 6.329164 5.484942 4.495191 3.215728 2.709316 2.575006 2.169661 1.440433 0.558171 0.536242 0.609586 1.346964 2.438163 3.095016 3.572020 3.284637 4.669871 5.091123 5.097443 4.343838 4.236008 3.631055 3.040482 2.455526 1.883801 1.228268 0.960312 0.889937 0.430407 0.930546 0.989874 0.664863 0.839625 0.310685 -0.028009 -0.041940 -4.271017 -1.982173 -0.727125 -0.575913 -0.584175 -0.590061 -0.637152 -0.806725 -0.787586 -0.825194 -0.829104 -0.649599 -0.602556 -0.765229 -0.826934 -0.781039 -1.253820 -0.003809 0.151913 0.282424
2.357336 2.951956 3.508785 3.885412 5.260161 6.132097 5.753594 6.114556 5.222850 3.760712 2.876178 2.047714 1.795792 1.580089 1.047918 0.514484 0.557957 0.577608 1.134491 2.142341 2.442248 2.640539 2.861780 3.561734 4.127984 4.910163 4.813431 4.072030 4.013812 3.516534 2.977964 2.442075 2.009336 1.501638 1.489869 1.283559 1.743375 1.500117 0.643818 0.396061 -0.019317 -0.406030 -0.578375 -2.803966 -1.425082 -0.655948 -0.703234 -0.597549 -0.589540 -0.615232 -0.634098 -0.632400 -0.629403 -0.617761 -0.610168 -0.589326 -0.710356 -0.332368 0.160217 0.384659 0.481037 0.570031 0.651526
2.743079 3.458810 3.959921 5.005580 5.470365 6.104941 5.642850 5.219048 4.954076 3.548935 3.230633 2.228689 1.260097 0.689628 0.401552 0.190815 0.100844 0.035301 0.448522 0.878936 1.510444 2.181959 2.952932 3.132086 4.217695 4.570762 4.126663 4.145166 4.039253 3.713262 3.327368 3.049410 2.669623 2.367664 1.885350 2.219687 1.949824 1.135171 0.744464 0.224918 -0.045431 -0.078294 -0.593857 -1.400146 -0.006091 -0.007250 -0.595052 -0.692403 -0.611164 -0.589723 -0.614563 -0.653713 -0.686951 -0.641376 -0.569284 -0.579047 -0.437231 -0.006979 0.359392 0.486337 0.374602 0.846088 1.140345
2.868923 5.095455 4.687876 4.844960 5.497828 5.999660 5.407246 5.447838 4.631661 3.349650 2.584665 2.569334 1.405362 0.360931 -0.016974 -0.014303 -0.020026 -0.028150 0.397739 1.214863 2.215716 2.828151 3.036072 3.340009 3.203781 3.527896 4.342583 4.475783 3.803211 2.769823 3.670808 3.428512 3.154971 3.007083 2.752197 2.406136 1.919281 1.279131 0.610284 0.076716 -0.044402 -0.329512 -0.344057 -0.013329 -0.004815 -1.502292 -1.680797 -0.786510 -0.676572 -0.654337 -0.637140 -0.610464 -0.610034 -0.582856 -0.720706 -0.128027 -5.137798 0.152978 0.258600 0.374176 0.675116 0.988409 1.614372
2.935950 4.356613 3.603109 4.730387 5.442145 4.869165 5.557452 4.907829 4.135142 2.988073 2.399437 1.673615 1.551813 0.428828 -0.014021 -0.003542 -0.006701 -0.024436 0.617658 2.051781 2.691728 2.844508 2.973265 2.337240 3.226670 3.596898 3.814263 3.481685 4.184656 0.216860 0.150338 3.592143 3.352931 3.409543 2.953437 2.423699 1.838307 0.939876 0.460489 0.035868 -0.034970 -0.037088 -0.018262 -0.019582 -0.009951 -5.083015 -1.913870 -0.832205 -0.826428 -0.682143 -0.622127 -0.645714 -0.703928 -0.082031 -0.005391 0.143773 0.258401 0.263846 0.214046 0.366279 0.783956 1.463288 2.204825
3.131494 3.450982 3.056874 4.358663 4.916302 5.040228 4.351820 4.295270 3.519232 2.404660 2.628659 2.203774 0.376706 0.588739 -0.018784 -0.028753 -0.034386 0.689963 1.183361 1.363656 1.698169 2.130159 2.555478 2.711958 2.264439 2.446663 2.572807 2.823897 3.127432 3.854077 3.965278 0.241335 3.397435 3.049227 3.053028 2.444587 1.813026 0.948972 0.540127 0.317268 0.240776 0.509668 0.363825 -0.025244 -0.348841 -0.755684 -2.336694 -1.695925 -1.231579 -0.666695 -0.723030 -0.742119 -0.495775 -0.005394 0.207233 0.272721 0.155788 -0.014052 -0.014650 0.641874 1.152110 1.829244 2.692095
1.809214 2.153261 2.197975 3.467896 4.011692 3.148486 3.707700 3.243921 2.453810 1.641334 1.402788 1.104363 0.413877 0.081936 -0.019002 -0.020728 -0.119694 -0.019044 0.422245 0.504538 1.072291 1.445858 1.604203 1.623929 1.581649 1.730868 1.855967 2.124568 2.477821 2.814225 3.624627 3.868786 3.934933 3.087833 3.156120 2.535651 1.922659 1.368493 0.988007 0.883207 0.920919 -0.029176 -0.019530 -0.172108 -0.506407 -1.182778 -3.221062 -1.634667 -0.750598 -0.722998 -0.570208 -0.828907 -0.006315 0.144701 0.324877 0.348761 -0.019121 -0.023023 -0.019310 0.732829 1.672548 2.249831 2.889299
0.727335 0.623581 0.836208 1.559225 2.952636 2.227021 2.902675 3.388438 2.016017 1.118732 0.234700 0.059719 -0.026865 -0.012933 -2.113737 -2.565811 -1.580685 -3.053614 -0.011862 0.152152 0.282958 0.348455 0.334908 0.442997 0.609748 0.850859 1.207190 1.497116 1.885020 2.264165 3.130024 3.497630 3.645552 2.570749 3.260065 2.696734 2.134896 1.650512 0.973418 0.630278 0.364300 0.069080 -0.029879 -0.143310 -0.598582 -1.184131 -4.279706 -1.774065 -0.731691 -0.007353 -0.002068 -0.009128 0.186371 0.185768 -0.017099 0.059276 0.047459 -0.021948 -0.021022 0.143099 1.131688 2.429934 3.437046
0.064875 -0.018795 -0.015365 0.635900 0.742243 0.972029 2.492074 2.745944 2.214281 1.138459 -0.016902 -0.014894 -0.075338 -3.654358 -2.778319 -1.847404 -1.465213 -1.814086 -3.320365 -0.006772 0.009876 -0.015839 -0.016218 0.203069 0.353859 0.695183 1.041236 1.390322 1.770073 2.214094 2.672994 3.080105 3.465114 0.079753 2.945218 2.869889 2.383449 1.970673 1.678512 1.143204 0.880976 0.241787 -0.022679 -0.210061 -0.623302 -0.721649 -4.726069 -1.956235 -0.648378 -0.005043 -0.003301 0.112268 0.011611 0.624392 0.619663 0.559453 0.403479 0.000942 0.069279 -0.010572 0.713961 2.406150 3.809499
-0.012766 -3.835015 0.063186 0.477652 1.467771 1.146725 1.429158 1.812310 1.800593 1.026492 0.043249 -0.006063 -3.987248 -1.936808 -1.694328 -1.436007 -0.606028 -1.459094 -1.476111 -2.113060 -3.004693 -0.020786 -0.016666 0.456549 0.590916 0.837394 0.999595 1.228736 1.496189 1.701773 1.768880 2.643158 2.591192 2.491346 2.953153 2.975761 2.200342 1.903495 1.709399 1.447038 1.020810 0.577999 0.017695 -0.305739 -0.649475 -1.538982 -4.514321 -1.934083 -1.105901 -0.006623 -0.005756 -0.013517 -0.020109 0.503705 0.685967 0.872854 0.934538 0.647036 0.539239 0.562057 0.569999 1.664055 3.540408
-0.009730 -0.022953 0.297067 0.452137 0.544243 0.276863 0.775731 0.654365 0.938614 0.921151 0.402159 -0.088223 -2.432681 -1.057239 -0.659187 -0.581399 -0.509076 -1.066554 -1.480272 -1.603659 -1.954667 0.128179 0.315379 0.421042 0.428320 0.465444 0.556669 0.620384 0.671910 0.757229 1.236915 1.627076 2.207706 2.528147 2.875958 2.889511 2.115916 1.810488 1.563652 1.237738 0.667245 0.188818 -0.030459 -0.335401 -0.705975 -1.689389 -5.008110 -2.348698 -2.569268 -0.009669 -0.006899 -0.023439 -0.020223 0.450434 0.707992 1.178838 1.450285 1.090598 0.697502 1.090344 0.879752 1.432109 2.831263
-0.003996 -0.014410 0.205970 0.253076 0.281138 0.170914 0.312314 0.228410 0.234434 0.359348 0.458856 -0.020937 -0.446820 -0.911729 -0.657870 -0.538861 -0.455153 -0.520756 -0.623876 -1.203564 -1.578949 -0.004351 -0.003293 0.085570 0.159919 0.166521 0.153438 0.161713 0.181811 0.200680 0.587376 1.147507 1.865573 2.629420 2.734862 2.275793 1.593519 1.128571 0.970299 0.581059 0.135770 -0.028661 -0.283954 -0.535871 -0.781207 -1.784621 -2.868012 -2.782721 -3.250465 -0.011965 -0.022257 -0.021571 0.076409 0.490535 0.868260 1.442148 1.726401 1.625888 1.331152 1.709318 0.933125 2.251711 2.726685
-3.131213 -1.212146 -0.001857 0.112086 0.159394 0.143718 0.262334 0.188324 0.108460 0.046561 0.142319 0.118794 0.126046 -0.008929 -1.521801 -1.227585 -0.462982 -0.422941 -0.483361 -0.543093 -1.354001 -1.679576 -2.053878 -3.407797 -0.002753 -0.006981 -0.023194 -0.017249 -0.018139 0.348517 0.095673 0.890852 1.697959 2.532974 2.552473 1.992407 1.248456 0.526512 0.142120 -0.026754 -0.225213 -0.451169 -0.847128 -1.076688 -1.572914 -2.102599 -1.401381 -2.937356 -3.965255 -0.408357 -0.036121 -0.026419 0.097580 0.531664 1.112275 1.840581 0.734338 2.335486 2.124930 2.180704 1.338385 1.692572 3.666044
-2.831085 -1.043775 -0.004280 0.068850 0.079207 -0.001894 0.037426 0.101518 0.063687 -0.004491 -0.002741 -0.002589 -0.003258 -0.009292 -1.943917 -1.516743 -0.517279 -0.450809 -0.511408 -0.592695 -0.569367 -1.277305 -1.533864 -1.970524 -2.478518 -4.332685 -0.009532 -0.027544 -0.023152 0.287439 0.767618 0.875602 1.618122 2.427129 2.405592 1.942411 1.007624 0.246021 -0.036252 -0.406031 -1.032089 -2.005570 -2.225874 -2.475287 -2.664771 -2.252961 -0.601124 -2.840668 -1.218712 -1.162098 -0.340319 -0.057010 -0.021872 0.394514 0.838012 0.362698 1.178045 1.449169 2.951753 2.862397 3.187036 2.040423 2.405969
-0.905714 -0.842865 -0.005283 0.018423 -0.004197 -0.001907 -0.003156 -0.004220 -0.004609 -1.599295 -0.874028 -1.020705 -1.589293 -4.603641 -2.438388 -1.654843 -1.305992 -0.460170 -5.717739 0.104081 -0.002561 -0.004494 -0.901387 -0.839339 -1.611564 -0.009727 -0.015738 -0.023811 0.010155 0.275060 0.034944 0.751526 1.515515 2.277696 2.302221 1.703764 0.840209 0.103112 -0.222422 -0.630081 -1.448280 -2.325805 -2.908085 -3.140233 -3.051220 -2.046981 -4.526980 -4.928859 -4.984462 -0.439245 -0.458584 -0.013477 -0.022951 -0.018688 0.246354 0.200563 0.715291 1.421637 1.882546 3.206166 3.614645 2.397843 2.702173
-0.739052 -0.689138 -0.819888 -0.004126 -0.003947 -0.004017 -3.629866 -1.677645 -1.092883 -0.871318 -0.750086 -0.691191 -0.741788 -0.758347 -1.085811 -1.595462 -1.476653 -0.488637 -0.170112 -0.003383 0.187895 0.295668 0.347026 -0.016585 -0.090867 -0.030469 -0.022186 0.042043 -0.041427 0.448026 0.485027 0.621798 1.391184 2.456886 2.544676 1.647009 0.737782 0.054297 -0.194478 -0.598321 -0.458455 -0.814210 -1.745989 -2.900734 -4.213868 -4.578215 -0.011563 -0.027196 -0.340220 -0.022815 -0.020347 -0.014970 -0.020363 -0.090897 -0.022709 -0.017069 0.330155 1.050731 2.156857 2.210954 2.512025 2.710196 2.966690
