geotop_simulations/templates/TEST_Venosta_3D_034_template/rec/SoilPressure0000L0006.asc
ncols         252
nrows         194
xllcorner     598250.000000
yllcorner     5144500.000000
cellsize      250.000000
NODATA_value  -9999.0
[rows 96 to 119 of 194, columns 0 to 54 of 252]
-9999.0 -9999.0 -9999.0 -9999.0 -9999.0 -9999.0 -9999.0 -9999.0 -9999.0 -9999.0 -9999.0 -9999.0 -9999.0 -9999.0 -9999.0 -9999.0 -9999.0 -9999.0 -9999.0 -9999.0 -9999.0 -9999.0 -9999.0 -9999.0 -9999.0 -9999.0 -9999.0 -9999.0 -9999.0 -9999.0 -9999.0 -9999.0 -9999.0 -547.989661 -552.311560 -580.300326 -617.313528 -637.499852 -801.245205 -831.111548 -885.426192 -1001.678006 -982.628203 -950.014167 -952.520322 -1024.969966 -977.177308 -740.890589 -734.164929 -936.584722 -979.233741 -758.294166 -1022.971268 -1050.848899 -1038.444319
-9999.0 -9999.0 -9999.0 -9999.0 -9999.0 -9999.0 -9999.0 -9999.0 -9999.0 -9999.0 -9999.0 -9999.0 -9999.0 -9999.0 -9999.0 -9999.0 -9999.0 -9999.0 -9999.0 -9999.0 -9999.0 -9999.0 -9999.0 -9999.0 -9999.0 -9999.0 -9999.0 -9999.0 -9999.0 -9999.0 -9999.0 -9999.0 -9999.0 -528.708375 -531.132112 -563.928522 -602.958600 -768.121006 -802.099155 -892.163913 -927.591589 -962.546703 -1020.730415 -987.682817 -978.838925 -996.043922 -1044.397010 -989.897722 -980.084027 -1010.800960 -1016.224785 -1042.658980 -1046.017970 -1080.936212 -1037.661374
-9999.0 -9999.0 -9999.0 -9999.0 -9999.0 -9999.0 -9999.0 -9999.0 -9999.0 -727.655618 -703.598440 -9999.0 -9999.0 -9999.0 -9999.0 -9999.0 -9999.0 -9999.0 -9999.0 -9999.0 -9999.0 -9999.0 -9999.0 -9999.0 -9999.0 -9999.0 -9999.0 -9999.0 -9999.0 -9999.0 -9999.0 -9999.0 -9999.0 -632.321387 -615.676339 -625.216099 -661.421058 -873.245217 -886.158079 -899.319711 -908.056033 -914.891564 -1019.796332 -1072.265276 -1027.271591 -1040.827770 -1099.027697 -1041.516859 -1039.099287 -1071.172970 -1061.221515 -1081.699088 -1071.747493 -1111.235066 -1037.170532
-9999.0 -9999.0 -9999.0 -9999.0 -9999.0 -9999.0 -9999.0 -9999.0 -9999.0 -728.404638 -716.081891 -713.967738 -687.255889 -669.917185 -672.925620 2202.298435 -9999.0 -9999.0 -9999.0 -9999.0 -9999.0 -9999.0 -9999.0 -9999.0 -9999.0 -9999.0 -9999.0 -9999.0 -9999.0 -9999.0 -9999.0 -9999.0 -9999.0 -636.159020 -638.099640 -644.682636 -665.310798 -679.550024 -686.524479 -873.775847 -897.732078 -815.462706 -847.988873 -1001.572352 -1017.485564 -1074.482251 -1137.427594 -1078.260622 -1081.896080 -1120.203850 -1105.876561 -1125.290040 -1104.190967 -1142.615167 -1040.559395
-9999.0 -9999.0 -9999.0 -9999.0 -9999.0 -9999.0 -9999.0 -9999.0 -9999.0 -730.312656 -717.372058 -718.401002 -704.010435 -9999.0 -9999.0 -9999.0 -9999.0 -9999.0 -9999.0 -9999.0 -9999.0 -9999.0 -9999.0 -9999.0 -9999.0 -9999.0 -9999.0 -9999.0 -9999.0 -9999.0 -9999.0 -9999.0 -9999.0 -9999.0 -680.704591 -692.508703 -694.995715 -690.229212 -683.407865 -690.699590 -928.904011 -826.932655 -779.387633 -935.614160 -1017.233578 -1108.849295 -1164.326559 -1121.344472 -1081.454896 -1136.275476 -1151.571416 -1161.901146 -1147.137609 -1155.113861 -1043.646270
-9999.0 -9999.0 -9999.0 -9999.0 -9999.0 -9999.0 -9999.0 -9999.0 -9999.0 -708.091814 -715.208359 -719.829426 -708.940565 -9999.0 -9999.0 -9999.0 -9999.0 -9999.0 -9999.0 -9999.0 -9999.0 -9999.0 -9999.0 -9999.0 -9999.0 -9999.0 -9999.0 -9999.0 -9999.0 -9999.0 -9999.0 -9999.0 -9999.0 -9999.0 -701.066609 -704.111108 -711.901979 -717.145702 -717.695729 -718.561292 -988.452095 -832.178676 -763.746735 -834.343720 -1003.572769 -1042.993874 -1173.202655 -1181.912301 -1118.817198 -1115.991304 -1179.914742 -1045.552641 -1101.759018 -1089.535809 -1179.098719
-9999.0 -9999.0 -9999.0 -9999.0 -9999.0 -9999.0 -9999.0 -9999.0 -9999.0 -713.284796 -718.552159 -719.480029 -714.220408 -726.299222 -734.461545 -9999.0 -9999.0 -1049.629700 -1063.530055 -1066.180474 -1069.565466 -1075.948235 -1046.255997 -9999.0 -9999.0 -9999.0 -9999.0 -9999.0 -9999.0 -9999.0 -9999.0 -9999.0 -9999.0 -9999.0 -9999.0 -668.496647 -686.256948 -695.607912 -698.381421 -950.765603 -955.455389 -821.309794 -772.569385 -775.186239 -892.190415 -958.221907 -1052.457600 -1199.341067 -1184.610304 -1111.942948 -1143.610941 -1207.092026 -1101.345578 -1102.256714 -1096.851419
-9999.0 -9999.0 -9999.0 -9999.0 -748.654831 -752.780763 -747.492248 -755.256749 -755.381863 -725.024201 -727.746002 -1038.379703 -1034.368844 -1039.292377 -1040.462858 -1019.452829 -9999.0 -1062.171776 -1067.781802 -1064.841674 -1074.705321 -1076.993120 -1061.696543 -9999.0 -9999.0 -9999.0 -9999.0 -9999.0 -9999.0 -9999.0 -9999.0 -9999.0 -9999.0 -9999.0 -9999.0 -677.719686 -665.842829 -667.724334 -857.348498 -881.152175 -891.874560 -780.368963 -846.895307 -784.796033 -779.830903 -895.972418 -958.705348 -1056.318507 -1221.115523 -1196.373687 -1147.417392 -1190.988518 -1232.471766 -1107.589629 -1105.287656
-9999.0 -9999.0 -9999.0 -744.015549 -743.574304 -746.539191 -745.478591 -747.618465 -749.330819 -729.946807 -730.006462 -1033.923694 -1039.946580 -1045.022803 -1049.173514 -1035.601076 -1044.155473 -1047.277226 -1060.427525 -1061.770505 -1069.691033 -1080.163420 -1068.882558 -1077.328764 -1073.972213 -1062.228972 -9999.0 -9999.0 4264.231348 -681.974947 -717.144519 -946.465273 -939.520568 -9999.0 -9999.0 -9999.0 -648.100101 -644.695367 -643.448243 -789.772971 -805.157174 -795.470313 -730.574983 -731.442450 -737.954273 -814.475505 -973.816845 -1066.750532 -1110.696371 -1107.605259 -1102.601464 -1101.731137 -1236.736874 -1052.808875 -1050.697271
-9999.0 -9999.0 -9999.0 -1063.759888 -1062.661698 -1060.941744 -1053.051355 -1056.121231 -1065.045522 -1047.198683 -1036.756668 -1037.358733 -1042.452910 -1048.901350 -1051.392837 -1044.079454 -1058.206523 -1051.593637 -1057.702324 -1065.049077 -1066.975079 -1071.629929 -1071.837106 -1073.148456 -1007.032882 -974.848092 -933.505251 -924.381940 -918.345504 -871.732645 -9999.0 -9999.0 -9999.0 -9999.0 -9999.0 -9999.0 -628.472684 -621.795645 -624.308845 -631.161688 -758.744278 -712.211361 -755.754922 -764.747632 -759.599475 -764.559655 -823.663475 -997.904673 -1266.502918 -1120.469558 -1114.659347 -1110.294300 -1053.140834 -1051.452576 -1049.522857
-9999.0 -9999.0 -9999.0 -1077.482405 -1071.873654 -1080.035993 -1082.450025 -1083.156339 -1083.796403 -1051.167015 -1044.770987 -1049.048831 -1049.947652 -1046.889982 -1051.329215 -1052.918978 -1073.044000 -1069.418635 -1061.133063 -1059.883908 -1068.976234 -1071.906587 -1029.340335 -1002.377290 -977.300844 -951.711265 -921.391295 -901.856652 -846.669243 -835.571107 -661.044702 -9999.0 -9999.0 -9999.0 -9999.0 -9999.0 -615.738025 -619.545679 -634.657520 -645.461368 -805.577486 -831.861690 -846.504180 -755.634746 -754.689985 -774.750327 -801.990848 -845.837843 -997.442008 -1006.020676 -1058.314723 -1053.798590 -1051.655245 -1050.215139 -1045.785006
-9999.0 -9999.0 -1110.252055 -1092.107969 -1084.080469 -1095.808057 -1095.864938 -1086.017077 -1062.166888 -1053.745507 -1049.089356 -1052.994558 -1053.538286 -1047.946402 -1054.228753 -1063.275858 -1081.259919 -1078.758749 -1072.119941 -1068.162628 -1070.003886 -1072.205276 -1007.321105 -984.855521 -951.381211 -945.416125 -902.325744 -812.137911 -753.327571 -774.923010 -650.271706 -9999.0 -9999.0 -9999.0 -9999.0 -9999.0 -600.195432 -602.800639 -628.975897 -646.262808 -652.496607 -797.323072 -791.177882 -841.979295 -799.122189 -845.508891 -904.745978 -946.756289 -1030.622488 -1150.845842 -1219.882399 -1057.840943 -1053.816988 -1050.618213 -416.050101
-9999.0 -9999.0 -1079.777417 -1093.909284 -1094.178589 -1094.331435 -1095.868987 -1078.571348 -1065.880708 -1059.349058 -1057.276905 -1061.847985 -1062.071603 -1062.367882 -1066.584449 -1072.731144 -1089.888220 -1085.654391 -1082.190335 -1074.745806 -1070.919295 -1072.819364 -1002.930338 -943.807118 -945.395483 -893.459628 -834.580563 -641.443995 -640.608834 -641.040519 -642.631760 -9999.0 -9999.0 -9999.0 -9999.0 -610.037027 -598.965088 -590.037186 -600.624914 -628.044896 -655.672276 -676.669872 -918.216101 -951.730970 -884.167856 -926.456819 -972.444550 -1018.280171 -1062.901677 -1161.654186 -1052.448167 -1061.312056 -1055.772178 -339.761730 -399.049247
-9999.0 -9999.0 -740.318575 -742.731674 -1049.240431 -1054.938265 -1061.496800 -1067.004166 -1066.214953 -1062.434088 -1061.811482 -1066.045933 -1067.967942 -1063.850275 -1068.074969 -1077.002317 -1050.239292 -1089.618137 -1086.695983 -1078.522053 -1075.674955 -1077.018064 -1017.315058 -1018.755628 -977.040743 -698.341662 -691.370521 -891.862258 -693.916269 -695.242723 -687.954321 -662.010521 -652.055252 -640.760361 -641.740719 -633.454175 -634.134860 -647.554651 -659.783497 -677.228302 -697.559473 -993.815737 -1023.186583 -1044.800753 -996.503261 -1010.420417 -1047.103008 -1075.885374 -1102.687238 -1171.037000 -1256.430839 -1066.493105 -959.197723 346.503153 -949.308238
-9999.0 -9999.0 -707.606332 -706.718042 -721.003428 -1033.296809 -1048.748474 -1053.569486 -1065.936928 -1064.589973 -1064.428543 -1067.637101 -1060.781480 -1061.794868 -1075.359315 -1087.756207 -1048.719020 -1091.996258 -1088.344538 -1083.076246 -1086.614587 -1092.002419 -1046.997149 -1011.120487 -967.342967 -947.216586 -1023.455082 -1010.319972 -979.076640 -971.747390 -696.020519 -670.945841 -659.920548 -651.378536 -656.329120 -658.855052 -664.100448 -670.908042 -682.628262 -694.238629 -977.892178 -1000.991598 -1024.472867 -1040.238405 -968.930208 -1014.796322 -1061.997808 -1095.694935 -1131.215580 -1186.098508 -1253.746669 -1034.614071 4684.007195 211.058663 -915.475646
-9999.0 -9999.0 -677.199734 -661.332485 -670.248492 -683.182125 -991.939989 -1032.255606 -1059.054337 -1078.178545 -1071.585734 -1070.070123 -1010.572663 -1071.523237 -1021.555328 -1052.759912 -1059.161394 -1104.533800 -1098.262868 -1091.143682 -1114.814490 -1091.510291 -1087.091020 -1046.492695 -1004.600025 -974.692199 -944.686450 -1004.385598 -1003.399341 -985.548673 -976.833504 -935.288886 -867.962035 -807.162296 -665.997204 -681.785121 -678.816137 -926.967743 -944.192058 -969.771946 -990.940143 -1004.161904 -1028.417747 -1039.587041 -975.072412 -1015.463628 -1067.305071 -1110.039501 -1079.351745 -1198.150589 -1257.998430 -741.725212 7036.534483 -931.964998 -892.605204
-9999.0 -9999.0 -660.621100 -655.319635 -652.821876 -651.518972 -869.711349 -977.988839 -1022.881008 -1027.512546 -1051.073258 -1084.586990 -1085.219040 -1031.301162 -1041.016247 -1066.462435 -1071.591012 -1070.155836 -1064.937752 -1055.874663 -1062.400115 -1151.917804 -1124.418641 -1080.487766 -1022.261073 -1015.676293 -1031.481058 -1018.240214 -995.271567 -993.126390 -977.776040 -954.742224 -912.616410 -883.216069 -948.214651 -982.979166 -961.742369 -958.532056 -968.096917 -993.898734 -1006.939650 -1015.967563 -1031.496171 -959.936837 -997.726605 -1036.865450 -1072.160913 -1118.545840 -1155.344681 -1210.354575 -1252.851408 5062.440357 -644.949879 -927.392159 -881.193259
-9999.0 -9999.0 -603.839576 -620.692398 -655.363083 -659.361512 -664.244864 -932.378935 -990.298871 -1005.642557 -1007.409258 -1013.696630 -1019.528744 -944.459525 -952.218687 -982.162878 -1006.302010 -79.377581 -1071.929943 -1073.297276 -1211.326538 -1179.238624 -1151.030204 -1119.891857 -1033.953787 -1021.542670 -1004.785791 -1033.197611 -1013.674132 -995.452198 -991.760814 -977.544967 -961.793787 -976.306734 -1000.473320 -1016.952786 -1003.782987 -988.992047 -997.789265 -1012.197066 -1026.116338 -1031.450121 -943.504039 -974.251419 -1024.146479 -1066.113458 -1094.730193 -1076.965096 -1176.354930 -1220.799115 -817.072429 1023.622329 -938.563255 -883.967047 -937.038902
-9999.0 -9999.0 -564.290651 -578.853771 -615.940505 -650.640752 -665.030434 -692.621661 -950.148277 -894.561260 -978.942510 -992.617780 -962.276209 -986.109682 -1002.270440 -964.640929 -398.911088 6218.573541 10263.652392 204.829068 -1061.593200 -1196.797109 -1171.018415 -1143.225764 -1042.043834 -1033.544116 -1017.245154 -988.996433 -951.786075 -1012.946337 -1008.450334 -1002.264892 -998.936046 -1009.566800 -1038.454200 -1046.124209 -1029.198727 -1020.329249 -1021.861513 -1028.908643 -1039.424553 -1047.632486 -1042.059966 -989.339483 -1040.219947 -1087.409447 -1128.122647 -1161.918067 -1092.072966 -1035.118674 -762.036033 -958.033785 -902.989488 -823.100411 -876.928001
-9999.0 -9999.0 -526.859073 -541.612868 -585.891782 -639.319444 -668.709582 -668.535057 -764.324851 -789.539277 -829.450591 -863.770758 -899.676182 -943.300158 -965.741687 -977.052015 -998.279877 -1028.367947 448.350655 5761.834939 -1064.897638 -1216.521568 -1196.115134 -1165.137284 -1137.795922 -1039.801212 -1027.685714 -1015.463130 -998.613056 -953.002705 -931.973906 -945.631813 -1024.427018 -967.209430 -1061.354213 -1061.444203 -1054.479411 -1043.558865 -947.359247 -964.276942 -1001.622672 -1009.323175 -1065.481604 -1054.799626 -1026.131824 -1091.321269 -1156.298774 -1030.436385 -1031.081718 -1023.635595 -763.664815 -937.353041 -865.602441 -927.796484 -904.431818
-9999.0 -9999.0 -527.579124 -534.698650 -585.928294 -647.898751 -631.236905 -618.582758 -722.422276 -708.766442 -746.245861 -791.975453 -840.877398 -888.316271 -933.087160 -961.206228 -977.160380 -987.580868 -1008.473605 -1033.531587 -1096.418049 -1065.241741 -1214.775780 -1185.106645 -1163.660102 -1135.820154 -1102.962476 -1024.596865 -1013.814697 -1004.886281 -985.539516 -1050.061408 -1001.963543 -1014.929451 -1047.339131 -1044.110285 -1039.812166 -1016.881792 -979.061554 -992.034025 -1022.932736 -1011.599600 -1071.435266 -1092.681078 -1082.748516 -1112.092351 -1179.079784 -1038.022452 -1023.251297 -1031.786843 -992.039904 -909.441478 -969.912864 -940.118011 -913.819406
-9999.0 -9999.0 -9999.0 -675.980918 -679.086770 -646.026007 -610.448227 -701.775418 -722.862503 -790.316178 -773.711921 -768.868165 -820.424003 -862.280721 -907.231585 -947.493298 -972.472408 -985.235914 -995.473890 -1003.764652 -1028.978915 -1098.107152 -1062.628863 -1210.750821 -1187.274821 -1162.474170 -1132.329823 -1105.280973 -1077.150834 -1051.812656 -1037.867356 -1030.077985 -1042.078849 -1058.626195 -1088.287524 -1085.296022 -1071.637046 -1066.077926 -1008.764528 -987.473774 -1040.591797 -1023.506704 -1113.626653 -1133.999537 -1138.690097 -1152.442214 -1206.982534 -1042.041539 2770.824711 -1017.469387 -982.955078 -912.932048 -986.413336 -938.246194 -877.426584
-9999.0 -9999.0 -9999.0 -705.175869 -664.077450 -642.269187 -615.878689 -603.677853 -700.651365 -715.559268 -757.459280 -814.070417 -836.419907 -861.933529 -900.653374 -931.003716 -954.526778 -980.414499 -1000.890515 -1010.551910 -1008.529644 -1042.120384 -1097.470541 -1057.953383 -1055.721121 -1051.603416 -1171.720562 -1143.026355 -1115.466575 -1027.104391 -1089.305833 -1088.701278 -1102.647965 -1114.050331 -1118.341973 -1055.215191 -1091.437463 -1090.480846 -1080.150689 -1016.593685 -1028.013521 -1082.459844 -1029.335766 -1038.542362 -1184.181973 -1186.224784 -1041.212645 -1036.783353 -1041.463439 -1033.572837 -984.690481 -1051.721413 -991.872050 -922.194114 -860.391915
-9999.0 -9999.0 -9999.0 -651.400742 -642.013985 -586.437856 -528.547547 -572.875871 -574.209338 -582.841467 -608.609737 -783.288639 -857.489851 -929.191225 -900.086780 -915.535213 -927.779113 -946.467989 -972.216096 -987.661105 -985.852458 -994.931930 -1039.624118 -1092.834846 2303.890211 -924.600393 -1221.134478 -1184.414919 -1041.343013 -1147.308574 -1043.656583 -1153.587717 -1157.871230 -1146.510449 -1156.628041 -1060.358797 -1057.534980 -1131.831050 -1139.616031 -1107.665707 -1085.579068 -1093.872837 -1132.177449 -1189.236167 -1042.442443 -1216.188420 -1039.023666 -1041.672391 -1031.826473 -1016.245062 -1174.380839 -1104.114274 -1006.031138 -926.140253 -853.590754
