geotop_simulations/templates/TEST_Venosta_3D_034_template/rec/SoilTemperature0000L0003.asc
ncols         252
nrows         194
xllcorner     598250.000000
yllcorner     5144500.000000
cellsize      250.000000
NODATA_value  -9999.0
[rows 0 to 27 of 194, columns 63 to 125 of 252]
-9999.0 -9999.0 -9999.0 -9999.0 -9999.0 -9999.0 -9999.0 -9999.0 -9999.0 -9999.0 -9999.0 -9999.0 -9999.0 -9999.0 -9999.0 -9999.0 -9999.0 -9999.0 -9999.0 -9999.0 -9999.0 -9999.0 -9999.0 -9999.0 -9999.0 -9999.0 -9999.0 -9999.0 -9999.0 -9999.0 -9999.0 -9999.0 -9999.0 -9999.0 -9999.0 -9999.0 -9999.0 -9999.0 -9999.0 -9999.0 -9999.0 -9999.0 -9999.0 -9999.0 -9999.0 -9999.0 -9999.0 -9999.0 -9999.0 -9999.0 -9999.0 -9999.0 -9999.0 -9999.0 -9999.0 -9999.0 -9999.0 -9999.0 -9999.0 -9999.0 -9999.0 -9999.0 -9999.0
-9999.0 -9999.0 -9999.0 -9999.0 -9999.0 -9999.0 -9999.0 -9999.0 -9999.0 -9999.0 -9999.0 -9999.0 -9999.0 -9999.0 -9999.0 -9999.0 -9999.0 -9999.0 -9999.0 -9999.0 -9999.0 -9999.0 -9999.0 -9999.0 -9999.0 -9999.0 -9999.0 -9999.0 -9999.0 -9999.0 -9999.0 -9999.0 -9999.0 -9999.0 -9999.0 -9999.0 -9999.0 -9999.0 -9999.0 -9999.0 -9999.0 -9999.0 -9999.0 -9999.0 -9999.0 -9999.0 -9999.0 -9999.0 -9999.0 -9999.0 -9999.0 -9999.0 1.967737 1.690315 0.847975 -9999.0 -9999.0 -9999.0 -9999.0 -9999.0 -9999.0 -9999.0 -9999.0
-9999.0 -9999.0 -9999.0 -9999.0 -9999.0 -9999.0 -9999.0 -9999.0 -9999.0 -9999.0 -9999.0 -9999.0 -9999.0 -9999.0 -9999.0 -9999.0 -9999.0 -9999.0 -9999.0 -9999.0 -9999.0 -9999.0 -9999.0 -9999.0 -9999.0 -9999.0 -9999.0 -9999.0 -9999.0 -9999.0 -9999.0 -9999.0 -9999.0 -9999.0 -9999.0 -9999.0 -9999.0 -9999.0 -9999.0 -9999.0 -9999.0 -9999.0 -9999.0 -9999.0 -9999.0 -9999.0 -9999.0 -9999.0 -9999.0 -9999.0 -9999.0 2.722926 2.512884 1.782363 -9999.0 -9999.0 -9999.0 -9999.0 -9999.0 -9999.0 -9999.0 -9999.0 -9999.0
-9999.0 -9999.0 -9999.0 -9999.0 -9999.0 -9999.0 -9999.0 -9999.0 -9999.0 -9999.0 -9999.0 -9999.0 -9999.0 -9999.0 -9999.0 -9999.0 -9999.0 -9999.0 -9999.0 -9999.0 -9999.0 -9999.0 -9999.0 -9999.0 -9999.0 -9999.0 -9999.0 -9999.0 -9999.0 -9999.0 -9999.0 -9999.0 -9999.0 -9999.0 -9999.0 -9999.0 -9999.0 -9999.0 -9999.0 -9999.0 -9999.0 -9999.0 -9999.0 -9999.0 -9999.0 -9999.0 -9999.0 -9999.0 -9999.0 -9999.0 2.754565 3.043215 2.839748 2.548574 2.104004 1.710792 1.152575 -9999.0 -9999.0 -9999.0 -9999.0 -9999.0 -9999.0
-9999.0 -9999.0 -9999.0 -9999.0 -9999.0 -9999.0 -9999.0 -9999.0 -9999.0 -9999.0 -9999.0 -9999.0 -9999.0 -9999.0 -9999.0 -9999.0 -9999.0 -9999.0 -9999.0 -9999.0 -9999.0 -9999.0 -9999.0 -9999.0 -9999.0 -9999.0 -9999.0 -9999.0 -9999.0 -9999.0 -9999.0 -9999.0 -9999.0 -9999.0 -9999.0 -9999.0 -9999.0 -9999.0 -9999.0 -9999.0 -9999.0 -9999.0 -9999.0 -9999.0 -9999.0 -9999.0 -9999.0 -9999.0 -9999.0 2.911165 2.904969 3.482193 3.711106 3.372815 3.015377 2.629445 2.244965 1.991694 1.356437 0.637156 -9999.0 -9999.0 -9999.0
-9999.0 -9999.0 -9999.0 -9999.0 -9999.0 -9999.0 -9999.0 -9999.0 -9999.0 -9999.0 -9999.0 -9999.0 -9999.0 -9999.0 -9999.0 -9999.0 -9999.0 -9999.0 -9999.0 -9999.0 -9999.0 -9999.0 -9999.0 -9999.0 -9999.0 -9999.0 -9999.0 -9999.0 -9999.0 -9999.0 -9999.0 -9999.0 -9999.0 -9999.0 -9999.0 -9999.0 -9999.0 -9999.0 -9999.0 -9999.0 -9999.0 -9999.0 -9999.0 -9999.0 -9999.0 -9999.0 2.757647 3.051113 3.137231 3.419283 3.612338 3.933157 4.318290 4.215250 3.963032 3.470148 2.954841 2.557338 2.105746 1.830781 -9999.0 -9999.0 -9999.0
-9999.0 -9999.0 -9999.0 -9999.0 -9999.0 -9999.0 -9999.0 -9999.0 -9999.0 -9999.0 -9999.0 -9999.0 -9999.0 -9999.0 -9999.0 -9999.0 -9999.0 -9999.0 -9999.0 -9999.0 -9999.0 -9999.0 -9999.0 -9999.0 -9999.0 -9999.0 -9999.0 -9999.0 -9999.0 -9999.0 -9999.0 -9999.0 -9999.0 -9999.0 -9999.0 -9999.0 -9999.0 -9999.0 3.117378 3.079456 2.786732 3.267728 3.808309 4.179847 4.248120 4.029789 3.809161 3.638142 3.527458 4.074679 4.536200 4.739572 5.008735 4.942546 4.740444 4.430815 3.907909 3.140977 2.116206 1.645170 0.988508 0.998765 -9999.0
-9999.0 -9999.0 -9999.0 -9999.0 -9999.0 -9999.0 -9999.0 -9999.0 -9999.0 -9999.0 -9999.0 -9999.0 -9999.0 -9999.0 -9999.0 -9999.0 -9999.0 -9999.0 -9999.0 -9999.0 -9999.0 -9999.0 -9999.0 -9999.0 -9999.0 -9999.0 -9999.0 -9999.0 -9999.0 -9999.0 -9999.0 -9999.0 -9999.0 -9999.0 -9999.0 -9999.0 -9999.0 3.466270 3.776761 3.792877 3.709667 3.995156 4.344358 4.693325 4.756592 4.403815 4.021447 3.914665 4.109007 4.495465 4.891043 5.227797 5.602719 5.434974 5.109084 4.791133 4.179271 3.137162 1.717317 1.145557 0.983796 1.055456 -9999.0
-9999.0 -9999.0 -9999.0 -9999.0 -9999.0 -9999.0 -9999.0 -9999.0 -9999.0 -9999.0 -9999.0 -9999.0 -9999.0 -9999.0 -9999.0 -9999.0 -9999.0 -9999.0 -9999.0 -9999.0 -9999.0 -9999.0 -9999.0 -9999.0 -9999.0 -9999.0 -9999.0 -9999.0 -9999.0 -9999.0 -9999.0 -9999.0 -9999.0 -9999.0 -9999.0 -9999.0 4.167682 3.728815 4.191766 4.572609 4.532430 4.581051 4.997925 5.268508 5.243847 4.821345 4.446386 4.037435 4.484498 5.133614 5.248510 5.621857 6.095925 5.755389 5.488887 5.017363 3.941833 2.497143 1.400904 0.959922 0.954602 0.815385 -9999.0
-9999.0 -9999.0 -9999.0 -9999.0 -9999.0 -9999.0 -9999.0 -9999.0 -9999.0 -9999.0 -9999.0 -9999.0 -9999.0 -9999.0 -9999.0 -9999.0 -9999.0 -9999.0 -9999.0 -9999.0 -9999.0 -9999.0 -9999.0 -9999.0 -9999.0 -9999.0 -9999.0 -9999.0 -9999.0 -9999.0 -9999.0 2.669869 3.418657 3.757171 4.054224 4.540527 4.517548 4.437099 4.842857 5.179664 5.241696 5.158948 5.510102 5.794497 5.736960 5.332022 5.012454 4.517557 4.644343 5.547427 5.747825 6.024651 6.209045 6.053664 5.603486 4.560331 3.264390 2.416093 1.673243 0.846897 0.961836 -9999.0 -9999.0
-9999.0 -9999.0 -9999.0 -9999.0 -9999.0 -9999.0 -9999.0 -9999.0 -9999.0 -9999.0 -9999.0 -9999.0 -9999.0 -9999.0 -9999.0 -9999.0 -9999.0 -9999.0 -9999.0 -9999.0 -9999.0 -9999.0 -9999.0 -9999.0 -9999.0 -9999.0 -9999.0 -9999.0 -9999.0 -9999.0 3.845630 3.426178 4.189337 4.422356 4.481137 4.878453 5.129312 5.166543 5.227115 5.369998 5.579318 5.688730 5.836169 6.132969 6.229360 5.828061 5.460541 5.139922 4.578233 5.333024 6.034026 6.424799 6.505736 6.011888 4.730990 3.171875 2.064987 1.910288 1.590446 0.783924 0.829818 -9999.0 -9999.0
-9999.0 -9999.0 -9999.0 -9999.0 -9999.0 -9999.0 -9999.0 -9999.0 -9999.0 -9999.0 -9999.0 -9999.0 -9999.0 -9999.0 -9999.0 -9999.0 -9999.0 -9999.0 -9999.0 -9999.0 -9999.0 -9999.0 -9999.0 -9999.0 -9999.0 -9999.0 -9999.0 -9999.0 -9999.0 -9999.0 3.753102 3.852886 4.502131 4.816505 4.949167 5.301045 5.725993 5.736531 5.567514 5.484869 6.277232 6.343095 6.236340 6.344213 6.739222 6.459937 6.037160 5.743187 5.254345 5.172001 5.958119 6.591415 6.715687 6.490293 4.201625 3.591654 3.440464 2.979631 1.945267 0.950126 0.976803 1.029842 0.326098
-9999.0 -9999.0 -9999.0 -9999.0 -9999.0 -9999.0 -9999.0 -9999.0 -9999.0 -9999.0 -9999.0 -9999.0 -9999.0 -9999.0 -9999.0 -9999.0 -9999.0 -9999.0 -9999.0 -9999.0 -9999.0 -9999.0 -9999.0 -9999.0 -9999.0 -9999.0 -9999.0 -9999.0 -9999.0 4.190749 3.968012 4.401812 5.046016 5.437444 5.496265 5.606944 6.127834 6.193118 6.011710 5.891919 7.172805 7.107902 7.157861 7.110015 7.174329 7.044771 7.026057 6.329948 6.089786 5.972991 6.113263 6.655051 6.657941 5.467830 5.008689 4.750379 4.045842 3.325698 2.292875 1.384326 1.447180 1.249378 0.912796
-9999.0 -9999.0 -9999.0 -9999.0 -9999.0 -9999.0 -9999.0 -9999.0 -9999.0 -9999.0 -9999.0 -9999.0 -9999.0 -9999.0 -9999.0 -9999.0 -9999.0 -9999.0 -9999.0 -9999.0 -9999.0 -9999.0 -9999.0 -9999.0 -9999.0 -9999.0 2.894039 3.571160 4.295325 4.503795 4.478519 4.722307 5.364686 5.890675 5.946887 5.928174 4.812112 4.431989 4.121231 4.586895 4.536900 4.576018 5.059065 4.808317 4.821698 5.131620 5.039148 4.865468 4.938434 6.944295 5.273294 5.182585 5.100780 5.628827 5.356029 4.571207 3.270797 1.816026 1.229470 1.246949 1.675615 1.315849 0.875139
-9999.0 -9999.0 -9999.0 -9999.0 -9999.0 -9999.0 -9999.0 -9999.0 -9999.0 -9999.0 -9999.0 -9999.0 -9999.0 -9999.0 -9999.0 -9999.0 -9999.0 -9999.0 -9999.0 -9999.0 -9999.0 -9999.0 -9999.0 -9999.0 3.691057 4.250692 4.160326 4.176678 4.610524 4.972947 5.065293 4.987847 5.536336 6.283080 7.551310 6.331089 7.719186 7.927999 8.079877 8.207859 8.423073 8.639596 8.803397 8.753646 8.924662 8.984041 8.821733 8.582951 8.454457 7.875387 8.464702 8.326818 6.895267 5.530980 4.601894 3.162382 1.569582 1.255849 1.860541 2.435080 2.144886 1.660750 0.954352
-9999.0 -9999.0 -9999.0 -9999.0 -9999.0 -9999.0 -9999.0 -9999.0 -9999.0 -9999.0 -9999.0 -9999.0 -9999.0 -9999.0 -9999.0 -9999.0 -9999.0 -9999.0 -9999.0 -9999.0 -9999.0 -9999.0 -9999.0 -9999.0 4.297119 4.696042 4.742307 4.719521 5.072532 5.515039 5.672134 5.258547 5.309409 6.308538 4.517238 4.776530 4.948717 5.251473 5.504122 5.103281 5.327273 5.757065 6.169487 6.442437 6.783530 6.885184 6.960196 6.781121 6.893106 7.033265 6.845849 6.983285 6.526189 5.788839 4.886899 3.770598 2.370920 2.391297 2.662486 2.905853 2.872345 2.009762 1.156669
-9999.0 -9999.0 -9999.0 -9999.0 -9999.0 -9999.0 -9999.0 -9999.0 -9999.0 -9999.0 -9999.0 -9999.0 -9999.0 -9999.0 -9999.0 -9999.0 -9999.0 -9999.0 -9999.0 -9999.0 -9999.0 -9999.0 3.701549 4.238866 4.544254 5.234469 5.451394 5.298158 5.263983 5.811191 5.976503 5.306964 4.047314 6.209256 4.652297 5.104758 5.293734 5.412718 5.526491 5.547515 5.981099 6.040226 6.263147 6.213359 5.894056 6.481219 8.303038 8.137217 6.257980 6.062223 7.625619 5.347839 4.907422 4.479177 5.559034 4.262180 2.908139 3.130695 2.779857 3.288409 3.259972 2.111303 1.326718
-9999.0 -9999.0 -9999.0 -9999.0 -9999.0 -9999.0 -9999.0 5.140762 5.006097 5.565476 5.342562 5.970346 4.942288 4.140162 -9999.0 -9999.0 -9999.0 -9999.0 2.584496 3.460899 3.992928 4.581270 4.922953 4.925501 5.074466 5.775370 6.050862 5.856357 5.145511 5.409527 6.600146 5.610594 6.059363 5.302035 5.586227 6.734123 6.701409 6.791855 6.942809 7.062887 6.895492 7.196596 7.473338 8.869393 8.952069 8.938507 8.922936 8.743094 8.711321 7.741703 7.435673 4.816294 4.442047 4.249744 3.801556 3.658559 3.614241 3.762003 3.679017 3.681141 3.286571 2.063439 1.447361
-9999.0 -9999.0 -9999.0 -9999.0 -9999.0 -9999.0 7.706398 7.143790 6.909072 7.939665 7.638120 6.866503 2.297082 4.862792 3.579405 3.084269 3.646642 4.073466 4.187774 4.343456 4.728585 5.231671 5.551193 5.598642 5.423624 5.812349 6.388256 6.366535 4.594264 3.959255 3.781086 4.692344 5.334588 5.806539 6.375767 7.000305 7.185198 7.340912 7.652065 7.705129 5.521582 4.615315 4.837094 4.902463 6.815290 6.839967 5.935990 6.075080 6.164175 8.102172 8.083789 6.454825 6.303161 5.499519 5.113387 3.848283 4.631442 4.354657 4.167941 3.974828 3.175305 1.684194 1.067732
-9999.0 -9999.0 -9999.0 -9999.0 -9999.0 -9999.0 7.162585 4.710696 4.771218 4.791090 5.156480 5.084638 3.553941 5.677676 4.726230 4.738866 4.657091 4.541942 4.212668 4.204803 4.749986 5.523512 5.999034 6.135558 5.877827 5.395712 6.238984 6.216097 6.361159 6.413890 6.493718 6.748897 6.828865 6.883094 6.862118 6.804126 6.822374 6.824495 8.618648 8.391432 4.654887 5.719585 5.571859 2.638945 2.938050 2.616479 2.637133 4.933032 5.113825 5.790592 9.585564 8.060279 6.827107 6.797370 6.064747 5.238789 5.632145 5.060280 4.661691 3.927826 2.490039 1.443030 0.901538
-9999.0 -9999.0 -9999.0 -9999.0 -9999.0 9.104337 9.372090 7.592445 6.425853 6.343572 6.276982 5.581690 5.202361 6.372095 6.362051 6.403416 5.415695 4.643007 4.240069 4.457664 4.934051 5.724340 6.221522 6.503902 6.505174 5.624640 5.810632 6.975173 6.542607 6.713154 6.728084 4.970648 5.260199 5.489112 5.560510 5.584134 5.919868 7.984165 7.266459 5.064631 5.156719 4.717393 4.669253 4.749830 4.985231 4.950209 5.338760 5.374515 5.290074 5.364028 5.490622 6.163773 9.768891 7.050013 5.918806 3.976480 3.630547 3.323546 4.913455 3.496184 2.293917 1.962222 1.787271
-9999.0 -9999.0 -9999.0 -9999.0 8.097054 8.441630 8.588398 8.819355 6.025516 5.695800 5.414872 5.028771 4.717990 4.524108 5.609616 5.200068 4.646889 4.666897 4.788580 4.949791 5.154624 5.683250 6.216688 6.706024 5.998296 6.212513 6.210382 6.856632 7.245468 7.219519 7.152553 7.917517 8.275666 8.492629 8.401563 5.356411 8.389802 7.902241 7.546914 7.063497 6.984851 6.706844 6.637761 6.608278 6.513738 7.421915 7.440014 7.773937 7.862902 6.970289 6.959603 6.430677 3.389035 3.991045 8.520548 3.786097 3.325209 3.137614 3.074278 2.533529 3.476862 3.035923 2.567113
-9999.0 -9999.0 -9999.0 5.758127 8.314658 8.633498 8.773757 8.891324 6.408059 6.501048 6.363696 6.024296 5.939294 7.072108 6.705727 6.148304 5.644157 5.655967 5.725590 5.747888 5.294855 5.346101 5.355251 6.393738 6.690511 6.431214 7.011521 6.940430 7.749842 7.989203 6.933926 5.097818 5.696659 6.260476 8.078182 6.535829 6.277500 6.120486 6.242966 5.786419 6.005488 5.775953 5.572740 6.678078 6.198647 6.470450 5.993703 6.624538 6.867295 6.720333 6.042991 6.903479 6.074590 7.285011 8.425559 8.325323 7.628671 7.844825 7.207797 6.994230 6.799030 3.902026 3.461875
-9999.0 -9999.0 7.237780 9.149642 9.483623 9.425552 9.089908 8.986495 8.822821 8.762059 6.455093 5.855398 6.974299 5.849873 4.685317 4.114758 5.391108 5.872181 6.156556 6.386850 6.350840 6.583259 6.673411 6.992265 7.305447 7.396191 7.483864 7.787069 8.346461 7.388935 7.875803 8.161122 9.680711 9.444148 8.500028 8.206499 7.743105 7.641788 3.795441 4.294534 6.049018 3.643157 4.010456 4.779566 4.932165 5.232963 5.472413 5.705752 5.837638 6.143319 5.852328 6.078065 5.566256 5.851666 5.699474 6.076810 6.056940 5.885990 6.216855 4.921977 0.378031 1.324306 4.315981
7.012534 7.334968 7.699945 8.217251 9.450380 7.186107 7.374590 10.771759 10.640395 8.933454 8.873824 8.407091 7.504787 5.532154 4.855008 5.922256 6.184836 6.115317 6.281567 6.230410 6.318557 6.426690 6.543545 6.975767 7.262385 7.354511 7.590655 7.733138 8.082211 7.298075 7.674690 8.774336 8.912086 6.707311 6.302044 6.185992 6.021957 5.910761 5.900580 6.325992 5.958882 6.710149 6.479293 6.510252 4.218860 3.707925 3.787313 4.156866 4.139809 3.484083 3.813719 4.108147 3.844200 3.839876 3.934976 4.389428 4.485232 4.680928 4.833466 4.734317 4.571148 4.336025 3.982719
7.863316 8.018431 8.418177 8.381487 9.675402 8.880281 7.403420 7.370151 10.711031 9.626825 9.492161 8.718489 6.952118 5.752336 5.705090 4.393894 4.585358 4.666800 4.581485 4.588683 4.733183 4.877906 5.010910 5.037086 5.538691 5.688557 4.775135 6.119294 6.560943 6.268769 7.450254 7.661310 7.806278 6.073590 6.180332 6.321427 5.982662 5.732445 5.754992 5.821978 5.638046 4.190213 4.332750 4.274481 4.364360 4.617208 4.941038 5.403239 5.198781 5.305470 5.488182 4.538867 5.844351 6.103159 6.297027 6.424655 6.616272 5.532325 5.233324 5.142858 5.051781 4.619596 3.869998
7.681828 7.719596 7.222162 7.976540 7.444538 9.137423 7.379321 7.407263 10.781327 9.477022 9.596385 9.134652 6.580670 4.743067 5.403965 5.557202 5.590221 5.543231 5.537548 5.594617 5.712104 5.809967 6.042913 6.371217 6.913982 6.354403 6.445967 5.889843 5.625365 5.907377 8.335097 7.858619 5.109305 4.783684 4.598382 4.276675 3.903575 4.892743 4.347157 4.019309 5.219603 5.478356 4.895918 2.807820 3.406030 4.259056 4.846039 5.236279 4.604595 4.567442 4.573320 3.798205 4.647172 4.831824 5.065118 5.091501 5.535567 5.601282 5.362843 5.299639 5.170644 3.941761 3.576877
7.852689 7.433468 7.661249 7.703921 8.102847 8.312589 9.399654 7.405093 7.384777 10.904612 9.877363 9.461043 8.366447 5.390017 7.395970 6.191913 4.748407 7.905185 5.965307 5.191227 5.230700 5.399036 6.686551 6.788985 7.181729 6.346153 9.238758 9.301875 9.203995 6.498052 8.279813 6.392386 5.635674 5.486989 5.189931 5.008298 5.092933 4.672372 3.771706 5.568994 5.389022 4.615711 4.380848 1.547583 1.470688 2.494917 4.140403 4.843362 2.209898 2.225933 2.377222 2.458826 2.854659 3.250341 3.607157 2.282153 2.352916 2.161126 1.662942 1.443806 1.804829 1.464956 1.314026
