geotop_simulations/templates/TEST_Venosta_3D_034_template/rec/SoilPressure0000L0004.old.asc
ncols         252
nrows         194
xllcorner     598250.000000
yllcorner     5144500.000000
cellsize      250.000000
NODATA_value  -9999.0
[rows 120 to 143 of 194, columns 162 to 215 of 252]
-1246.668895 -1514.795536 -2155.898086 -2563.227954 -585.511513 -3047.030321 -3114.057962 -3131.234085 -3153.232309 -2798.915379 -2710.986201 -2704.272966 -2657.296726 -3129.960375 -3178.453784 -3124.976358 -3110.368220 -3118.819444 -3280.938681 -3221.071345 -3126.911431 -3091.766091 -3094.333333 -3069.896469 -2970.213684 -2717.069433 -2431.535223 -2041.254341 -1706.639773 -1547.210489 -1483.474699 -1438.266478 -1308.599601 -991.571196 -882.911591 -790.583678 -672.372084 -827.434194 -836.265651 -777.913227 -393.567443 19.379440 7393.459859 -832.067164 -1932.344246 -1113.636381 1811.154075 2075.596599 6223.004108 13703.420440 14906.818203 -1803.555262 -129766.877792 -74407.157458
-1199.811877 -1388.354032 -2059.439318 -2581.488781 -2922.243563 -3009.148189 -3100.898196 -3070.230387 -3031.551473 -2978.082536 -2482.287251 -2567.752283 -2531.953040 -2749.598912 -3056.204771 -3041.423704 -2994.251034 -2973.331369 -3226.607930 -3156.783299 -3081.739923 -3023.025109 -2943.181672 -2902.392731 -2911.323708 -2658.838609 -2437.968909 -2208.700857 -1905.347648 -1618.798337 -1418.078732 -1282.977498 -1172.982422 -1175.465888 -829.314179 -681.598070 -609.162299 -759.073800 -793.073708 -752.524975 -729.926402 -121.341290 4385.545712 5112.126379 51.089729 51.482185 8775.298877 16579.092190 29926.101118 37421.953126 40526.166001 -3287.439790 -11450.759146 -6847.562677
-1236.377475 -1422.136718 -1782.634438 -2499.525973 -3028.734245 -2938.588438 -2919.876809 -2861.299841 -2802.105245 -2760.378049 -2565.791148 -2388.289437 -2426.364325 -2499.686177 -2942.014649 -2898.621859 -2828.658260 -2702.406276 -2486.811447 -3089.931652 -2950.052139 -2917.643322 -2769.589516 -2652.798533 -2818.555856 -2630.095220 -2540.917326 -2178.213274 -1851.348566 -1594.704647 -1372.979298 -1246.372062 -1062.732071 -1062.766275 -724.164122 -622.290526 -756.645863 -703.332718 -727.921278 -715.734520 -710.243790 48.661417 54.549060 53.797613 56.016162 7987.794105 52.168336 32685.471909 36193.195831 32738.582112 30464.776852 -98259.435698 32728.316344 33807.594134
-1310.633864 -1524.146192 -1725.482956 -2553.668058 -2924.687026 -2871.228793 -2761.146959 -2659.847105 -2626.227690 -2628.748421 -2301.257802 -2005.315007 -2173.279057 -2285.302391 -2774.760250 -2794.048776 -2665.036641 -2428.823276 -2036.542786 -2972.599362 -2748.852440 -2835.240647 -2713.124600 -2392.838827 -2513.779831 -2529.178384 -2274.718072 -1997.651915 -1688.847419 -1436.312026 -1346.852839 -1243.583589 -996.167230 -825.328519 -680.659092 -571.379200 -717.647238 -577.053608 -602.496446 -676.353579 -509.935446 2458.618738 1521.773063 54.535076 -1405.881325 -127.820731 847.634879 14727.673975 47.341888 -226.673937 -40528.692409 -34143.775498 16239.587383 863.145310
-1426.218814 -1564.768686 -2089.234364 -2688.779977 -2880.212177 -2725.751782 -2542.698657 -2482.073017 -2449.318737 -2397.726295 -2109.858083 -1769.159799 -2016.251003 -2099.556943 -2470.079411 -2532.909819 -2417.933059 -2272.308181 -1763.543133 -2792.583508 -2467.317411 -2651.918807 -2625.780511 -2091.284856 -2049.145023 -1294.142500 -2301.911708 -1870.387129 -1521.114379 -1302.953494 -1256.252287 -1131.580908 -910.613459 -755.036084 -696.478220 -550.537555 -558.629779 -805.863795 -878.918058 -694.997129 -587.001560 39.372152 -167355.170540 -13733.262104 -136342.304330 -195824.035134 56.822744 54.401563 -3292.082709 -113.668563 -194.346423 5667.206504 -58153.229142 -47874.790056
-1441.563595 -1938.569832 -1691.161770 -2849.275007 -2744.749253 -2513.524192 -2355.262733 -2280.518122 -2204.649847 -2111.539805 -1843.875472 -1714.149882 -1771.567489 -1907.679471 -2172.939201 -2038.734736 -1918.976220 -1943.344544 -1585.900654 -2210.386697 -2063.289695 -2255.060353 -2343.385474 -1792.050946 -1499.700655 -1022.739274 -1168.792458 -2238.105146 -1777.667669 -1387.870576 -1264.720107 -1103.618985 -939.522502 -729.510927 -655.352613 -556.029165 -540.015273 -784.062188 -964.117645 -742.244727 -988.072196 49.612518 -140196.052353 -193804.587639 -4524.190605 57.981316 60.006072 55.542901 55.863994 -170.727784 -174.634045 45.056899 47.251863 45.710604
-2324.166166 -1739.631348 -2325.058051 -2793.774164 -2658.006047 -2421.751355 -2234.149551 -2059.820156 -1983.842218 -1866.271622 -1626.786031 -1469.609833 -1456.679911 -1681.936191 -1868.160440 -1821.018852 -1629.104931 -1635.943411 -1512.048816 -1931.641515 -1750.266302 -1850.987516 -1979.080022 -1649.858268 -1253.170213 -811.027577 -912.418126 -1042.073842 -1016.666584 -1336.245401 -1095.574414 -1098.251514 -904.697035 -832.353870 -674.056967 -627.443499 -725.913558 -602.370339 -674.324993 -704.073195 -1632.707864 54.706926 -668.751516 -6959.538979 -9390.982704 57.745006 60.074381 61.278411 56.137033 31.124682 -145.975542 -29.201763 47.073850 45.345496
-2062.628911 -1700.411426 -2804.002408 -2848.614586 -2677.027060 -2416.321884 -2161.146912 -1905.571633 -1835.572147 -1802.940133 -1590.080316 -1431.233019 -1362.310891 -1449.396905 -1646.483010 -1709.275315 -1567.667352 -1516.679379 -1439.794964 -1741.478041 -1597.793182 -1595.696812 -1626.376331 -1456.377559 -1173.992679 -889.641722 -804.192766 -778.611570 -740.850591 -786.902130 -721.585629 -682.913543 -706.810913 -764.182018 -698.068547 -632.905018 -628.201032 -615.718596 -690.632126 -680.484581 -3206.799055 14.946254 -4008.571630 -28102.033234 -116832.111351 55.971202 58.658356 63.448756 60.041234 48.797834 -142.646275 -10.006487 49.055049 -9999.0
-1105.888232 -2504.042588 -2848.472545 -2851.206144 -2674.796585 -2393.199063 -2124.551169 -1868.835224 -1853.652312 -1782.800256 -1624.689912 -1433.192410 -1366.706724 -1336.437242 -1458.047562 -1516.580869 -1496.889230 -1476.792942 -1362.736082 -1603.114284 -1426.834127 -1359.102537 -1322.413612 -1204.029846 -990.360023 -851.462833 -785.815486 -739.597507 -648.226895 -603.237253 -603.401737 -668.901951 -797.305517 -718.348863 -687.932720 -649.450376 -599.060484 -614.051178 -637.306630 -630.076245 -522.191415 -241.243657 49.427932 53.882748 55.232173 55.932338 56.752325 46.551940 33.821137 48.623574 -9999.0 -9999.0 -9999.0 -9999.0
-2331.112255 -2655.496740 -2987.685495 -2921.063342 -2705.839053 -2356.935866 -2041.938773 -1840.457336 -1821.903891 -1676.479741 -1503.633643 -1414.873436 -1336.160644 -1277.751062 -1304.697853 -1324.741550 -1338.054704 -1349.960848 -1260.438717 -1459.417048 -1370.170264 -1304.636343 -1258.562845 -1414.446391 -938.462622 -824.172079 -791.869056 -741.172280 -661.792290 -580.906162 -558.005375 -475.115999 -712.379051 -1675.407613 -2498.239373 -631.795585 -583.655203 -633.036189 -663.609503 -615.209502 -502.119299 -318.259843 48.254760 52.303131 55.007180 50.428505 -9.501122 -247829.286772 -267936.492046 -9999.0 -9999.0 -9999.0 -9999.0 -9999.0
-2892.459844 1018.825625 -2980.857956 -3072.553214 -2890.001197 -2606.205737 -2235.856012 -1869.582479 -1862.052547 -1674.211888 -1441.524993 -1298.331877 -1640.433332 -1261.927911 -1478.669454 -1312.665353 -1241.852960 -1264.327272 -1167.662749 -1324.645391 -1297.916643 -1249.651364 -1230.751180 -1170.924190 -1237.378550 -838.939887 -817.080712 -764.625431 -701.300525 -648.326938 -649.559629 -684.207224 -1212.723114 -2258.836622 -633.109894 -627.925798 -591.762907 -9999.0 -9999.0 -9999.0 -9999.0 -9999.0 -9999.0 52.564020 40.203723 -344568.495031 -368467.701613 -14.572371 -7199.146514 -9999.0 -9999.0 -9999.0 -9999.0 -9999.0
-2438.950615 -2864.260600 -2941.888207 -3006.751286 -3115.409020 -3004.926129 -2475.711907 -2142.183707 -1985.995772 -1770.800628 -1516.386438 -1726.294349 -1096.042805 -1492.446505 -1223.303733 -1649.726948 -1324.666540 -1200.388471 -1050.126955 -1179.360699 -1601.554673 -1390.829170 -1141.817602 -1118.586499 -1264.909158 -1001.635094 -902.665736 -900.013978 -819.109868 -705.385442 -694.558232 -876.221070 -629.045470 -610.815972 -608.565210 -594.799240 -574.348699 -9999.0 -9999.0 -9999.0 -9999.0 -9999.0 -9999.0 -9999.0 -9999.0 -9999.0 -9999.0 -9999.0 -9999.0 -9999.0 -9999.0 -9999.0 -9999.0 -9999.0
-2454.773105 -2557.669418 -2770.735300 -2690.060024 -2674.249931 -3053.677391 -2592.507537 -2371.606439 -1917.937641 -1788.947966 -1562.465903 -1342.460540 -1492.788905 -1104.926267 -1667.097489 -1699.098991 -1608.967545 -1464.273202 -959.023334 -1053.522917 -1605.723299 -1144.861972 -1068.351051 -1244.837176 -1163.479215 -1076.712826 -841.191555 -757.105852 -847.767773 -661.014816 -746.415941 -711.536931 -644.452821 -597.477639 -565.300569 -540.043550 -541.312114 -9999.0 -9999.0 -9999.0 -9999.0 -9999.0 -9999.0 -9999.0 -9999.0 -9999.0 -9999.0 -9999.0 -9999.0 -9999.0 -9999.0 -9999.0 -9999.0 -9999.0
-2293.700704 -2317.846425 -2363.384114 -2250.236857 -2246.276214 -2421.091485 -2686.987384 -2449.684200 -2142.876823 -1805.809926 -1660.808897 -1467.602116 -2207.412737 -1177.503933 -1112.763841 -1096.443250 -1538.624739 -1489.432164 -939.465874 -909.704441 -1237.990495 -1388.829660 -1277.955838 -1168.853177 -1240.957548 -1238.590593 -897.526160 -951.215551 -894.312158 -845.656105 -783.619947 -733.097265 -655.135881 -589.749360 -553.033314 -519.239275 -521.470988 -9999.0 -9999.0 -9999.0 -9999.0 -9999.0 -9999.0 -9999.0 -9999.0 -9999.0 -9999.0 -9999.0 -9999.0 -9999.0 -9999.0 -9999.0 -9999.0 -9999.0
-1913.772233 -1888.112631 -2038.931290 -1964.187277 -1746.427474 -1997.255416 -1471.935768 -1318.218569 -1200.821780 -1184.869397 -1853.618888 -1551.199928 -2532.708880 -2693.906833 -1274.791317 -1109.686805 -1517.609886 -1126.809698 -1092.578023 -989.471834 -794.013376 -1278.026845 -1182.164758 -935.742465 -894.966960 -1265.131817 -1038.002920 -998.517115 -920.408387 -854.862311 -784.808328 -733.897953 -700.269926 -674.380050 -708.949925 -9999.0 -9999.0 -9999.0 -9999.0 -9999.0 -9999.0 -9999.0 -9999.0 -9999.0 -9999.0 -9999.0 -9999.0 -9999.0 -9999.0 -9999.0 -9999.0 -9999.0 -9999.0 -9999.0
-1833.828538 -1679.959622 -1683.067385 -1842.457512 -1613.630377 -1647.031677 -1893.831251 -1255.848276 -1131.166922 -1013.679541 -1237.855771 -1162.561572 -1486.768041 -2698.217659 -2283.193135 -1771.052862 -1132.943810 -1035.376566 -986.437178 -855.459447 -719.284798 -1306.617200 -1285.507309 -1048.446785 -970.879403 -990.367833 -1021.143896 -1021.695529 -994.131610 -965.707224 -934.417087 -942.992874 -9999.0 -9999.0 -9999.0 -9999.0 -9999.0 -9999.0 -9999.0 -9999.0 -9999.0 -9999.0 -9999.0 -9999.0 -9999.0 -9999.0 -9999.0 -9999.0 -9999.0 -9999.0 -9999.0 -9999.0 -9999.0 -9999.0
-1752.013657 -1708.538095 -1571.093857 -1710.299655 -1531.868644 -1481.309610 -1614.425310 -1649.253510 -1039.459859 -857.099805 -1063.227979 -1029.618810 -932.635038 -1028.809587 -1235.180306 -1516.661190 -1493.464453 -980.034059 -857.601951 -880.963591 -751.486983 -1160.622759 -1340.110663 -1383.748750 -1078.605819 -1056.361462 -1053.750134 -1069.149142 -9999.0 -9999.0 -9999.0 -9999.0 -9999.0 -9999.0 -9999.0 -9999.0 -9999.0 -9999.0 -9999.0 -9999.0 -9999.0 -9999.0 -9999.0 -9999.0 -9999.0 -9999.0 -9999.0 -9999.0 -9999.0 -9999.0 -9999.0 -9999.0 -9999.0 -9999.0
-1378.184310 -1547.660713 -1509.743751 -1505.007661 -1416.895425 -1278.250654 -1331.950538 -1271.401469 -875.557259 -1014.187881 -732.903312 -1089.101264 -1034.231121 -953.853052 -778.418816 -934.083768 -1325.188749 -976.489430 -791.791609 -847.473714 -837.725122 -1072.756099 -1231.704083 -1390.118845 -1159.338510 -9999.0 -9999.0 -9999.0 -9999.0 -9999.0 -9999.0 -9999.0 -9999.0 -9999.0 -9999.0 -9999.0 -9999.0 -9999.0 -9999.0 -9999.0 -9999.0 -9999.0 -9999.0 -9999.0 -9999.0 -9999.0 -9999.0 -9999.0 -9999.0 -9999.0 -9999.0 -9999.0 -9999.0 -9999.0
-1228.292758 -1237.617846 -1360.586636 -1388.225292 -1335.261581 -1397.964619 -1253.113059 -1179.426933 -1204.587242 -683.330268 -576.687603 -787.716644 -866.500810 -655.846288 -621.846832 -643.177055 -760.706857 -828.016897 -694.099811 -768.273368 -800.262221 -1028.891763 -1119.104471 -1390.040958 -1200.095926 -9999.0 -9999.0 -9999.0 -9999.0 -9999.0 -9999.0 -9999.0 -9999.0 -9999.0 -9999.0 -9999.0 -9999.0 -9999.0 -9999.0 -9999.0 -9999.0 -9999.0 -9999.0 -9999.0 -9999.0 -9999.0 -9999.0 -9999.0 -9999.0 -9999.0 -9999.0 -9999.0 -9999.0 -9999.0
-1271.047798 -1153.228554 -1149.934562 -1420.952293 -1253.311008 -1055.616480 -1015.936985 -1320.261804 -1029.398056 -636.138155 -476.839021 -884.708267 -789.841641 -636.269149 -525.145458 -518.249995 -642.610672 -697.972993 -618.664349 -679.639271 -763.081403 -952.616947 -1271.338923 -1199.003286 -9999.0 -9999.0 -9999.0 -9999.0 -9999.0 -9999.0 -9999.0 -9999.0 -9999.0 -9999.0 -9999.0 -9999.0 -9999.0 -9999.0 -9999.0 -9999.0 -9999.0 -9999.0 -9999.0 -9999.0 -9999.0 -9999.0 -9999.0 -9999.0 -9999.0 -9999.0 -9999.0 -9999.0 -9999.0 -9999.0
-1321.766660 -1226.425540 -1123.331991 -1063.731514 -1158.738396 -1092.699709 -1107.793795 -933.328475 -889.801693 -541.838468 -488.897921 -672.841100 -668.512074 -570.580731 -447.679070 -443.187830 -500.143208 -650.376585 -614.598048 -662.035787 -742.768116 -838.881407 -1008.965447 -9999.0 -9999.0 -9999.0 -9999.0 -9999.0 -9999.0 -9999.0 -9999.0 -9999.0 -9999.0 -9999.0 -9999.0 -9999.0 -9999.0 -9999.0 -9999.0 -9999.0 -9999.0 -9999.0 -9999.0 -9999.0 -9999.0 -9999.0 -9999.0 -9999.0 -9999.0 -9999.0 -9999.0 -9999.0 -9999.0 -9999.0
-1367.831238 -1195.398532 -1066.495810 -1056.801720 -947.492281 -959.628658 -967.559922 -771.345345 -720.882322 -389.332772 -202.699190 -478.580504 -575.969095 -498.678747 -380.777559 -332.693232 -399.042223 -506.485441 -593.299387 -657.783046 -776.464468 -9999.0 -9999.0 -9999.0 -9999.0 -9999.0 -9999.0 -9999.0 -9999.0 -9999.0 -9999.0 -9999.0 -9999.0 -9999.0 -9999.0 -9999.0 -9999.0 -9999.0 -9999.0 -9999.0 -9999.0 -9999.0 -9999.0 -9999.0 -9999.0 -9999.0 -9999.0 -9999.0 -9999.0 -9999.0 -9999.0 -9999.0 -9999.0 -9999.0
-1610.585562 -1785.585283 -1125.895715 -863.818025 -888.693686 -816.122644 -722.038432 -671.009892 -626.113580 -561.669006 43.280908 -284.725976 -437.272782 -357.532393 43.679652 -152.799721 -391.891671 -482.595400 -9999.0 -9999.0 -9999.0 -9999.0 -9999.0 -9999.0 -9999.0 -9999.0 -9999.0 -9999.0 -9999.0 -9999.0 -9999.0 -9999.0 -9999.0 -9999.0 -9999.0 -9999.0 -9999.0 -9999.0 -9999.0 -9999.0 -9999.0 -9999.0 -9999.0 -9999.0 -9999.0 -9999.0 -9999.0 -9999.0 -9999.0 -9999.0 -9999.0 -9999.0 -9999.0 -9999.0
-2660.121722 -2277.417618 -1262.105934 -1029.203854 -989.897097 -916.037724 -852.974923 -723.195977 -639.008197 -585.866243 50.146910 45.858345 -279.993772 44.456137 48.619644 -117.894287 -9999.0 -9999.0 -9999.0 -9999.0 -9999.0 -9999.0 -9999.0 -9999.0 -9999.0 -9999.0 -9999.0 -9999.0 -9999.0 -9999.0 -9999.0 -9999.0 -9999.0 -9999.0 -9999.0 -9999.0 -9999.0 -9999.0 -9999.0 -9999.0 -9999.0 -9999.0 -9999.0 -9999.0 -9999.0 -9999.0 -9999.0 -9999.0 -9999.0 -9999.0 -9999.0 -9999.0 -9999.0 -9999.0
