geotop_simulations/templates/TEST_Venosta_3D_034_template/rec/SoilTemperature0000L0008.asc
ncols         252
nrows         194
xllcorner     598250.000000
yllcorner     5144500.000000
cellsize      250.000000
NODATA_value  -9999.0
[rows 84 to 111 of 194, columns 0 to 61 of 252]
-9999.0 -9999.0 -9999.0 -9999.0 -9999.0 -9999.0 -9999.0 -9999.0 -9999.0 -9999.0 -9999.0 -9999.0 -9999.0 -9999.0 -9999.0 -9999.0 -9999.0 -9999.0 -9999.0 -9999.0 -9999.0 -9999.0 -9999.0 -9999.0 -9999.0 -9999.0 -9999.0 -9999.0 -9999.0 -9999.0 -9999.0 -9999.0 -9999.0 12.376536 12.395580 12.257757 3.504889 11.165371 10.652075 11.229488 11.076530 9.827270 9.882406 8.992942 8.539829 8.984465 2.361248 9.362983 2.756446 9.490074 3.539405 5.032941 6.388949 5.073195 6.813435 6.761315 6.464629 6.287992 5.620381 6.186827 6.877871 7.596245
-9999.0 -9999.0 -9999.0 -9999.0 -9999.0 -9999.0 -9999.0 -9999.0 -9999.0 -9999.0 -9999.0 -9999.0 -9999.0 -9999.0 -9999.0 -9999.0 -9999.0 -9999.0 -9999.0 -9999.0 -9999.0 -9999.0 -9999.0 -9999.0 -9999.0 -9999.0 -9999.0 -9999.0 -9999.0 -9999.0 -9999.0 -9999.0 3.575719 4.207921 4.308836 4.070930 3.962787 12.472287 11.701573 11.936403 11.284027 8.898971 8.156487 7.866045 7.029687 6.929678 7.025012 7.086048 7.497645 8.893705 10.717352 4.260551 6.089844 5.260325 5.277964 5.342292 7.334723 7.211522 7.153180 6.260013 6.987630 7.748539
-9999.0 -9999.0 -9999.0 -9999.0 -9999.0 -9999.0 -9999.0 -9999.0 -9999.0 -9999.0 -9999.0 -9999.0 -9999.0 -9999.0 -9999.0 -9999.0 -9999.0 -9999.0 -9999.0 -9999.0 -9999.0 -9999.0 -9999.0 -9999.0 -9999.0 -9999.0 -9999.0 -9999.0 -9999.0 -9999.0 -9999.0 2.922985 3.454203 3.904452 4.253595 4.295699 4.341127 4.235202 12.825642 3.764593 10.997462 9.103463 8.563957 8.675202 8.026246 8.498721 8.954017 9.084283 9.935768 11.162938 12.340348 4.611504 4.159473 5.037573 5.481324 5.570891 5.643956 7.808410 8.181257 6.658368 7.275624 8.005273
-9999.0 -9999.0 -9999.0 -9999.0 -9999.0 -9999.0 -9999.0 -9999.0 -9999.0 -9999.0 -9999.0 -9999.0 -9999.0 -9999.0 -9999.0 -9999.0 -9999.0 -9999.0 -9999.0 -9999.0 -9999.0 -9999.0 -9999.0 -9999.0 -9999.0 -9999.0 -9999.0 -9999.0 -9999.0 -9999.0 -9999.0 2.327905 2.421354 2.825665 3.394794 4.078337 4.459539 4.497265 4.333148 3.841638 3.228156 2.650158 8.564352 8.831023 9.859932 10.557577 11.087503 11.384675 12.019889 12.647184 4.963753 4.979583 5.351314 5.470715 5.970252 5.388942 5.878653 6.100932 6.471159 6.872315 7.204196 7.374088
-9999.0 -9999.0 -9999.0 -9999.0 -9999.0 -9999.0 -9999.0 -9999.0 -9999.0 -9999.0 -9999.0 -9999.0 -9999.0 -9999.0 -9999.0 -9999.0 -9999.0 -9999.0 -9999.0 -9999.0 -9999.0 -9999.0 -9999.0 -9999.0 -9999.0 -9999.0 -9999.0 -9999.0 -9999.0 -9999.0 -9999.0 8.864177 1.816946 1.642049 2.135634 2.810309 3.590618 4.315137 9.374320 8.765135 3.352353 2.639968 2.536522 9.126647 10.236415 10.669600 11.171085 11.671676 4.622604 4.925039 5.082843 5.016070 4.985064 3.737067 3.848707 4.240329 5.954940 7.048996 7.603632 7.687101 6.233101 6.017528
-9999.0 -9999.0 -9999.0 -9999.0 -9999.0 -9999.0 -9999.0 -9999.0 -9999.0 -9999.0 -9999.0 -9999.0 -9999.0 -9999.0 -9999.0 -9999.0 -9999.0 -9999.0 -9999.0 -9999.0 -9999.0 -9999.0 -9999.0 -9999.0 -9999.0 -9999.0 -9999.0 -9999.0 -9999.0 -9999.0 -9999.0 8.813970 8.200101 8.298626 8.860342 1.820745 2.317850 3.235552 9.417127 9.051403 3.613665 3.038434 2.980618 9.532432 9.950935 10.270271 10.839276 4.014750 4.378544 4.737897 4.971502 4.737878 3.326231 3.196645 4.034478 4.281237 4.339482 4.707673 5.150874 4.917248 5.183847 5.603546
-9999.0 -9999.0 -9999.0 -9999.0 -9999.0 -9999.0 -9999.0 -9999.0 -9999.0 -9999.0 -9999.0 -9999.0 -9999.0 -9999.0 -9999.0 -9999.0 -9999.0 -9999.0 -9999.0 -9999.0 -9999.0 -9999.0 -9999.0 -9999.0 -9999.0 -9999.0 -9999.0 -9999.0 -9999.0 -9999.0 -9999.0 -9999.0 7.440351 7.120111 7.982845 8.947127 1.958787 2.561230 3.959261 9.343300 4.007923 3.615534 3.298559 3.196566 9.382543 9.690751 10.168267 11.176660 4.049413 4.403689 4.562382 4.260915 3.968917 4.017831 4.038828 4.014754 3.981788 4.203714 4.903873 4.845703 5.528808 6.235237
-9999.0 -9999.0 -9999.0 -9999.0 -9999.0 -9999.0 -9999.0 -9999.0 -9999.0 -9999.0 -9999.0 -9999.0 -9999.0 -9999.0 -9999.0 -9999.0 -9999.0 -9999.0 -9999.0 -9999.0 -9999.0 -9999.0 -9999.0 -9999.0 -9999.0 -9999.0 -9999.0 -9999.0 -9999.0 -9999.0 -9999.0 -9999.0 -9999.0 6.271958 7.495197 9.273436 2.226149 2.421476 3.205628 9.553407 4.373839 3.925003 3.589795 3.320933 9.085188 9.697944 9.551951 10.205491 3.740315 4.032909 4.129992 4.049619 4.193399 4.714156 5.013900 5.234791 5.741964 6.352166 7.020200 7.561210 7.976111 6.488982
-9999.0 -9999.0 -9999.0 -9999.0 -9999.0 -9999.0 -9999.0 -9999.0 -9999.0 -9999.0 -9999.0 -9999.0 -9999.0 -9999.0 -9999.0 -9999.0 -9999.0 -9999.0 -9999.0 -9999.0 -9999.0 -9999.0 -9999.0 -9999.0 -9999.0 -9999.0 -9999.0 -9999.0 -9999.0 -9999.0 -9999.0 -9999.0 -9999.0 6.896335 8.364235 10.130461 11.482710 2.473769 2.780066 3.823046 9.603009 4.215368 3.841243 3.505929 9.167678 9.466692 9.442983 9.183318 10.031462 3.705339 4.080265 4.598637 4.985312 5.262926 5.478640 5.850728 6.245864 4.776541 7.129900 5.839260 6.302535 6.752550
-9999.0 -9999.0 -9999.0 -9999.0 -9999.0 -9999.0 -9999.0 -9999.0 -9999.0 -9999.0 -9999.0 -9999.0 -9999.0 -9999.0 -9999.0 -9999.0 -9999.0 -9999.0 -9999.0 -9999.0 -9999.0 -9999.0 -9999.0 -9999.0 -9999.0 -9999.0 -9999.0 -9999.0 -9999.0 -9999.0 -9999.0 -9999.0 -9999.0 8.471177 9.631898 10.745721 11.251325 2.330959 2.239710 2.831253 9.507572 4.563599 4.109739 3.697646 3.198065 8.895332 9.741768 9.972628 10.537809 11.276284 4.785159 5.117794 5.204685 5.401636 5.625634 5.911469 4.457033 5.100312 5.704330 6.250632 6.707493 7.087217
-9999.0 -9999.0 -9999.0 -9999.0 -9999.0 -9999.0 -9999.0 -9999.0 -9999.0 -9999.0 -9999.0 -9999.0 -9999.0 -9999.0 -9999.0 -9999.0 -9999.0 -9999.0 -9999.0 -9999.0 -9999.0 -9999.0 -9999.0 -9999.0 -9999.0 -9999.0 -9999.0 -9999.0 -9999.0 -9999.0 -9999.0 -9999.0 -9999.0 8.399882 9.413572 10.089225 10.289991 10.957413 12.136872 2.444170 4.064941 4.738207 8.655349 3.907882 3.493965 3.179923 10.092164 11.103845 11.723458 12.258295 12.573984 5.165366 5.285354 3.795640 4.039270 4.382032 4.739269 5.454996 6.181055 6.787208 7.192911 7.611265
-9999.0 -9999.0 -9999.0 -9999.0 -9999.0 -9999.0 -9999.0 -9999.0 -9999.0 -9999.0 -9999.0 -9999.0 -9999.0 -9999.0 -9999.0 -9999.0 -9999.0 -9999.0 -9999.0 -9999.0 -9999.0 -9999.0 -9999.0 -9999.0 -9999.0 -9999.0 -9999.0 -9999.0 -9999.0 -9999.0 -9999.0 -9999.0 -9999.0 7.812374 8.344844 8.770070 9.806541 11.580415 2.870112 2.632837 3.553840 4.799783 9.055776 3.606352 2.908194 2.281199 4.081182 11.499954 12.066697 12.645358 3.504101 12.720439 5.481662 4.181053 4.433240 4.806451 5.106249 5.586942 6.572172 7.316625 7.723454 8.106196
-9999.0 -9999.0 -9999.0 -9999.0 -9999.0 -9999.0 -9999.0 -9999.0 -9999.0 -9999.0 -9999.0 -9999.0 -9999.0 -9999.0 -9999.0 -9999.0 -9999.0 -9999.0 -9999.0 -9999.0 -9999.0 -9999.0 -9999.0 -9999.0 -9999.0 -9999.0 -9999.0 -9999.0 -9999.0 -9999.0 -9999.0 -9999.0 -9999.0 6.721090 7.185472 8.603010 10.563525 11.806961 2.827487 3.098768 3.526051 4.807194 9.546630 4.005905 3.454819 4.128186 2.945497 12.317193 12.894248 3.711848 4.056861 13.135122 4.470257 4.695625 11.100347 5.270060 5.623050 5.876397 6.685561 7.690862 8.202827 8.588371
-9999.0 -9999.0 -9999.0 -9999.0 -9999.0 -9999.0 -9999.0 -9999.0 -9999.0 -9999.0 -9999.0 -9999.0 -9999.0 -9999.0 -9999.0 -9999.0 -9999.0 -9999.0 -9999.0 -9999.0 -9999.0 -9999.0 -9999.0 -9999.0 -9999.0 -9999.0 -9999.0 -9999.0 -9999.0 -9999.0 -9999.0 -9999.0 -9999.0 5.664753 6.899312 8.973023 10.683107 2.312159 2.744115 3.425551 3.826436 4.473068 5.300670 9.241469 3.966568 3.566923 3.583653 3.626849 3.952645 4.439723 4.652037 4.825124 4.975556 5.259385 11.275606 11.522734 6.135296 6.544214 7.124384 7.892380 8.578795 8.998227
-9999.0 -9999.0 -9999.0 -9999.0 -9999.0 -9999.0 -9999.0 -9999.0 -9999.0 9.950125 9.630428 -9999.0 -9999.0 -9999.0 -9999.0 -9999.0 -9999.0 -9999.0 -9999.0 -9999.0 -9999.0 -9999.0 -9999.0 -9999.0 -9999.0 -9999.0 -9999.0 -9999.0 -9999.0 -9999.0 -9999.0 -9999.0 -9999.0 7.892920 8.735885 9.800167 11.020766 2.601441 2.880872 3.179041 3.460467 3.736632 5.103875 4.921259 4.475614 4.117744 4.150162 4.177086 4.560027 5.043708 5.227331 5.356889 5.464766 5.820474 11.503084 11.721096 12.253449 7.860975 8.284514 8.839076 9.308263 9.485524
-9999.0 -9999.0 -9999.0 -9999.0 -9999.0 -9999.0 -9999.0 -9999.0 -9999.0 10.316425 10.242146 9.589322 8.530332 7.968400 8.880720 5.247684 -9999.0 -9999.0 -9999.0 -9999.0 -9999.0 -9999.0 -9999.0 -9999.0 -9999.0 -9999.0 -9999.0 -9999.0 -9999.0 -9999.0 -9999.0 -9999.0 -9999.0 9.013390 9.497231 9.712546 9.997825 10.412154 10.992762 2.787895 3.218162 3.114614 3.689267 4.955962 9.340719 4.623218 4.633857 4.581425 4.975225 5.523452 5.729225 5.837582 5.896877 6.278218 11.842732 11.970632 7.998200 8.203563 8.620922 9.209636 9.534844 9.568364
-9999.0 -9999.0 -9999.0 -9999.0 -9999.0 -9999.0 -9999.0 -9999.0 -9999.0 10.220630 10.258649 10.351676 10.204463 -9999.0 -9999.0 -9999.0 -9999.0 -9999.0 -9999.0 -9999.0 -9999.0 -9999.0 -9999.0 -9999.0 -9999.0 -9999.0 -9999.0 -9999.0 -9999.0 -9999.0 -9999.0 -9999.0 -9999.0 -9999.0 9.922089 10.341400 10.301417 9.969201 9.992519 10.648597 3.383140 3.061576 3.070831 4.614661 5.243754 5.115989 5.070725 4.956456 5.059915 5.732959 6.147325 6.248962 6.265822 6.489786 12.094613 12.235232 8.358292 8.494650 8.898033 9.291641 9.447913 6.482611
-9999.0 -9999.0 -9999.0 -9999.0 -9999.0 -9999.0 -9999.0 -9999.0 -9999.0 9.252725 9.981356 10.281878 10.430383 -9999.0 -9999.0 -9999.0 -9999.0 -9999.0 -9999.0 -9999.0 -9999.0 -9999.0 -9999.0 -9999.0 -9999.0 -9999.0 -9999.0 -9999.0 -9999.0 -9999.0 -9999.0 -9999.0 -9999.0 -9999.0 9.735527 10.276382 10.762592 11.127298 11.559126 12.004097 3.955608 3.197619 3.177736 3.952613 5.445456 10.203553 5.502368 5.490136 5.396027 5.686748 6.360001 11.257373 7.430654 7.222204 7.045506 7.679948 12.747690 8.649770 8.909686 9.173737 5.125946 6.066578
-9999.0 -9999.0 -9999.0 -9999.0 -9999.0 -9999.0 -9999.0 -9999.0 -9999.0 9.894439 10.256981 10.202914 10.433638 10.991231 11.091593 -9999.0 -9999.0 4.141259 4.529988 4.545604 4.368345 4.466775 4.299763 -9999.0 -9999.0 -9999.0 -9999.0 -9999.0 -9999.0 -9999.0 -9999.0 -9999.0 -9999.0 -9999.0 -9999.0 8.775994 10.020080 11.164939 11.881038 3.844268 4.143868 3.372064 3.531663 3.899934 5.073022 5.711985 10.515641 5.862620 5.815795 5.691106 6.210452 6.839160 7.714810 7.893487 7.891704 7.832960 12.593784 12.699592 12.442373 7.379257 7.301698 11.321669
-9999.0 -9999.0 -9999.0 -9999.0 10.260439 10.788403 10.069669 10.543836 11.725357 11.657930 11.180002 4.018644 4.074748 4.133319 4.038532 3.766947 -9999.0 4.418187 4.716490 4.618358 4.550532 4.527994 4.434947 -9999.0 -9999.0 -9999.0 -9999.0 -9999.0 -9999.0 -9999.0 -9999.0 -9999.0 -9999.0 -9999.0 -9999.0 9.010779 9.542681 10.458252 2.819838 3.319148 3.735355 3.130606 3.826110 3.423846 4.182297 5.367932 5.940856 10.687503 6.235296 6.273665 6.347252 6.852523 7.320515 8.129994 8.240012 8.354704 15.989113 16.247060 7.240491 9.239093 10.759589 9.383050
-9999.0 -9999.0 -9999.0 10.912935 11.478480 11.646155 11.230601 11.874887 12.624970 12.383193 11.868489 4.388851 4.519618 4.490944 4.282900 3.964178 4.045447 4.310504 4.635540 4.735958 4.805736 4.775949 4.811677 4.946911 4.723976 4.401456 -9999.0 -9999.0 0.134286 9.370178 9.673530 2.715409 2.567580 -9999.0 -9999.0 -9999.0 9.246667 9.655547 10.261806 2.553458 2.859113 2.986027 2.941173 3.304055 3.555732 4.370902 5.703564 11.296879 7.294725 7.440405 7.561932 7.673605 7.471677 11.916283 12.032159 12.095987 15.780605 7.014671 8.650739 10.451039 8.906215 6.580597
-9999.0 -9999.0 -9999.0 4.895265 4.849179 4.755935 4.661271 4.718595 4.813165 4.726912 4.662774 4.700999 4.795911 4.720901 4.453615 4.117286 4.239048 4.388986 4.617622 4.933720 5.075324 5.145577 5.235178 5.235329 4.764302 4.228055 3.707942 3.359633 2.996896 2.548921 -9999.0 -9999.0 -9999.0 -9999.0 -9999.0 -9999.0 7.975187 8.500925 9.266449 9.643863 2.368434 2.280857 2.854698 3.196568 3.431544 3.712519 4.300957 5.784557 6.819626 7.690720 7.838060 7.942382 11.843522 11.864722 11.915165 11.760036 8.709971 8.591595 10.530503 8.801501 6.346607 5.841218
-9999.0 -9999.0 -9999.0 5.361737 5.243711 5.232393 5.184717 5.114858 5.094192 4.885066 4.808622 4.920539 4.956196 4.737486 4.502359 4.327608 4.604472 4.749662 4.670079 4.832715 5.181374 5.407248 5.193276 4.932911 4.545933 4.102897 3.572569 3.032692 2.479871 2.294274 8.796075 -9999.0 -9999.0 -9999.0 -9999.0 -9999.0 7.371758 8.722018 9.737761 10.238221 2.623760 2.907827 3.144099 2.789646 3.069438 3.459652 3.789536 4.271889 5.943209 11.264298 11.657708 11.652999 11.687892 11.742655 11.756773 11.736707 8.463694 10.430471 9.140672 6.429255 5.770243 5.182157
-9999.0 -9999.0 5.682536 5.673381 5.580549 5.511378 5.318126 5.224166 5.250400 5.151831 5.034082 5.059706 5.012213 4.792840 4.741079 4.785755 4.993357 5.088430 5.055279 5.152300 5.417773 5.574083 5.087004 4.645975 4.186431 3.866250 3.250265 2.354454 1.821793 1.815330 7.892232 -9999.0 -9999.0 -9999.0 -9999.0 -9999.0 7.238862 8.584146 9.562725 9.933337 9.642766 2.309746 2.440497 3.007956 3.061393 3.643105 4.396399 5.033199 5.956133 6.985557 7.472356 11.736843 11.719964 11.704591 8.447370 8.380321 10.570114 9.004966 6.132638 5.509735 4.838000 4.231039
-9999.0 -9999.0 5.518015 5.658648 5.610977 5.591363 5.673066 5.705023 5.673370 5.534143 5.460659 5.461984 5.378204 5.352087 5.322701 5.258012 5.312469 5.401747 5.451333 5.540851 5.671637 5.644804 4.829007 4.107589 3.658403 3.102891 2.481780 6.655933 6.537673 6.727407 7.387811 -9999.0 -9999.0 -9999.0 -9999.0 6.907944 7.418533 7.792544 8.093482 8.383011 8.902880 9.746050 3.378307 3.865427 3.400466 4.007317 4.663146 5.314455 5.931126 6.858656 11.615918 11.724473 11.684768 8.181228 8.279104 10.765168 7.000915 6.298628 5.524581 4.852508 4.190776 3.580715
-9999.0 -9999.0 11.868549 12.340359 5.373602 5.598475 5.859572 5.978376 5.977789 5.807294 5.697726 5.699458 5.874366 5.911876 5.771260 5.656062 10.930366 5.780354 5.828955 5.853269 5.911973 5.696572 4.009013 4.358385 3.684772 8.292642 7.930381 2.531006 8.160467 8.414512 9.135287 9.141248 7.969033 6.934555 7.112966 7.918057 8.482590 8.859218 9.153250 9.590952 10.430011 3.805269 4.250192 4.623028 3.755379 4.284703 4.876942 5.444851 5.983965 6.741506 7.501308 11.744948 10.891190 6.569679 10.917657 9.996293 6.637537 6.067781 5.432211 4.788023 4.240689 3.670128
-9999.0 -9999.0 9.637769 10.191035 11.476799 5.240752 5.756734 6.021785 6.217479 6.204084 6.196857 6.280810 6.252038 6.254270 6.201188 6.157224 11.376859 6.175274 6.219708 6.285515 6.322702 5.987104 4.313323 3.803944 3.256666 2.795061 3.961045 3.613893 3.289522 3.140630 10.127491 9.994444 8.766850 7.940858 8.374308 8.817463 9.288137 9.770237 10.211148 10.622493 3.601763 3.998653 4.400245 4.756288 3.853745 4.472421 5.140629 5.757586 6.374085 7.031957 7.623968 11.705599 6.615981 7.072028 10.494731 9.337637 6.188649 5.782975 5.314255 4.724504 4.289889 3.691017
-9999.0 -9999.0 8.276070 8.478561 9.151879 10.346798 4.790020 5.569840 6.125501 6.444974 6.569709 6.653241 12.254253 6.643321 11.673117 11.805691 11.899948 6.693491 6.715766 6.760189 6.695454 6.143700 4.678666 4.180191 3.692587 3.250371 2.775045 3.939322 3.664198 3.459496 3.430386 3.163833 2.531449 2.050494 9.162724 9.656288 9.979894 2.926418 3.182717 3.521648 3.851887 4.184394 4.608296 4.956856 4.127508 4.712041 5.399738 6.061962 7.084302 7.275124 7.778241 9.507674 8.637147 10.879280 9.985601 6.509097 5.771100 5.086720 4.727050 4.420102 3.962559 3.497486
