geotop_simulations/templates/TEST_Venosta_3D_034_template/rec/SoilTemperature0000L0003.old.asc
ncols         252
nrows         194
xllcorner     598250.000000
yllcorner     5144500.000000
cellsize      250.000000
NODATA_value  -9999.0
[rows 84 to 111 of 194, columns 0 to 62 of 252]
-9999.0 -9999.0 -9999.0 -9999.0 -9999.0 -9999.0 -9999.0 -9999.0 -9999.0 -9999.0 -9999.0 -9999.0 -9999.0 -9999.0 -9999.0 -9999.0 -9999.0 -9999.0 -9999.0 -9999.0 -9999.0 -9999.0 -9999.0 -9999.0 -9999.0 -9999.0 -9999.0 -9999.0 -9999.0 -9999.0 -9999.0 -9999.0 -9999.0 5.341615 5.327427 5.178354 1.292363 4.440266 3.984562 3.977123 3.606800 2.827139 2.562099 1.909908 1.855621 2.440540 0.445315 3.072052 0.896311 3.251436 1.407430 2.662844 3.998915 3.989868 4.391077 4.253012 3.955994 3.868759 4.471974 4.969681 5.670638 6.416070 6.993719
-9999.0 -9999.0 -9999.0 -9999.0 -9999.0 -9999.0 -9999.0 -9999.0 -9999.0 -9999.0 -9999.0 -9999.0 -9999.0 -9999.0 -9999.0 -9999.0 -9999.0 -9999.0 -9999.0 -9999.0 -9999.0 -9999.0 -9999.0 -9999.0 -9999.0 -9999.0 -9999.0 -9999.0 -9999.0 -9999.0 -9999.0 -9999.0 1.409130 1.863074 2.023234 1.899494 1.710985 5.476192 4.947607 4.841018 4.180239 2.639077 1.828290 1.521756 1.274082 1.278842 1.330807 1.393852 1.635353 2.559285 3.908857 1.783443 3.492850 4.106214 4.164782 4.171260 4.723767 4.569382 4.494456 4.923110 5.648879 6.366734 6.820136
-9999.0 -9999.0 -9999.0 -9999.0 -9999.0 -9999.0 -9999.0 -9999.0 -9999.0 -9999.0 -9999.0 -9999.0 -9999.0 -9999.0 -9999.0 -9999.0 -9999.0 -9999.0 -9999.0 -9999.0 -9999.0 -9999.0 -9999.0 -9999.0 -9999.0 -9999.0 -9999.0 -9999.0 -9999.0 -9999.0 -9999.0 0.778398 1.112061 1.523701 1.952363 2.111430 2.054105 1.939366 5.933234 1.601948 4.456383 3.058044 2.278397 1.856910 1.551853 1.705289 2.106625 2.355814 2.878583 3.715113 4.729805 1.906199 2.940673 3.884476 4.310378 4.403738 4.481008 5.180030 5.350341 5.199817 5.756507 6.501869 6.940456
-9999.0 -9999.0 -9999.0 -9999.0 -9999.0 -9999.0 -9999.0 -9999.0 -9999.0 -9999.0 -9999.0 -9999.0 -9999.0 -9999.0 -9999.0 -9999.0 -9999.0 -9999.0 -9999.0 -9999.0 -9999.0 -9999.0 -9999.0 -9999.0 -9999.0 -9999.0 -9999.0 -9999.0 -9999.0 -9999.0 -9999.0 0.406797 0.418938 0.636397 1.268000 1.858476 2.131281 2.142591 2.106309 1.800876 1.359807 0.921784 2.473122 2.167348 2.345352 2.787465 3.367053 3.710161 4.105272 4.598590 2.191986 2.280202 2.808407 3.164658 3.655401 4.246840 4.663153 4.885260 5.162366 5.455100 5.750145 6.127510 6.294333
-9999.0 -9999.0 -9999.0 -9999.0 -9999.0 -9999.0 -9999.0 -9999.0 -9999.0 -9999.0 -9999.0 -9999.0 -9999.0 -9999.0 -9999.0 -9999.0 -9999.0 -9999.0 -9999.0 -9999.0 -9999.0 -9999.0 -9999.0 -9999.0 -9999.0 -9999.0 -9999.0 -9999.0 -9999.0 -9999.0 -9999.0 2.133862 0.285688 0.255400 0.388843 0.805144 1.445020 1.999426 4.068166 3.771643 1.524708 0.975336 0.765908 2.469227 2.718994 2.894041 3.445335 3.989900 2.050063 2.284944 2.359712 2.442332 2.726779 2.874156 2.981710 3.281487 3.570954 4.520332 5.000346 5.104220 5.224117 5.272345 5.383888
-9999.0 -9999.0 -9999.0 -9999.0 -9999.0 -9999.0 -9999.0 -9999.0 -9999.0 -9999.0 -9999.0 -9999.0 -9999.0 -9999.0 -9999.0 -9999.0 -9999.0 -9999.0 -9999.0 -9999.0 -9999.0 -9999.0 -9999.0 -9999.0 -9999.0 -9999.0 -9999.0 -9999.0 -9999.0 -9999.0 -9999.0 2.024270 1.783596 2.253131 2.918289 0.312671 0.437812 1.171438 4.091072 4.008482 1.784283 1.293698 1.063124 2.849544 2.711961 2.699936 3.252049 1.543833 1.863864 2.185998 2.358850 2.361483 2.481563 2.401140 2.064798 2.211892 2.276230 2.709512 3.278444 4.167806 4.461456 4.826342 5.150573
-9999.0 -9999.0 -9999.0 -9999.0 -9999.0 -9999.0 -9999.0 -9999.0 -9999.0 -9999.0 -9999.0 -9999.0 -9999.0 -9999.0 -9999.0 -9999.0 -9999.0 -9999.0 -9999.0 -9999.0 -9999.0 -9999.0 -9999.0 -9999.0 -9999.0 -9999.0 -9999.0 -9999.0 -9999.0 -9999.0 -9999.0 -9999.0 1.392958 1.350974 2.023373 2.921978 0.338028 0.482421 1.697454 4.181736 2.126626 1.731416 1.343836 1.172336 2.624299 2.421348 2.826239 3.752179 1.646783 1.979792 2.183431 2.180677 2.187067 2.151842 2.012319 2.012443 2.033810 2.293222 3.007570 3.952421 4.459982 5.003656 5.417803
-9999.0 -9999.0 -9999.0 -9999.0 -9999.0 -9999.0 -9999.0 -9999.0 -9999.0 -9999.0 -9999.0 -9999.0 -9999.0 -9999.0 -9999.0 -9999.0 -9999.0 -9999.0 -9999.0 -9999.0 -9999.0 -9999.0 -9999.0 -9999.0 -9999.0 -9999.0 -9999.0 -9999.0 -9999.0 -9999.0 -9999.0 -9999.0 -9999.0 1.066777 1.456181 2.879893 0.389881 0.430663 0.988844 4.210178 2.365161 2.048222 1.661212 1.356121 2.759906 2.602718 2.377464 3.030561 1.394697 1.727496 1.938320 2.083897 2.263552 2.510829 2.636610 2.809339 3.227405 3.756720 4.365241 4.909654 5.262627 5.178655 5.667680
-9999.0 -9999.0 -9999.0 -9999.0 -9999.0 -9999.0 -9999.0 -9999.0 -9999.0 -9999.0 -9999.0 -9999.0 -9999.0 -9999.0 -9999.0 -9999.0 -9999.0 -9999.0 -9999.0 -9999.0 -9999.0 -9999.0 -9999.0 -9999.0 -9999.0 -9999.0 -9999.0 -9999.0 -9999.0 -9999.0 -9999.0 -9999.0 -9999.0 1.168420 1.724249 3.285016 4.512336 0.444960 0.544618 1.620425 4.392235 2.322510 1.975489 1.597117 3.122009 2.792727 2.338823 2.268882 3.060181 1.511043 1.895225 2.385629 2.696591 2.854733 3.012173 3.286542 3.654724 3.562196 4.541175 4.627521 5.031092 5.406938 5.988998
-9999.0 -9999.0 -9999.0 -9999.0 -9999.0 -9999.0 -9999.0 -9999.0 -9999.0 -9999.0 -9999.0 -9999.0 -9999.0 -9999.0 -9999.0 -9999.0 -9999.0 -9999.0 -9999.0 -9999.0 -9999.0 -9999.0 -9999.0 -9999.0 -9999.0 -9999.0 -9999.0 -9999.0 -9999.0 -9999.0 -9999.0 -9999.0 -9999.0 1.633916 2.458434 3.610105 4.287425 0.419239 0.390763 0.589642 4.227503 2.584394 2.266096 1.865038 1.446223 2.798186 2.781760 2.728483 3.297088 4.038966 2.384369 2.718142 2.863649 3.001694 3.162715 3.359742 3.219577 3.875678 4.478640 5.068545 5.509086 5.744918 6.177258
-9999.0 -9999.0 -9999.0 -9999.0 -9999.0 -9999.0 -9999.0 -9999.0 -9999.0 -9999.0 -9999.0 -9999.0 -9999.0 -9999.0 -9999.0 -9999.0 -9999.0 -9999.0 -9999.0 -9999.0 -9999.0 -9999.0 -9999.0 -9999.0 -9999.0 -9999.0 -9999.0 -9999.0 -9999.0 -9999.0 -9999.0 -9999.0 -9999.0 1.629985 2.342742 3.182064 3.624188 4.345042 5.447997 0.424918 1.790291 2.684245 4.002676 2.126270 1.739920 1.422480 3.302496 3.667094 4.271157 4.874216 5.255310 2.795202 2.966758 2.708227 2.904359 3.194094 3.475030 4.201675 4.967388 5.662053 6.084982 6.323452 6.614315
-9999.0 -9999.0 -9999.0 -9999.0 -9999.0 -9999.0 -9999.0 -9999.0 -9999.0 -9999.0 -9999.0 -9999.0 -9999.0 -9999.0 -9999.0 -9999.0 -9999.0 -9999.0 -9999.0 -9999.0 -9999.0 -9999.0 -9999.0 -9999.0 -9999.0 -9999.0 -9999.0 -9999.0 -9999.0 -9999.0 -9999.0 -9999.0 -9999.0 1.491836 1.702284 2.297520 3.271670 4.698315 0.569278 0.478021 1.293135 2.687366 4.316625 2.796526 2.137560 1.531933 1.915422 4.330744 4.918603 5.565831 2.478768 5.845968 3.181542 3.147788 3.371507 3.683337 3.866465 4.276915 5.335150 6.233360 6.669590 6.876329 7.223015
-9999.0 -9999.0 -9999.0 -9999.0 -9999.0 -9999.0 -9999.0 -9999.0 -9999.0 -9999.0 -9999.0 -9999.0 -9999.0 -9999.0 -9999.0 -9999.0 -9999.0 -9999.0 -9999.0 -9999.0 -9999.0 -9999.0 -9999.0 -9999.0 -9999.0 -9999.0 -9999.0 -9999.0 -9999.0 -9999.0 -9999.0 -9999.0 -9999.0 1.209316 1.354904 2.175312 3.743929 4.860927 0.560529 0.756717 1.184030 2.560386 4.672664 3.214076 2.657198 2.274007 1.937120 5.199768 5.846323 2.701331 3.111424 6.445341 3.427242 3.688360 5.769974 4.243184 4.467358 4.591942 5.414602 6.554467 7.150611 7.412916 7.735868
-9999.0 -9999.0 -9999.0 -9999.0 -9999.0 -9999.0 -9999.0 -9999.0 -9999.0 -9999.0 -9999.0 -9999.0 -9999.0 -9999.0 -9999.0 -9999.0 -9999.0 -9999.0 -9999.0 -9999.0 -9999.0 -9999.0 -9999.0 -9999.0 -9999.0 -9999.0 -9999.0 -9999.0 -9999.0 -9999.0 -9999.0 -9999.0 -9999.0 0.972566 1.263339 2.398973 3.851363 0.412989 0.529500 1.062303 1.445537 2.201286 3.207661 4.655980 3.185391 2.734650 2.539910 2.505287 2.858012 3.413746 3.771316 3.845254 3.924924 4.263271 6.104608 6.342495 5.057435 5.378831 5.911882 6.707062 7.474655 7.850571 8.143875
-9999.0 -9999.0 -9999.0 -9999.0 -9999.0 -9999.0 -9999.0 -9999.0 -9999.0 2.544318 2.319894 -9999.0 -9999.0 -9999.0 -9999.0 -9999.0 -9999.0 -9999.0 -9999.0 -9999.0 -9999.0 -9999.0 -9999.0 -9999.0 -9999.0 -9999.0 -9999.0 -9999.0 -9999.0 -9999.0 -9999.0 -9999.0 -9999.0 1.348283 1.758447 2.729043 3.863739 0.465326 0.549486 0.847868 1.221584 1.469992 2.814128 4.019952 3.719426 3.307444 3.090088 3.037194 3.446396 4.007289 4.376932 4.393835 4.415784 4.832622 6.477905 6.699831 6.959562 5.524656 5.896408 6.434812 6.946079 7.160230 7.314129
-9999.0 -9999.0 -9999.0 -9999.0 -9999.0 -9999.0 -9999.0 -9999.0 -9999.0 2.988863 2.928423 2.531447 1.919228 1.655205 2.197636 1.003455 -9999.0 -9999.0 -9999.0 -9999.0 -9999.0 -9999.0 -9999.0 -9999.0 -9999.0 -9999.0 -9999.0 -9999.0 -9999.0 -9999.0 -9999.0 -9999.0 -9999.0 1.903341 2.261300 2.629299 3.099865 3.653399 4.298081 0.597746 1.073840 2.021778 2.569765 3.989557 4.970531 3.839212 3.604710 3.433171 3.843194 4.486914 4.887726 4.899821 4.849216 5.281523 6.848544 7.075190 5.827027 5.933691 6.323410 6.947589 7.306563 7.356603 5.454358
-9999.0 -9999.0 -9999.0 -9999.0 -9999.0 -9999.0 -9999.0 -9999.0 -9999.0 2.989482 3.046892 3.157178 3.136578 -9999.0 -9999.0 -9999.0 -9999.0 -9999.0 -9999.0 -9999.0 -9999.0 -9999.0 -9999.0 -9999.0 -9999.0 -9999.0 -9999.0 -9999.0 -9999.0 -9999.0 -9999.0 -9999.0 -9999.0 -9999.0 2.653162 3.022594 3.203887 3.236578 3.495176 4.162926 1.165171 1.962444 1.808636 3.565555 4.401193 4.349312 4.127814 3.840609 3.904705 4.661129 5.278869 5.372855 5.242865 5.457203 6.998427 7.390703 6.235982 6.255138 6.643988 7.111732 7.381063 5.394984 5.283479
-9999.0 -9999.0 -9999.0 -9999.0 -9999.0 -9999.0 -9999.0 -9999.0 -9999.0 2.353619 2.869963 3.108453 3.317027 -9999.0 -9999.0 -9999.0 -9999.0 -9999.0 -9999.0 -9999.0 -9999.0 -9999.0 -9999.0 -9999.0 -9999.0 -9999.0 -9999.0 -9999.0 -9999.0 -9999.0 -9999.0 -9999.0 -9999.0 -9999.0 2.554617 3.010046 3.529206 3.955817 4.411623 4.925270 1.619667 2.144943 1.946636 2.759481 4.508652 5.704012 4.664450 4.485483 4.288305 4.586552 5.408757 6.623505 5.388045 5.019482 6.020189 6.750461 7.808957 6.448483 6.727184 7.063270 4.001103 5.112394 7.495302
-9999.0 -9999.0 -9999.0 -9999.0 -9999.0 -9999.0 -9999.0 -9999.0 -9999.0 2.661577 3.085216 3.136096 3.304518 3.668951 3.789035 -9999.0 -9999.0 1.918895 2.166641 2.243618 2.197835 2.198060 1.965382 -9999.0 -9999.0 -9999.0 -9999.0 -9999.0 -9999.0 -9999.0 -9999.0 -9999.0 -9999.0 -9999.0 -9999.0 1.987542 3.041882 4.026955 4.736406 1.581996 1.887674 2.374338 2.469710 2.764236 4.153965 4.912084 6.003336 4.992594 4.801239 4.609115 5.174737 5.934948 5.855637 5.878938 5.763294 6.891600 7.767628 7.815596 7.641746 4.768257 5.545909 7.165771 6.055047
-9999.0 -9999.0 -9999.0 -9999.0 3.189270 3.282942 3.013593 3.252920 3.859977 3.992578 3.875389 1.725967 1.739875 1.793237 1.809964 1.716508 -9999.0 2.022009 2.279284 2.348852 2.318896 2.281819 2.162329 -9999.0 -9999.0 -9999.0 -9999.0 -9999.0 -9999.0 -9999.0 -9999.0 -9999.0 -9999.0 -9999.0 -9999.0 2.071411 2.686241 3.594876 0.633672 1.167986 1.595880 2.175384 1.650310 1.185816 3.146918 4.500617 5.189510 6.211986 5.345008 5.275180 5.305364 5.872585 6.450955 6.201403 6.237148 6.331729 10.107487 10.380283 4.650015 5.952223 6.842082 5.853579 6.487631
-9999.0 -9999.0 -9999.0 4.042203 4.187563 4.195278 4.030265 4.403995 4.872375 4.864477 4.663676 2.109324 2.157053 2.143308 2.058148 1.893345 1.854036 1.915276 2.219594 2.468824 2.526079 2.494532 2.491787 2.469372 2.273377 2.155983 -9999.0 -9999.0 -0.001025 3.079085 3.145850 0.725018 0.615222 -9999.0 -9999.0 -9999.0 2.457847 3.058566 3.741692 0.512132 0.867534 1.004935 2.004162 2.254080 2.404027 3.357070 4.790588 6.504775 5.415874 5.486285 5.515846 5.604341 6.572809 7.290187 7.403597 7.491271 10.034548 4.485699 5.725873 6.544573 5.612421 6.034887 5.485482
-9999.0 -9999.0 -9999.0 2.585614 2.460501 2.341038 2.278357 2.270118 2.305248 2.324993 2.375336 2.429780 2.472207 2.427625 2.263237 2.056629 2.015714 1.970685 2.190791 2.573189 2.750406 2.795814 2.814431 2.795454 2.557130 2.189149 1.856399 1.570911 1.201505 0.735917 -9999.0 -9999.0 -9999.0 -9999.0 -9999.0 -9999.0 1.601022 2.203353 3.010245 3.500711 0.463106 1.358042 1.934396 2.226268 2.404285 2.645460 3.255500 4.801818 5.849686 5.698185 5.847707 5.956090 7.224296 7.308614 7.382084 7.359094 5.751504 5.646109 6.579749 5.527828 5.828969 5.265624 4.788398
-9999.0 -9999.0 -9999.0 2.956540 2.865410 2.778020 2.725893 2.690403 2.681379 2.611689 2.583616 2.640898 2.677672 2.566144 2.394958 2.251530 2.307726 2.282786 2.252756 2.472711 2.807954 2.983281 2.866949 2.752313 2.566760 2.210458 1.740296 1.345036 0.892501 0.561012 2.404506 -9999.0 -9999.0 -9999.0 -9999.0 -9999.0 1.409642 2.200384 3.187940 3.771036 0.605369 0.896411 1.172351 1.892219 2.146618 2.465725 2.675701 3.085928 4.942752 6.528932 6.942332 7.024781 7.144531 7.251807 7.309112 7.945567 5.532330 6.468278 5.652683 5.898879 5.214796 4.552434 4.061238
-9999.0 -9999.0 3.290415 3.210030 3.201067 3.135023 3.015641 2.930325 2.956078 2.959665 2.874412 2.804289 2.794698 2.705921 2.634187 2.602950 2.644250 2.633136 2.592397 2.697776 2.922690 3.116996 2.937870 2.649721 2.392263 2.067722 1.541413 0.913171 0.412648 0.360294 1.652737 -9999.0 -9999.0 -9999.0 -9999.0 -9999.0 1.357718 1.984991 2.958992 3.443757 3.420720 0.450875 0.589362 1.100514 2.154333 2.654959 3.360394 3.953355 4.894478 6.029685 6.594455 7.156176 7.204836 7.250666 5.583404 5.499530 6.591012 5.580006 5.595089 4.982577 4.300443 3.615562 3.096408
-9999.0 -9999.0 3.183074 3.231171 3.279450 3.306276 3.370745 3.322996 3.319255 3.325755 3.264885 3.175766 3.101230 3.116607 3.079118 3.009946 2.971992 2.969970 2.965637 2.998981 3.109807 3.289129 2.937306 2.410441 2.043351 1.552367 1.051555 1.709734 1.387163 1.357349 1.444773 -9999.0 -9999.0 -9999.0 -9999.0 1.103055 1.394439 1.531909 1.813160 2.273919 2.782184 3.428799 1.346068 1.769239 2.423697 2.982946 3.615953 4.250338 4.844945 5.858177 6.971423 7.194837 7.210435 5.505933 5.498344 6.746637 6.424344 5.791380 5.008248 4.313537 3.631920 2.962144 2.495042
-9999.0 -9999.0 4.816824 5.392791 3.171677 3.328791 3.544555 3.579796 3.648822 3.631265 3.545112 3.477992 3.446247 3.514251 3.507763 3.427246 5.373011 3.361860 3.358423 3.290262 3.383099 3.520770 3.207784 2.616269 2.062634 2.850051 2.454578 0.905470 2.054558 1.966765 2.154507 2.205505 1.744316 1.424324 1.378027 1.601318 1.714705 1.937318 2.376256 2.874806 3.561127 1.577407 2.009355 2.352453 2.688448 3.222487 3.814062 4.372673 4.891072 5.697817 6.573807 7.239446 6.671641 4.137705 6.851455 6.277689 6.092558 5.543992 4.878000 4.200362 3.591792 2.975612 2.481043
-9999.0 -9999.0 3.382953 3.962486 4.970629 3.006400 3.435377 3.650152 3.901270 3.992506 3.981757 3.974382 3.726695 3.817572 3.961278 3.912376 5.875620 3.805750 3.815727 3.753861 3.860302 3.887930 3.474454 2.958642 2.408151 1.905301 1.900420 1.566956 1.253053 1.064836 2.962088 2.906665 2.363246 1.812797 1.830054 1.918175 2.219820 2.656701 3.117458 3.552625 1.343656 1.736013 2.165959 2.507256 2.806559 3.426966 4.113045 4.730610 5.348010 6.028724 6.701476 7.260848 4.168095 4.506735 6.644924 5.858728 5.633775 5.203944 4.723959 4.130423 3.601439 2.975651 2.481538
-9999.0 -9999.0 2.477341 2.763770 3.418009 4.282515 2.667886 3.306260 3.834614 4.147893 4.262830 4.296848 6.413514 4.232690 6.286868 6.346245 6.358118 4.330478 4.346618 4.301533 4.346982 4.134035 3.792604 3.289382 2.776995 2.298181 1.837607 1.872204 1.582856 1.362432 1.229261 0.998274 0.632688 0.434033 2.468079 2.614379 2.919289 0.695802 0.952129 1.283701 1.582444 1.913937 2.356314 2.705996 3.084447 3.670263 4.379418 5.058726 4.910501 6.298435 6.879064 5.697923 5.499234 6.808796 6.312279 5.979280 5.217303 4.491722 4.111114 3.814304 3.361980 2.846318 2.480640
