geotop_simulations/templates/TEST_Venosta_3D_034_template/rec/SoilPressure0000L0005.old.asc
ncols         252
nrows         194
xllcorner     598250.000000
yllcorner     5144500.000000
cellsize      250.000000
NODATA_value  -9999.0
[rows 72 to 95 of 194, columns 162 to 215 of 252]
-878.686959 -966.083745 -1053.398724 -1085.857527 -1114.056768 -1124.952057 -1147.428185 -2092.886853 -2114.699750 -2144.503329 -2122.193950 -2100.775880 -2078.602840 -2067.513330 -2034.818047 -1852.369798 -1912.210157 -1931.097139 -1973.953592 -2051.337238 -2069.854908 -2055.315723 -2074.861153 -2127.968480 -2187.532689 -2077.867185 -2069.924416 -2117.135985 -2105.955506 -2097.365380 -2083.125371 -2072.237679 -2034.004093 -2011.745424 -1935.742120 -1294.295466 -1140.074315 -1002.027351 -868.229321 -826.815071 -900.221712 -735.008878 -496.119022 -370.984886 -183.341120 47.739226 -331.260698 -371.424516 -359.939995 -365.992824 -236.515383 -119.236441 -89.233305 142.082290
-886.744696 -917.264744 -974.868072 -1038.450979 -1082.632083 -2065.236271 -2080.872588 -2100.260086 -2122.482122 -2101.498734 -1996.771625 -1937.695054 -1954.183228 -1949.314717 -1828.291759 -1675.708589 -1792.741756 -1780.027489 -1823.737625 -1930.059176 -1968.446568 -1975.620214 -1984.837308 -2042.521011 -1897.941212 -1956.130823 -1967.762362 -2071.206271 -2067.104109 -2124.428746 -2107.679545 -2094.693559 -2053.411481 -2048.564934 -1811.108466 -1412.802660 -1172.724716 -1012.296880 -813.825538 -881.368663 -780.183473 -531.548150 -7.732198 9165.081853 -2307.236834 -84648.777906 -24227.057139 -393.503036 11.886440 -49.192126 -398.854497 -254.332844 -150.994537 86.246747
-859.501656 -875.749879 -898.381724 -942.461561 -986.370528 -1031.559443 -2020.070284 -2054.880689 -2021.945296 -1930.175512 -1883.975802 -1819.450481 -1014.851194 -1743.919780 -1416.024333 -1408.645570 -1585.761774 -1697.058052 -1778.193190 -1801.068690 -1857.021790 -1955.847902 -2014.122135 -2090.769648 -2042.918105 -1864.750711 -1899.759260 -1997.340440 -2045.634965 -2201.577409 -2061.976437 -2049.567879 -2035.694169 -1996.728311 -1717.050700 -1408.167370 -1198.546527 -1081.948917 -937.309374 -1010.314990 -696.718051 -443.190321 -1640.525101 5850.329112 -4123.777227 -56887.496256 -142441.573060 -100.946486 -487.396723 108.896569 -16212.961395 -239.211611 -264.837352 -106.425409
-812.718590 -811.998329 -844.081906 -915.871330 -994.151638 -1026.905379 -2009.674872 -1986.032649 -1847.228180 -1796.357236 -1815.213158 -1704.554956 -1023.500770 -1011.015706 -1828.784803 -1795.201697 -1422.451688 -1802.234955 -1872.464280 -1879.041751 -1863.387749 -2019.881078 -2032.343830 -2064.492843 -1963.982432 -1687.480337 -1675.115357 -1779.008422 -1803.287625 -1841.903868 -1914.255146 -2047.067165 -2118.309541 -1968.281487 -1791.271409 -1572.370043 -1401.816625 -1443.129891 -1281.914360 -885.563498 -517.385122 -197.875695 -927.357891 4584.489460 -4796.567852 -218384.570448 -264767.029161 -14764.161293 -183263.592705 -9104.193966 -459.821746 -18703.319705 -16985.983208 -42394.985633
-831.976287 -817.399566 -850.881454 -957.661715 -1009.800346 -1980.160197 -2010.990090 -1813.377331 -1559.716912 -929.750115 -953.327491 -1001.531000 -1012.917857 -963.855620 -1883.061068 -1819.370411 -1859.320544 -1549.894631 -1835.060466 -1937.550389 -1887.732296 -2031.412811 -2048.777188 -1923.951021 -1878.038025 -1489.928834 -1509.098026 -1650.108739 -1621.244089 -1578.708145 -1460.440392 -1796.519899 -2053.771725 -2008.583088 -1976.425956 -1919.169382 -1701.200401 -1265.293529 -1025.010701 -648.918651 -398.273346 -140.232887 1349.416678 -640.642255 -13098.345474 -51354.854648 -386183.274751 -386744.127967 10.612606 -46417.931595 7.028082 -43634.258032 -39579.059449 -30822.032966
-898.783383 -957.663858 -956.808346 -994.173960 -1060.512267 -1988.235592 -1699.022886 -1297.455735 -874.330953 -882.162843 -915.621230 -940.508102 -926.783656 -1639.731425 -912.855879 -1480.874648 -1730.463002 -992.213828 -1037.351874 -2002.220788 -2025.491995 -2036.317330 -1973.267175 -1555.586985 -1685.520897 -1333.072020 -1296.269181 -1306.404689 -1296.714494 -1221.594907 -988.895856 -1171.772738 -1900.888872 -2017.173264 -1964.331314 -1897.340797 -1676.465612 -978.021200 -683.899754 -449.126235 -222.765335 -980.552741 2022.225581 -350.412015 -7371.564620 -13859.852703 -43383.823481 -68242.706861 43.969520 -17311.827606 -2056.239569 -41460.115708 -43639.878431 -39773.104206
-923.954049 -972.283600 -983.751451 -1016.932438 -1946.950266 -1194.444765 -1106.424077 -840.670439 -849.759501 -862.070676 -875.794525 -864.068800 -835.915926 -839.808748 -855.823453 -865.728841 -925.314315 -1017.394904 -1056.247145 -2012.158278 -2024.339567 -2043.410754 -1455.589531 -1392.460627 -1395.105429 -1189.737470 -1173.210558 -1192.209345 -1203.691794 -1069.881894 -831.551313 -862.055987 -1126.548462 -1628.372632 -1880.166288 -1531.988927 -928.436752 -659.159707 -504.130271 -336.676519 -236.242803 1818.857328 2730.803394 863.651490 -11286.896106 -8728.996822 -11508.632186 -45716.792648 76.771005 -40216.398222 21.289970 -128.488092 -55013.967797 -42798.212715
-810.320737 -836.126019 -874.198153 -967.424089 -664.272643 -893.491564 -945.057538 -862.104382 -876.603863 -864.477043 -837.786218 -800.851389 -764.611302 -781.474950 -793.683189 -836.727955 -897.236255 -977.756866 -999.019486 -1962.137111 -1996.304143 -1390.699020 -1299.592189 -1533.863888 -1646.489885 -1166.401349 -1192.693054 -1123.117718 -1067.253747 -976.004157 -863.383848 -889.976188 -805.131197 -921.210095 -1126.584812 -954.120603 -796.153324 -678.637191 -550.921760 -420.712755 -412.900712 -424.533446 5657.971455 10433.482705 3386.215728 3457.031442 -387.113554 -293053.955315 -356845.224506 -281850.055385 -12144.799449 231.790551 -50809.092939 -39606.390101
-764.207281 -790.605799 -661.551576 -541.865999 -604.480331 -792.011882 -750.338457 -788.713225 -816.657531 -794.811493 -782.667983 -753.432972 -710.008009 -726.351431 -758.136676 -836.756924 -919.046868 -958.626970 -1011.320651 -1946.799103 -1729.251940 -1180.120794 -1050.317255 -1174.459098 -1338.370025 -1315.297033 -1340.797773 -1227.873648 -903.788569 -854.202527 -798.527618 -779.940146 -728.334550 -670.915671 11345.630725 658.452566 -793.587726 -698.660062 -602.901505 -537.709813 -665.703116 -423.732584 6678.344614 10909.442201 9745.314369 4358.153215 -267540.714807 -307198.255149 -350244.060036 -130449.327157 298.556413 -23356.958256 -39643.925620 -39331.479415
-652.000790 -672.512179 -477.455078 -442.697298 -668.979470 -695.846183 -713.124070 -722.029121 -757.852519 -789.335812 -774.514965 -729.662505 -674.319209 -705.305890 -787.966073 -853.556033 -923.749514 -1006.689396 -1939.928476 -1964.561909 -1244.392462 -1054.058168 -979.892249 -1107.994696 -886.146999 -876.441582 -872.367715 -1037.889928 -793.238475 -760.401410 -722.199346 -680.659533 -623.623625 -554.544089 -782.171312 2969.503145 -888.719588 -769.448531 -720.041683 -677.715180 -546.862716 -288.802645 6187.248526 3115.242758 9528.780247 4243.795845 2907.269803 -20427.090431 -217404.838000 -377.630289 -54656.504319 -41410.352505 -40833.786323 -40136.514225
-502.927851 -555.318643 -360.441580 -409.637012 -464.396870 -470.619120 -631.948624 -710.432619 -709.191290 -823.369606 -927.070679 -934.734063 -928.331284 -930.107850 -955.652592 -936.966588 -990.600573 -1933.212771 -1952.144646 -1091.626658 -1069.782668 -953.857482 -1156.811895 -905.742796 -922.963735 -851.191420 -804.997787 -904.883510 -938.595626 -746.954645 -692.856989 -651.768120 -597.094108 -622.487606 -632.039132 7152.067969 -1022.330813 -903.406247 -859.758947 -793.733396 -675.576792 -474.343258 -344.601057 -1711.199051 -1008.083814 1091.511862 -18078.251118 -354865.670502 -14266.149818 -58010.255418 -43011.457183 -42447.852142 -39528.572968 -37611.408821
-406.573135 -443.306377 -200.517958 -316.926921 -281.235631 -189.203398 -492.208185 -562.493435 -573.703997 -805.866431 -923.444860 -927.080230 -921.998470 -924.348516 -955.518044 -984.223415 -1907.135088 -1926.626464 -1644.183446 -989.666716 -843.168739 -896.923194 -932.585753 -888.646216 -859.093271 -775.478188 -763.017659 -836.039761 -725.164197 -874.601415 -633.131082 -607.479620 -600.468167 -517.016177 -520.035595 -771.086518 -1067.011163 -1035.896124 -962.315375 -811.936780 -650.675014 -492.118686 -459.244423 -530.566638 1868.563090 -3030.630976 -63506.339818 -25032.068144 -57094.033900 -41253.765745 -39848.698344 -39857.368635 -39500.566161 -41211.694155
-322.749348 -373.276472 78.048890 -203.103680 -109.940089 23.232198 -460.313125 -686.440233 -777.703811 -812.267076 -831.164546 -867.926259 -911.586954 -937.963294 -968.550782 -1828.409883 -1875.682720 -1885.573728 -962.847480 -880.327475 -822.642568 -822.204163 -803.156869 -834.865665 -767.716886 -742.344012 -785.272255 -801.590435 -815.776205 -728.245643 -567.406797 -536.944683 -566.520610 -528.820382 -492.691317 -524.544137 -753.663490 -1091.483667 -1006.242047 -890.003550 -729.692230 -585.236965 -253.827076 -1497.204130 10046.689402 -9239.197631 -220360.311749 -20518.597799 -43162.497087 -39824.538021 -39881.284680 -39944.610020 -41165.938612 -42747.858046
-543.014693 -311.040251 -174046.436904 -120226.351553 -116497.726195 -274.776531 -482.043632 -806.371737 -863.013591 -864.108574 -848.395317 -853.828659 -900.855572 -927.587777 -952.531262 -1772.008720 -1759.390876 -1031.067878 -861.975854 -796.913948 -887.354782 -779.445356 -766.079105 -748.315264 -711.911548 -695.935863 -824.565976 -663.261922 -710.619558 -719.875315 -618.878944 -519.693640 -545.389843 -541.797164 -522.852268 -364.318457 -448.532629 -662.404534 -1116.159139 -1002.846465 -863.565327 -538.170462 -292.077602 -587.243806 9696.462971 -16262.623999 -9172.811717 -49838.442224 -42243.440920 -42450.077243 -41674.975219 -40853.591606 -42404.502424 -45366.203014
-620.507526 -324.337316 -254.779753 -395.978244 -683.556681 -730.219484 -778.834926 -803.231337 -854.431261 -872.229408 -861.229088 -858.257354 -892.769031 -921.834084 -938.819438 -1631.516779 -1605.017632 -583.115871 -685.744216 -683.704609 -847.666350 -709.572548 -691.843833 -617.529913 -578.022190 -586.181381 -624.077872 -669.774516 -679.921892 -680.442356 -584.920468 -506.567918 -509.327308 -500.158591 -484.424650 -26902.568206 -199699.717777 -496.163138 -1115.199476 -1092.759713 -832.275459 -530.125055 -246.209850 1575.078545 6804.253992 -10653.611248 -9067.107350 -19966.162834 -45306.415341 -44206.829165 -41690.799416 -44020.728221 -48722.441296 -49094.688630
-638.257043 -624.962652 -615.908699 -681.499157 -695.190037 -757.196605 -788.503986 -783.335512 -824.610497 -840.575998 -832.698146 -856.555412 -1203.399854 -1256.799062 -1329.936749 -976.029645 -586.962043 -624.847265 -619.595825 -621.891865 -621.778188 -623.580104 -591.781217 -551.033668 -511.038653 -534.759984 -581.450366 -606.958578 -620.019744 -558.869438 -535.086430 -602.447346 -601.256204 -454.867728 -403.692975 -54117.349399 -243003.814025 -399.162237 -102.453517 -1019.148170 -742.679795 -467.438543 -246.691946 616.012155 9888.220836 -13620.177902 -181096.673628 -15873.645744 -47391.238350 -45234.556270 -41917.446442 -47289.652886 -53011.451727 -60034.617037
-435.970649 -376.089694 -360.772338 -504.823729 -536.993765 -655.050677 -743.955365 -758.439731 -782.314158 -809.996586 -815.232306 -984.675434 -947.283710 -798.361501 -770.217369 -754.909402 -581.692920 -538.826284 -585.094327 -602.714038 -586.390173 -565.698603 -500.919338 -496.461504 -495.901818 -502.866598 -528.301844 -555.815509 -560.236947 -519.452394 -1789.431986 -1738.739569 -560.031328 -431.195670 -65235.395486 -156471.838279 -45618.633314 -344.597066 145.734708 306.232273 -645.810516 -324.449890 74.133020 700.082162 6695.363000 -1265.500331 -287270.493321 -14901.651924 -49918.346814 -46130.658473 -44352.301243 -59566.650716 -21341.399377 -9312.132708
66.083611 32.519466 -165.764140 -270.870615 -465.232547 -609.454242 -694.317526 -737.902882 -750.320652 -791.972427 -830.543026 -899.023973 -726.785006 -698.408719 -693.897347 -666.675295 -500.925051 -1837.563670 -502.727709 -535.296476 -510.144708 -482.134944 -496.224318 -484.393452 -430.210265 -424.995877 -475.134417 -515.852304 -548.142311 -578.189370 -1276.862880 -743.015447 -513.695058 -566.102740 -1051.089206 -228750.727780 -266776.082419 -381.543159 231.884790 872.482033 569.409120 -275.461963 88.690900 1214.293245 4313.441183 -304.948177 -275526.188457 -12164.182550 -53326.320989 -48281.557323 -48387.342951 -64745.720585 -29510.326119 -294647.129607
-88210.405540 -54402.692210 -205.490826 -391.056138 -498.514258 -555.536407 -642.454165 -698.363548 -719.390699 -731.389078 -743.291073 -740.815387 -691.116624 -668.116941 -607.382895 -547.689373 -457.552479 5684.516444 5767.196198 -447.268872 -336.750653 -289.453338 -521.190976 -579.071012 -558.166665 -448.329749 -450.963024 -476.586092 -559.727591 -614.774611 -599.309909 -579.150077 -538.785651 -444.638913 -594.491328 -659.274079 -58707.532526 -197.011063 -319.874767 17086.792620 36444.618328 -289.249227 83.349386 -256.677018 7794.450072 -570.512983 -247679.219363 -60938.685580 -17506.686839 -60660.984916 -59080.608778 -45282.531761 -172003.467147 -325274.681220
-82902.324620 -346150.901762 94.193008 -412.887839 -492.476368 -523.447126 -582.734222 -638.442677 -678.934511 -684.836872 -692.942748 -699.225871 -660.533485 -609.762745 -565.295802 -513.887609 -459.608832 -411.425735 -372.465815 -288.009095 -197.311624 -170.703325 -459.603831 -620.581590 -602.371618 -563.894128 -555.799723 -555.763830 -591.707091 -615.399897 -604.898640 -564.626893 -532.638909 -2299.287992 -1597.481239 -500.278745 -464.670002 -499.035308 -323.508538 -348.036821 16652.613673 4010.583225 -58.158429 76.488490 7936.166446 7498.404351 -13297.664852 -121831.132142 -279607.275181 -49817.008256 -54130.164031 -122289.384722 -308462.442169 -305614.371142
-139243.487422 84.802387 -279.517411 -372.979643 -440.576710 -486.743215 -523.697058 -597.743534 -653.378146 -674.845086 -689.256157 -670.194402 -597.982239 -557.240146 -516.960728 -488.742334 -409.382060 -400.484493 -368.574055 -401.426669 -548.551910 -623.822296 -530.707357 -594.475658 -662.004225 -641.129590 -674.563718 -630.445074 -609.890136 -571.932422 -571.091213 -557.824913 -523.737607 -616.870722 -2712.667101 -500.483375 -503.901238 -475.285587 -366.763375 -374.784172 -423.229491 2244.398976 -108.838862 75.471649 3109.765726 6561.845139 -5486.305833 -67226.114279 -113383.652810 -310305.660625 -296270.608655 -305382.623271 -298946.643323 -279333.755193
84.103820 -318.749803 -389.709287 -432.683906 -478.558500 -514.515679 -559.870626 -598.996929 -638.931252 -663.497655 -649.506626 -608.635507 -559.623780 -510.611138 -471.845059 -399.922103 -345.183294 -458.498131 -552.041057 -692.705903 -628.630820 -654.413419 -614.784146 -683.437170 -718.362576 -685.299868 -684.321324 -710.019629 -700.522120 -621.224480 -592.778068 -579.130431 -563.446534 -612.488112 -672.058533 -1416.753323 -566.821578 -493.908491 -457.925883 -419.881851 -199705.714071 -17284.392797 -77.999304 79.383886 83.049199 12055.288653 3960.054814 -32145.090732 -79225.308102 -107221.156032 -244372.073323 -286381.913286 -272006.790437 -174891.917722
-351.966742 -389.695141 -415.803010 -469.635197 -500.176746 -530.240433 -594.700890 -630.744699 -798.845197 -695.187637 -777.586303 -745.307534 -596.249818 -468.686406 -370.767590 -305.738819 -295.759024 -500.711011 -540.881482 -651.534000 -695.634778 -707.008540 -733.413311 -732.499171 -826.727172 -705.888099 -775.318347 -791.145447 -817.589004 -1800.850783 -1891.011892 -835.916740 -578.646785 -650.177767 -619.276624 -1801.709618 -967.269875 -579.097038 -468.928398 -518.855588 -221956.637418 -152624.518231 -242.292344 91.214457 82.837268 -55.011804 11295.205965 22410.160505 3016.433252 -69498.751065 -92873.227248 -118808.571772 -152581.936822 -232534.739661
-414.291587 3748.277137 4778.080546 4587.333027 -516.255692 -549.842520 -1920.433552 -731.618088 -677.708300 -946.043709 -1055.235943 -980.361582 -714.448311 -1285.266950 -523.721736 -406.600012 -369.379315 -464.200603 -509.897134 -561.634237 -851.701382 -750.638562 -733.321772 -764.239577 -689.417317 -721.604687 -691.621352 -821.732606 -765.282883 -823.308996 -826.768524 -706.075233 -603.017650 -625.909696 -682.666275 -580.557565 -565.176452 -549.648608 -517.810169 -600.287928 -183458.425282 -16981.600261 -413.495623 -138.659404 88.353352 92.287644 5073.261508 10775.921442 25441.468873 -2204.445440 -51550.391604 -90395.918905 -123132.514563 -129840.304186
