geotop_simulations/templates/TEST_Venosta_3D_034_template/rec/SoilPressure0000L0007.old.asc
ncols         252
nrows         194
xllcorner     598250.000000
yllcorner     5144500.000000
cellsize      250.000000
NODATA_value  -9999.0
[rows 120 to 143 of 194, columns 55 to 109 of 252]
-598.813581 -551.617716 -530.578914 -523.421416 -535.815309 -522.998233 -503.716787 -450.762917 -485.053490 -492.661406 -495.430692 -646.671194 -657.306316 -652.728233 -652.314470 -671.427450 -677.967188 -695.161050 -691.461682 -706.737533 -724.544608 -742.183122 -903.070229 -929.928985 -972.947278 -698.167772 -1033.835672 -708.590516 -818.052524 -812.299767 -813.542598 -834.504135 -1102.290387 -1107.739892 -1102.282685 -1020.740065 -1024.965796 -1103.594807 -1019.985709 -1103.759195 -1046.080130 -1020.836361 -952.817331 -939.811908 -935.048169 -955.835146 -884.190422 -896.917187 -868.281707 -948.256724 -915.326196 -917.708112 -934.159682 -912.301310 -962.658149
-611.235266 -629.738772 -584.713733 -572.174143 -546.181178 -446.514188 -444.789910 -460.980949 -471.517488 -482.949793 -633.800022 -640.714141 -654.706737 -660.345379 -686.559193 -690.324806 -691.478000 -697.189522 -702.949495 -716.011943 -864.926933 -914.048702 -949.679119 -962.251453 -976.021581 -1004.281289 -1048.234985 -708.447732 -812.934384 -818.063785 -837.868555 -1099.874137 2145.039260 -1094.724507 -1098.875469 -1020.335118 -1092.250579 -1088.704443 -1006.840522 -1014.345632 -1022.017534 -943.440657 -926.514066 -913.612898 -937.165090 -905.797981 -876.247273 -859.076840 -840.410874 -893.677075 -911.735608 -924.141208 -886.534010 -851.626749 -945.303141
-665.529501 -650.842507 -625.419237 -595.762231 -570.538569 -453.321831 -455.635076 -459.998140 -460.724121 -589.648338 -587.973625 -605.393050 -618.289940 -644.098477 -690.676703 -694.775316 -700.684821 -704.724717 -710.169088 -851.476554 -900.327808 -944.811867 -978.120427 -1003.799579 -1014.830583 -1021.184798 -1045.854529 -706.037094 -822.749526 -844.599726 -1096.161102 -1095.777273 -1011.515279 -1011.202915 -1011.564361 -1078.244397 -1073.590137 -1068.618914 -1049.873795 -1049.486718 -991.888153 -950.602068 -922.457927 -901.581383 -883.765329 -846.051674 -808.412770 -788.266409 -791.442541 -800.780832 -807.044571 -848.982569 -803.752545 -777.517985 -882.507877
-557.656660 -538.090434 -518.689134 -528.646161 -532.246165 -423.999676 -429.807173 -451.498027 -451.631034 -564.212594 -583.013039 -581.499453 -615.230902 -630.068165 -648.502415 -677.652815 -703.671399 -722.563515 -723.970320 -887.355889 -934.551416 -969.790354 -998.180027 -1022.579133 -1042.054510 -1052.561870 -702.153072 -701.313848 -706.938597 -831.237862 -1095.876377 -1014.613257 -1012.903094 -1010.415923 -1069.398178 -995.467373 -991.089253 -1044.062617 -1017.226618 -1009.420965 -947.511470 -907.825104 -870.397845 -849.279670 -828.454958 -790.508997 -764.316588 -744.917667 -744.169340 -746.132463 -743.993249 -774.065101 -759.731153 -732.570573 -823.012824
-538.586956 -495.459178 -511.958153 -504.036287 -443.929664 -402.953339 -407.836412 -436.908931 -440.312321 -454.098176 -594.833919 -592.110485 -599.904646 -643.587419 -671.228899 -691.243056 -711.726684 -735.624181 -739.160009 -745.115284 -949.828317 -986.057963 -1011.169909 -698.969506 -703.395649 -705.898097 -705.200326 -703.648307 -840.267034 -1100.326049 -1018.898622 -1013.098524 -1005.274640 -1062.690341 -1049.225410 -1031.115878 -1014.359703 -1011.119744 -981.376823 -932.408703 -910.474106 -851.336088 -808.647630 -790.464019 -769.646354 -746.281641 -724.588141 -701.035455 -693.088485 -705.471001 -712.229542 -706.997653 -705.717150 -684.999473 -730.143213
-546.788119 -537.740730 -498.530949 -406.938305 -399.767220 -393.910513 -391.668056 -422.966033 -436.989949 -448.799434 -467.900550 -591.539715 -583.462792 -597.934110 -588.333235 -622.555917 -671.943013 -749.508391 -751.155689 -675.497436 -678.252735 -976.489828 -1006.653531 -700.547766 -707.898743 -711.421074 -709.428710 -709.416852 -711.490950 -1091.864944 -1011.946682 -1073.021619 -1060.147360 -1040.814764 -1015.492995 -987.967248 -968.372807 -967.214715 -929.772679 -868.627083 -864.906638 -774.819530 -745.790364 -737.872343 -725.007552 -705.037978 -675.399632 -652.788634 -641.731163 -647.107446 -642.088918 -640.594916 -636.049557 -632.053042 -661.042694
-443.196404 -548.318006 -495.946632 -440.149234 -405.726535 -395.955728 -399.021764 -416.718273 -434.696280 -443.646715 -539.538279 -564.500595 -577.549668 -575.678427 -544.487876 -565.838875 -598.390763 -666.572029 -673.694956 -931.790586 -955.414136 -978.805952 -1009.208851 -1046.170177 -1080.164810 -719.048159 -714.735439 -1099.044455 -1101.298910 -1079.310344 -1070.371243 -1055.433878 -1035.516290 -1009.370608 -968.599531 -940.537395 -926.265510 -925.472137 -881.481660 -811.564132 -811.276198 -734.368549 -719.185570 -709.837642 -704.409617 -675.462883 -639.302108 -610.415258 -621.506994 -628.721655 -602.603148 -602.500839 -621.539402 -607.981617 -595.433047
-424.752650 -488.006239 -476.516241 -401.748628 -449.390299 -439.616771 -437.483465 -428.054385 -426.797008 -427.846620 -494.426479 -541.173805 -566.589712 -572.671298 -592.941913 -617.699316 -658.081329 -784.680779 -863.488060 -920.659622 -977.282526 -1018.589737 -1045.246727 -1068.749861 -1088.335743 -718.598679 -718.481624 -1103.450314 -1088.707737 -1065.596117 -1045.164442 -1019.960993 -995.958951 -960.113254 -905.029384 -877.641407 -863.142596 -866.696752 -822.965204 -752.128186 -767.256743 -703.822349 -695.851944 -672.437225 -668.648014 -663.236642 -635.839059 -579.875700 -610.087412 -583.206921 -576.108333 -589.710580 -598.507900 -581.766137 -599.596117
-413.412082 -426.770643 -383.871056 -354.832128 -465.062138 -459.174708 -457.406511 -416.079386 -412.735096 -419.129325 -445.534116 -477.698364 -526.674596 -600.031515 -634.918809 -672.419095 -720.094660 -922.830208 -967.179842 -1005.790858 -1037.655399 -1060.909468 -1075.017104 -1084.952587 -720.940590 -394.217022 -482.066536 -1102.165300 -1071.901148 -1038.314717 -1000.689709 -954.516675 -913.907988 -866.643308 -822.341656 -793.359477 -769.731111 -780.723356 -673.687837 -709.655824 -730.864147 -665.549303 -673.493861 -669.212768 -604.322211 -625.433094 -605.558513 -584.959128 -582.593907 -548.836208 -532.026563 -569.543655 -584.470566 -565.316726 -599.281123
-391.436959 -359.147120 -320.684360 -432.456019 -399.577144 -393.885504 -433.582921 -446.493203 -449.479745 -457.551253 -465.095354 -476.022158 -642.716137 -670.206551 -708.668367 -737.254442 -757.566903 -960.138360 -999.194119 -1029.118257 -1055.162037 -1073.858674 -1087.387084 -1096.075316 -723.988771 -352.543001 -522.576364 -1090.862782 -1057.443387 -1011.530026 -952.940657 -888.920489 -838.068427 -786.868395 -757.857432 -724.593542 -707.416126 -712.929183 -723.044368 -667.962332 -642.006133 -689.758242 -693.325327 -605.002818 -646.148285 -610.475533 -577.587368 -556.121941 -529.398219 -501.392920 -550.774928 -599.226715 -603.055195 -592.012628 -615.621645
-381.621198 -348.506177 -347.326082 -300.530119 -289.123549 -342.535988 -371.254558 -427.994745 -450.178483 -467.203632 -498.755151 -508.493139 -670.502415 -690.875701 -719.298458 -749.981582 -944.401603 -983.434580 -1012.539947 -1036.481437 -712.460821 -718.756124 -720.786614 -1099.079900 -1107.787046 -346.619954 -1603.762650 -1081.741983 -1039.739142 -979.442094 -897.836847 -834.863978 -770.217987 -741.924265 -646.390166 -640.448545 -657.916528 -622.809971 -621.212647 -598.333261 -628.683923 -611.310267 -603.753839 -594.974357 -614.521883 -578.066602 -550.412724 -534.321216 -508.872726 -581.850463 -638.990365 -663.014476 -656.584795 -641.979244 -576.878356
-373.264026 -332.891865 -332.763911 -284.881673 -271.908035 -286.602873 -354.998921 -413.502700 -428.221436 -440.410720 -473.253193 -497.919287 -666.633864 -685.388711 -712.986155 -911.281998 -958.535248 -991.981440 -1011.873191 -1024.367920 -693.407793 -1015.437182 -1046.968509 -1079.891160 -1105.727368 -359.349726 -1110.971629 -1080.771621 -1036.094873 -969.657914 -860.966493 -782.196570 -727.359560 -690.835397 -623.628641 -608.392824 -590.306816 -476.112691 -468.920144 -562.059685 -496.877299 -557.666195 -551.034883 -445.471612 -505.143992 -426.573881 -446.323603 -447.968850 -445.293665 -509.949765 -669.773487 -669.606559 -657.338751 -652.969230 -428.361310
-396.068920 -379.921912 -348.201689 -276.319077 -247.580178 -267.095405 -357.157317 -380.287994 -428.209919 -458.695210 -582.572260 -605.341758 -642.185073 -660.380158 -680.997679 -708.152430 -720.921234 -927.271975 -681.467894 -678.266298 -973.785119 -1021.103917 -1060.349912 -1083.764404 -1103.654261 -366.028682 -728.443863 -1081.974713 -1039.501434 -979.950829 -877.838896 -780.692680 -706.652654 -617.417539 -600.239679 -475.175095 -572.190198 -470.067054 -454.707699 -516.103198 -451.333455 -485.377323 -483.259251 -415.996126 -421.524873 -408.678471 -411.413307 -358.352471 -398.631319 -519.195772 -492.771937 -499.245653 -500.011894 -343.129740 -355.432467
-441.590476 -437.752777 -462.855757 -442.541626 -421.537312 -413.462041 -417.331546 -427.934386 -446.474108 -586.735005 -604.925144 -611.052864 -630.743074 -711.689991 -713.521370 -767.955443 -808.490455 -849.117969 -882.852404 -969.169118 -1040.533900 -1071.940526 -1088.559583 -1095.935721 -1104.685540 -673.260262 -1112.342386 -1085.483192 -1039.041368 -988.367263 -910.951968 -824.384106 -752.120595 -498.275059 -481.456912 -472.057487 -467.183094 -462.082959 -443.190346 -424.405845 -364.863663 -426.125992 -433.513501 -403.856384 -390.955411 -378.786224 -350.614984 -245.028064 -256.982761 -356.677369 -385.286815 -393.171120 -479.020398 -278.738048 -316.779299
-544.757957 -574.926287 -467.692060 -544.489263 -501.092361 -431.708914 -431.798422 -445.244005 -460.068226 -551.582810 -577.151964 -602.929007 -621.207964 -645.327033 -670.105658 -804.259474 -715.467958 -900.358955 -975.836320 -1045.243420 -1082.437630 -861.189583 -864.280523 -1104.840410 -1110.975364 -730.142370 -1116.637545 -1090.005340 -1050.403263 -1007.357460 -944.571457 -881.350180 -835.842309 -753.842380 -653.849945 -476.011978 -465.298885 -452.775085 -433.563759 -403.727951 -340.231218 -333.016712 -359.856845 -354.203371 -336.076890 -298.137016 -254.667477 -219.460659 -191.981820 -292.536881 -334.336740 -377.777460 -387.781279 -243.998456 -283.210663
-562.604409 -571.334661 -563.753286 -528.884498 -494.859573 -454.922178 -461.395325 -472.124313 -598.967842 -622.752671 -647.371284 -661.083266 -665.230575 -677.610402 -695.660423 -713.719028 -882.629122 -959.275064 -1029.440654 -833.328823 -843.262279 -856.279084 -1108.864541 -1094.804972 -1070.509204 -723.601229 -729.584363 -1098.231373 -1070.805387 -1030.911765 -969.266726 -917.200892 -870.339237 -800.427686 -696.706683 -615.176515 -470.062871 -441.140675 -421.353086 -378.061118 -291.825773 -310.309417 -300.182374 -281.132871 -251.985223 -167.214199 -203.930301 -197.301949 -145.242829 -165.150506 -267.789456 -322.274622 -364.810263 -166.079877 -262.818313
-547.623591 -528.286610 -498.511882 -448.152927 -477.179278 -468.875435 -475.872708 -600.033825 -611.887283 -632.790570 -654.853775 -673.358117 -698.023358 -724.846522 -722.747293 -753.466976 -777.364412 -1012.396646 -808.811204 -818.977683 -842.581369 -1103.111783 -1104.730531 -1098.652428 -1082.161036 -1087.780317 -1094.257992 -1100.617666 -841.232257 -1041.689115 -989.361230 -939.962725 -893.859956 -812.851123 -710.033468 -613.993494 -553.140113 -433.360113 -388.847408 -349.936437 -237.039852 -190.724561 -114.468497 -175.059621 -128.445704 -120.906261 -167.420188 -118.796598 126.907995 -20086.967632 -182.921829 -269.941275 -226.196564 -80.844981 -159.174236
-489.255764 -439.595924 -433.327576 -442.055261 -414.427601 -439.849969 -459.567939 -600.191146 -629.024151 -645.400737 -662.636522 -671.576896 -694.803440 -727.102978 -739.892507 -759.619051 -781.048808 -773.747861 -775.199794 -831.649246 -847.086176 -1090.065550 -1070.498362 -1050.157358 -1040.919391 -1051.526481 -1051.219956 -1080.783023 -841.133203 -815.403460 -1008.815805 -966.208444 -899.755452 -834.486974 -747.114776 -657.095980 -463.017928 -404.230868 -378.786799 -272.420993 -236.836418 -160766.348253 -115081.948351 -97001.125009 -2008.813856 -449.831231 -14.916141 109.596030 -89414.046446 -13572.388807 -1858.086875 -702.663802 -120822.497469 -290.689839 28.218394
-516.199558 -427.355611 -565.331515 -388.344569 -391.914405 -411.130587 -426.334933 -480.820313 -440.295647 -454.870538 -470.246942 -620.565077 -652.691154 -754.293917 -724.228518 -744.307491 -743.719574 -762.430469 -811.512195 -817.507390 -1069.347473 -1044.881369 -1026.830966 -1016.249746 -1016.767493 -1000.463157 -994.052507 -1017.069412 -1049.977305 -1062.399639 -696.208409 -975.320134 -898.216771 -829.787586 -732.298272 -625.426692 -528.169019 -430.928183 -460.038850 -424.361049 -365.678187 -164.571916 -612.032148 -621.157396 -11680.629843 -185.783124 -254.462335 -171.431586 -399.861542 -762.317803 -677.657685 -82358.337293 -72987.498567 -2097.434293 -1597.353288
-512.594527 -462.268222 -351.276338 -561.880355 -376.514303 -392.305968 -409.774188 -427.344854 -448.937914 -467.998315 -604.198094 -619.935145 -638.376541 -734.219676 -792.559094 -697.715209 -682.723888 -754.286908 -792.604832 -1060.558826 -1036.196232 -1011.761689 -975.549684 -951.881738 -946.972728 -923.360555 -927.730992 -955.520877 -981.527995 -1037.527140 -1033.620480 -684.621644 -902.642207 -827.664859 -716.380008 -627.148139 -564.049924 -529.290319 -531.604605 -453.698716 -433.856422 -391.611556 -384.293364 -417.889223 -392.042440 -329.309849 -340.561416 -186.122866 -146.491522 -404.102458 -454.976310 -441.435515 -393.893762 -104.106026 9.599407
-540.186473 -448.451154 -542.238248 -354.961058 -369.002631 -382.576736 -405.160196 -432.508443 -562.195246 -591.524332 -616.042631 -611.567803 -631.226386 -739.229150 -802.667918 -837.208873 -849.191885 -744.529256 -827.903290 -1054.986822 -1030.859554 -983.244894 -553.619788 -874.503100 -845.806652 -844.601606 -864.411393 -728.243678 -737.322997 -761.373874 -1037.326672 -687.205499 -927.114882 -847.409255 -761.453620 -703.459057 -638.805440 -607.457999 -589.965172 -550.632625 -430.060821 -591.166890 -447.747952 -452.259675 -469.675849 -385.051778 -279.583196 337.010876 -177851.098028 -436.293468 -1808.944232 -258.993792 -371.393106 -201.981006 -149.803814
-570.358126 -461.163606 -410.724708 -452.554319 -453.955691 -429.042284 -407.786682 -413.926205 -424.743204 -436.315148 -608.230901 -747.403183 -700.904321 -754.832262 -834.246671 -859.389351 -886.154170 -939.771944 -1056.218346 -1034.227430 -1001.969069 -944.054651 -864.948759 -803.175091 -775.416896 -786.535497 -695.580243 -869.946442 -733.271808 -748.297384 -1023.303521 -691.075728 -951.027964 -902.892066 -813.524321 -768.118562 -724.540835 -654.804700 -615.255342 -567.058885 -474.968915 -435.816039 -389.426223 -330.520168 -246.644014 -210.903967 -96.094241 46.179124 380.061882 -184.906691 335.304305 -369.870729 -297.204558 -180.221541 29.855735
-530.427049 -437.677282 -481.020316 -490.213353 -517.996616 -366.395456 -376.236357 -390.686216 -407.801701 -433.367480 -587.007535 -738.672581 -751.128213 -789.740249 -855.707916 -887.904273 -925.013329 -1070.107604 -1040.637945 -1011.903631 -960.577944 -892.901713 -812.491927 -516.882735 -673.401449 -686.729690 -701.179313 -718.673587 -901.908537 -946.259661 -1004.875937 -1000.132241 -682.035290 -920.466070 -871.468594 -780.887631 -751.111385 -712.519810 -612.925801 -567.183581 -527.892531 -509.086344 -456.806495 -337.857042 -279.494871 -145.867181 2.699179 -648.614498 -708.800345 -48.446876 -315.541331 -367.515065 -251.172482 -185.336161 -116.551930
-342.838680 -567.730705 -432.530506 -2344.009223 -363.620476 -332.818267 -347.709402 -387.680399 -444.061500 -625.626591 -520.076529 -530.866722 -809.225037 -839.168125 -875.121802 -904.724470 4377.832506 -1053.015634 -1021.895407 -981.857482 -915.123626 -846.250742 -770.034398 -515.998528 -523.341377 -698.715303 -530.297827 -719.164007 -898.016902 -933.343281 -989.798906 -709.739649 -690.190452 -929.263018 -861.170224 -787.504897 -703.663364 -580.928301 -500.889390 -417.646777 -539.151385 -2302.507102 -323.546431 -288.858601 -183.656521 -163292.271550 -120637.039328 -6871.325899 -411.864946 -261.020306 -350.831680 -372.062980 -270.116264 -206.702505 -91.618919
