geotop_simulations/templates/TEST_Venosta_3D_034_template/rec/SoilIceContent0000L0001.asc
ncols         252
nrows         194
xllcorner     598250.000000
yllcorner     5144500.000000
cellsize      250.000000
NODATA_value  -9999.0
[rows 84 to 111 of 194, columns 126 to 188 of 252]
0.479531 0.407505 0.313450 0.227440 0.217022 0.388075 0.479613 0.454479 0.285250 0.201598 0.212971 0.188530 0.168987 0.242444 0.143700 0.110310 0.046523 0.000000 0.000000 0.039885 0.020487 0.000000 0.000000 0.000000 0.000000 0.021690 0.039506 0.017186 0.045360 0.085871 0.152692 0.224167 0.448503 0.479604 0.459622 0.431087 0.256319 0.219702 0.275982 0.399632 0.468636 0.479451 0.357167 0.202574 0.073959 0.045608 0.038279 0.014678 0.000000 0.000000 0.000000 0.000000 0.000000 0.000000 0.000000 0.000000 0.014471 0.097662 0.138146 0.009545 0.000000 0.000000 0.104403
0.142357 0.150718 0.154124 0.145121 0.167968 0.256183 0.413682 0.322583 0.228235 0.190498 0.157334 0.126068 0.092567 0.169370 0.083215 0.060217 0.020181 0.000000 0.000000 0.044122 0.023800 0.000000 0.000000 0.000000 0.000000 0.014721 0.039171 0.083153 0.040221 0.101563 0.139745 0.216049 0.437158 0.479340 0.201434 0.231800 0.287148 0.430282 0.479973 0.479926 0.479919 0.476365 0.203990 0.040863 0.028550 0.029022 0.033033 0.005839 0.000000 0.000000 0.000000 0.000000 0.000000 0.000000 0.000000 0.006819 0.040718 0.001193 0.023947 0.039245 0.041197 0.048825 0.216546
0.065899 0.066355 0.078225 0.100080 0.143350 0.196615 0.263435 0.268466 0.250121 0.209590 0.159427 0.115095 0.086792 0.073551 0.046026 0.026354 0.000109 0.000000 0.000000 0.022868 0.008631 0.000000 0.000000 0.000000 0.000000 0.001041 0.040041 0.073911 0.031845 0.099588 0.123144 0.219995 0.406760 0.351142 0.155478 0.145488 0.228692 0.323842 0.479623 0.419132 0.201012 0.116800 0.059148 0.047011 0.032752 0.026943 0.004437 0.000000 0.000000 0.000000 0.000000 0.000000 0.000000 0.073696 0.113411 0.000000 0.115082 0.016164 0.070996 0.146564 0.165792 0.130168 0.085654
0.017427 0.014897 0.035736 0.264925 0.119492 0.157330 0.226780 0.301903 0.245441 0.164648 0.121987 0.077922 0.041826 0.028876 0.021280 0.001911 0.000000 0.049009 0.028131 0.005310 0.041344 0.023931 0.000000 0.000000 0.000000 0.000000 0.046623 0.085959 0.251440 0.206220 0.127338 0.231065 0.324843 0.232123 0.114626 0.161206 0.237482 0.264875 0.280613 0.203732 0.158692 0.079876 0.054421 0.059828 0.036455 0.014719 0.000000 0.000000 0.028413 0.012438 0.006120 0.025705 0.089021 0.147898 0.000000 0.015139 0.044898 0.097189 0.183532 0.211401 0.180622 0.119341 0.072484
0.003291 0.027783 0.254201 0.262230 0.208856 0.190565 0.301439 0.383884 0.219456 0.144582 0.111653 0.062465 0.029023 0.009617 0.001376 0.000000 0.114157 0.045001 0.089512 0.073210 0.086135 0.000000 0.000000 0.000000 0.000000 0.000000 0.059017 0.129205 0.237385 0.202344 0.120470 0.165596 0.194053 0.155941 0.159932 0.226739 0.293526 0.370331 0.430391 0.322106 0.230373 0.191953 0.086940 0.064054 0.033388 0.005933 0.000000 0.067270 0.072079 0.109534 0.000000 0.000000 0.173564 0.000000 0.000768 0.021717 0.063416 0.148691 0.270066 0.267292 0.175283 0.122842 0.088015
0.001195 0.243866 0.243639 0.182544 0.171583 0.189989 0.181494 0.188414 0.141711 0.143297 0.123343 0.064807 0.023818 0.000000 0.192165 0.169596 0.119680 0.134598 0.179322 0.165476 0.071114 0.000593 0.000000 0.000000 0.000000 0.000000 0.089769 0.178120 0.232199 0.212288 0.100678 0.124407 0.153816 0.168599 0.183418 0.283362 0.465940 0.479596 0.479647 0.267371 0.190217 0.182636 0.123255 0.061760 0.035067 0.012252 0.000000 0.127932 0.162641 0.004680 0.011824 0.014406 0.007660 0.257967 0.021494 0.045887 0.090732 0.167208 0.281849 0.299102 0.269110 0.215886 0.122761
0.168318 0.239770 0.202232 0.239391 0.293838 0.288015 0.069021 0.092454 0.085262 0.080661 0.070267 0.040721 0.007838 0.213384 0.208973 0.217974 0.232789 0.205549 0.076966 0.121340 0.091537 0.009980 0.000000 0.000000 0.000000 0.040807 0.201220 0.258924 0.268975 0.315485 0.361562 0.137631 0.172542 0.212626 0.270138 0.479039 0.479863 0.479782 0.324827 0.228158 0.182813 0.168371 0.139051 0.094651 0.070441 0.040976 0.009212 0.001338 0.010493 0.030663 0.061218 0.083577 0.080968 0.206513 0.218693 0.118951 0.164271 0.216511 0.267831 0.263079 0.237401 0.241488 0.145370
0.135265 0.197032 0.195496 0.197481 0.016666 0.014158 0.010973 0.005800 0.017409 0.032788 0.023523 0.019428 0.014371 0.249341 0.240976 0.186333 0.085269 0.081785 0.224006 0.167120 0.098191 0.022965 0.000000 0.000000 0.000000 0.056671 0.120630 0.237291 0.201803 0.246572 0.241750 0.294219 0.247317 0.395769 0.479869 0.479876 0.479859 0.479989 0.244454 0.243961 0.208850 0.187083 0.167806 0.135350 0.095237 0.053850 0.029094 0.024146 0.041950 0.065464 0.101045 0.122414 0.139824 0.192288 0.236574 0.291575 0.384443 0.455797 0.270763 0.185192 0.204336 0.199829 0.155919
0.119339 0.118448 0.000000 0.000000 0.156642 0.163399 0.190007 0.147449 0.000000 0.133399 0.009504 0.022251 0.076294 0.150371 0.141826 0.143330 0.138232 0.157127 0.248581 0.007383 0.115598 0.048830 0.009010 0.000000 0.000000 0.036152 0.122798 0.257739 0.208915 0.179079 0.204377 0.219288 0.300401 0.479972 0.479866 0.479825 0.479964 0.386647 0.289419 0.280399 0.234497 0.211769 0.176564 0.132133 0.094873 0.069752 0.076258 0.103138 0.108744 0.115858 0.138558 0.153073 0.195675 0.286057 0.376525 0.304081 0.241485 0.222316 0.151678 0.110083 0.144596 0.170727 0.123274
0.043924 0.030138 0.000000 0.047133 0.061188 0.056737 0.075230 0.040536 0.091990 0.145968 0.142585 0.177137 0.133996 0.167241 0.170087 0.200373 0.199866 0.131033 0.050619 0.000000 0.125808 0.069183 0.032020 0.000000 0.000000 0.041417 0.125864 0.131328 0.213574 0.194378 0.209348 0.164176 0.215499 0.400411 0.479592 0.479990 0.382406 0.266132 0.230299 0.208145 0.180587 0.171916 0.149663 0.133742 0.136140 0.147810 0.191965 0.208720 0.171257 0.158681 0.174377 0.196313 0.272759 0.292053 0.199860 0.129656 0.126934 0.131058 0.097072 0.054481 0.041270 0.084486 0.093224
0.000000 0.009272 0.012472 0.008023 0.004603 0.022248 0.037166 0.007984 0.032055 0.124319 0.138058 0.231321 0.231506 0.112680 0.149300 0.194682 0.176557 0.104096 0.040762 0.174559 0.130482 0.061961 0.031124 0.000000 0.000000 0.038191 0.120089 0.112383 0.154261 0.217543 0.242128 0.295732 0.175954 0.257602 0.404560 0.322995 0.220124 0.168428 0.152694 0.160706 0.133116 0.122227 0.132371 0.125248 0.277580 0.131764 0.091156 0.116093 0.159439 0.204181 0.255556 0.355592 0.403575 0.264491 0.149069 0.104925 0.072810 0.050786 0.026483 0.008902 0.245695 0.271278 0.266567
0.000000 0.000000 0.000000 0.000000 0.000000 0.000040 0.006441 0.000000 0.019650 0.118020 0.166952 0.227213 0.050286 0.051823 0.085897 0.137296 0.123509 0.082200 0.038869 0.213937 0.131420 0.081447 0.041048 0.000000 0.000000 0.015071 0.059073 0.110567 0.259215 0.270011 0.262058 0.285926 0.469546 0.479732 0.479880 0.205136 0.122522 0.309144 0.318410 0.317689 0.097943 0.066227 0.295454 0.278592 0.264032 0.226367 0.177179 0.215241 0.291238 0.254884 0.205606 0.265629 0.386731 0.237692 0.121269 0.074111 0.266824 0.015642 0.232909 0.220575 0.219155 0.218783 0.240022
0.000000 0.000000 0.000000 0.000000 0.000000 0.000000 0.000000 0.000000 0.024585 0.110369 0.132027 0.178802 0.013349 0.019988 0.043244 0.089422 0.080567 0.039996 0.017543 0.197247 0.126499 0.097439 0.038818 0.000000 0.000000 0.000000 0.078702 0.131376 0.224601 0.264138 0.260714 0.275910 0.461144 0.479594 0.479663 0.123956 0.270326 0.305613 0.307227 0.297661 0.294922 0.279905 0.279534 0.278144 0.246995 0.217980 0.195911 0.224655 0.281753 0.268137 0.274808 0.255780 0.200197 0.159332 0.073751 0.241575 0.228421 0.216610 0.162672 0.144081 0.128637 0.123348 0.181884
0.000000 0.000000 0.000000 0.000000 0.000000 0.000000 0.000000 0.000000 0.000000 0.104227 0.148246 0.000000 0.145928 0.200500 0.203726 0.248063 0.020872 0.221553 0.214213 0.197539 0.119823 0.094091 0.024014 0.000000 0.000000 0.000000 0.043444 0.160187 0.211046 0.245020 0.244731 0.295928 0.469843 0.478670 0.464234 0.067192 0.271414 0.314069 0.292565 0.275539 0.282460 0.225436 0.232257 0.220324 0.206729 0.180846 0.185947 0.199368 0.233916 0.284217 0.260034 0.271043 0.123168 0.110782 0.247454 0.199983 0.196503 0.181873 0.120309 0.115723 0.095417 0.080356 0.083497
0.000000 0.000000 0.000000 0.000000 0.000000 0.000000 0.000000 0.000000 0.000000 0.035294 0.035504 0.052373 0.092581 0.170137 0.180942 0.191631 0.207542 0.206075 0.201754 0.191362 0.117160 0.083628 0.025085 0.012107 0.000000 0.000000 0.075177 0.158073 0.214207 0.357822 0.400303 0.476063 0.479589 0.332846 0.266965 0.024729 0.261915 0.272367 0.277504 0.280679 0.226818 0.147223 0.144500 0.143961 0.102045 0.102898 0.112984 0.145281 0.177093 0.209196 0.256936 0.258521 0.204633 0.189249 0.220077 0.142060 0.118133 0.086350 0.054405 0.073760 0.078666 0.063507 0.041084
0.000000 0.000000 0.000000 0.000000 0.000000 0.000000 0.000000 0.000000 0.000000 0.000000 0.013847 0.033908 0.060108 0.110633 0.081780 0.151642 0.142502 0.154669 0.180908 0.168210 0.139332 0.080223 0.029425 0.272513 0.000000 0.000000 0.089126 0.197433 0.393292 0.451334 0.471894 0.478340 0.479563 0.479458 0.237378 0.249501 0.236765 0.233660 0.145292 0.135091 0.167373 0.114217 0.090167 0.066838 0.046523 0.036238 0.022197 0.029219 0.104384 0.086520 0.163515 0.170215 0.168146 0.169100 0.142021 0.103489 0.079778 0.057677 0.012195 0.011301 0.031469 0.040546 0.027266
0.000000 0.000000 0.000000 0.000000 0.000000 0.000000 0.000000 0.000000 0.000000 0.000000 0.001130 0.013619 0.047112 0.053440 0.088637 0.097572 0.107486 0.116097 0.119868 0.149448 0.087792 0.110742 0.032791 0.321596 0.063763 0.055562 0.130675 0.069577 0.093794 0.467397 0.475603 0.479109 0.479565 0.157971 0.228638 0.221837 0.201928 0.189640 0.108307 0.112076 0.110991 0.097619 0.022943 0.000000 0.011720 0.001847 0.000000 0.000000 0.007850 0.044237 0.108329 0.141730 0.042627 0.055334 0.039960 0.065899 0.047924 0.026918 0.000000 0.000000 0.000000 0.000000 0.000000
0.000000 0.000000 0.000000 0.000000 0.000000 0.000000 0.000000 0.000000 0.000000 0.000000 0.000000 0.000616 0.016443 0.000000 0.033492 0.058149 0.081623 0.091665 0.092867 0.013287 0.023260 0.060709 0.022334 0.333124 0.086448 0.000000 0.035336 0.073514 0.120593 0.469945 0.476126 0.464242 0.385604 0.150679 0.264659 0.232084 0.170092 0.110944 0.065901 0.021991 0.039353 0.027229 0.006560 0.000000 0.000000 0.000000 0.000000 0.000000 0.000000 0.000000 0.011514 0.047329 0.007408 0.004283 0.006612 0.024407 0.020688 0.005557 0.000000 0.000000 0.000000 0.000000 0.000000
0.000000 0.000000 0.000000 0.000000 0.000000 0.000000 0.000000 0.000000 0.000000 0.000000 0.000000 0.000000 0.000000 0.000000 0.005600 0.019770 0.053734 0.068642 0.000000 0.004307 0.016200 0.017618 0.003141 0.000000 0.000000 0.101243 0.035046 0.072215 0.175498 0.357982 0.460207 0.311692 0.170631 0.146456 0.201263 0.252612 0.262086 0.075855 0.045237 0.000000 0.000000 0.000000 0.000000 0.037400 0.000000 0.000000 0.000000 0.000000 0.000000 0.000000 0.000000 0.000000 0.000000 0.000000 0.000000 0.000000 0.007224 0.000513 0.000000 0.000000 0.000000 0.000000 0.000000
0.000000 0.000000 0.000000 0.000000 0.000000 0.000000 0.000000 0.000000 0.000000 0.000000 0.000000 0.000000 0.000000 0.000000 0.000000 0.000000 0.000000 0.000000 0.000000 0.000000 0.008691 0.020147 0.006076 0.000000 0.000000 0.076836 0.123868 0.142117 0.158554 0.367790 0.458781 0.464702 0.174250 0.145929 0.186662 0.208608 0.194493 0.060873 0.009705 0.000000 0.000000 0.000000 0.000000 0.000000 0.000000 0.000000 0.000000 0.000000 0.000000 0.000000 0.000000 0.000000 0.000000 0.000000 0.000000 0.000000 0.000000 0.000563 0.000000 0.000000 0.000000 0.000000 0.000000
0.000000 0.000000 0.000000 0.000000 0.000000 0.000000 0.000000 0.000000 0.000000 0.000000 0.000000 0.000000 0.000000 0.000000 0.000000 0.000000 0.004103 0.016760 0.000000 0.000000 0.000836 0.000000 0.001919 0.000000 0.000000 0.000000 0.110391 0.279865 0.142949 0.177665 0.302332 0.289497 0.160285 0.150977 0.253664 0.138121 0.082701 0.051063 0.000000 0.000000 0.000000 0.000000 0.000000 0.000000 0.000000 0.000000 0.000000 0.000000 0.000000 0.000000 0.000000 0.000000 0.000000 0.000000 0.000000 0.000000 0.000000 0.000000 0.000000 0.000000 0.000000 0.000000 0.000000
0.000000 0.000000 0.000000 0.000000 0.000000 0.000000 0.000000 0.000000 0.000000 0.000000 0.000000 0.000000 0.000000 0.000000 0.000000 0.000000 0.000000 0.000126 0.016835 0.026617 0.000000 0.000000 0.000000 0.000000 0.000000 0.000000 0.095784 0.132246 0.318665 0.334480 0.146583 0.146019 0.146031 0.274365 0.178149 0.082494 0.033076 0.025117 0.000000 0.000000 0.000000 0.000000 0.000000 0.000000 0.000000 0.000000 0.000000 0.000000 0.000000 0.000000 0.000000 0.000000 0.000000 0.000000 0.000000 0.000000 0.000000 0.000000 0.000000 0.000000 0.000000 0.000000 0.000000
0.000000 0.000000 0.000000 0.000000 0.000000 0.000000 0.000000 0.000000 0.000000 0.000000 0.000000 0.000000 0.000000 0.000000 0.000000 0.000000 0.000000 0.000000 0.000000 0.000000 0.000000 0.025322 0.000000 0.000000 0.000000 0.000000 0.071139 0.105164 0.161382 0.245225 0.263766 0.260156 0.203797 0.117252 0.088591 0.028006 0.001400 0.000013 0.000000 0.000000 0.000000 0.000000 0.000000 0.000000 0.000000 0.000000 0.000000 0.000000 0.000000 0.000000 0.000000 0.000000 0.000000 0.000000 0.000000 0.000000 0.000000 0.000000 0.000000 0.000000 0.000000 0.000000 0.000000
0.000000 0.000000 0.000000 0.000000 0.000000 0.000000 0.000000 0.000000 0.000000 0.000000 0.000000 0.000000 0.000000 0.000000 0.000000 0.000000 0.000000 0.000000 0.000000 0.000000 0.000000 0.001059 0.013824 0.054857 0.072724 0.024762 0.055485 0.084149 0.109321 0.115105 0.109323 0.102988 0.077453 0.030331 0.012547 0.000000 0.000000 0.000000 0.000000 0.000000 0.000000 0.000000 0.000000 0.000000 0.000000 0.000000 0.000000 0.000000 0.000000 0.000000 0.000000 0.000000 0.000000 0.000000 0.000000 0.000000 0.000000 0.000000 0.000000 0.000000 0.000000 0.000000 0.000000
0.000000 0.000000 0.000000 0.000000 0.000000 0.000000 0.000000 0.000000 0.000000 0.000000 0.000000 0.000000 0.000000 0.000000 0.000000 0.000000 0.000000 0.000000 0.000000 0.000000 0.000000 0.000000 0.000000 0.006821 0.050050 0.007013 0.037769 0.060509 0.071141 0.069304 0.064343 0.055880 0.035422 0.000726 0.000000 0.000000 0.000000 0.000000 0.000000 0.000000 0.000000 0.000000 0.000000 0.000000 0.000000 0.000000 0.000000 0.000000 0.000000 0.000000 0.000000 0.000000 0.000000 0.000000 0.000000 0.000000 0.000000 0.000000 0.000000 0.000000 0.000000 0.000000 0.000000
0.000000 0.000000 0.000000 0.000000 0.000000 0.000000 0.000000 0.000000 0.000000 0.000000 0.000000 0.000000 0.000000 0.000000 0.000000 0.000000 0.000000 0.000000 0.000000 0.000000 0.000000 0.000000 0.000000 0.000969 0.000000 0.000096 0.000367 0.005994 0.011408 0.020547 0.008867 0.000385 0.000000 0.000000 0.000000 0.000000 0.000000 0.000000 0.000000 0.000000 0.000000 0.000000 0.000000 0.000000 0.000000 0.000000 0.000000 0.000000 0.000000 0.000000 0.000000 0.000000 0.000000 0.000000 0.000000 0.000000 0.000000 0.000000 0.000000 0.000000 0.000000 0.000000 0.000000
0.000000 0.000000 0.000000 0.000000 0.000000 0.000000 0.000000 0.000000 0.000000 0.000000 0.000000 0.000000 0.000000 0.000000 0.000000 0.000000 0.000000 0.000000 0.000000 0.000000 0.000000 0.000000 0.000000 0.000000 0.000000 0.000000 0.000000 0.000000 0.000000 0.000000 0.000000 0.000000 0.000000 0.000000 0.000000 0.000000 0.000000 0.000000 0.000000 0.000000 0.000000 0.000000 0.000000 0.000000 0.000000 0.000000 0.000000 0.000000 0.000000 0.000000 0.000000 0.000000 0.000000 0.000000 0.000000 0.000000 0.000000 0.000000 0.000000 0.000000 0.000000 0.000000 0.000000
0.000000 0.000000 0.000000 0.000000 0.000000 0.000000 0.000000 0.000000 0.000000 0.000000 0.000000 0.000000 0.000000 0.000000 0.000000 0.000000 0.000000 0.000000 0.000000 0.000000 0.000000 0.000000 0.000000 0.000000 0.000000 0.000000 0.000000 0.000000 0.000000 0.000000 0.000000 0.000000 0.000000 0.000000 0.000000 0.000000 0.000000 0.000000 0.000000 0.000000 0.000000 0.000000 0.000000 0.000000 0.000000 0.000000 0.000000 0.000000 0.000000 0.000000 0.000000 0.000000 0.000000 0.000000 0.000000 0.000000 0.000000 0.000000 0.000000 0.000000 0.000000 0.000000 0.000000
