geotop_simulations/templates/TEST_Venosta_3D_034_template/rec/SoilPressure0000L0003.asc
ncols         252
nrows         194
xllcorner     598250.000000
yllcorner     5144500.000000
cellsize      250.000000
NODATA_value  -9999.0
[rows 96 to 119 of 194, columns 162 to 215 of 252]
-1756.010869 6540.428105 20678.606392 29984.792374 -949.955471 -692.662992 -832.151149 -737.307825 -711.255807 -1116.346533 -1278.849327 -1103.610530 -861.873721 -991.193894 -1045.815739 -1166.848498 -600.858515 -772.136729 -745.987865 -799.653618 -1046.434325 -1031.984900 -984.072782 -1109.563232 -1127.145140 -951.476808 -853.810196 -1052.058182 -975.787873 -917.599029 -804.933406 -765.311641 -709.906204 -645.381054 -722.471224 -632.894158 -569.081380 -595.827367 -576.123967 -523.356486 4737.119194 -464.509679 -490.561163 -499.158921 27.362924 28.447860 27.641769 187.646971 144.917156 214150.690197 389259.539925 407481.773889 367404.563765 348564.005028
-1046.296996 -717.103468 524.328274 -1831.049097 -682.568420 -634.436638 -620.529771 -659.585469 -707.523475 -1145.478628 -1123.785487 -1087.453614 -955.915912 -791.766673 -1088.038230 -1071.504955 -1140.711792 -984.900162 -900.687752 -787.964280 -851.628744 -943.687084 -1317.452244 -947.682380 -916.060974 -875.796873 -829.459846 -917.516785 -1138.216361 -1408.230373 -863.261392 -830.646966 -770.533913 -591.222950 -546.318512 -580.474838 -599.217503 -597.268270 -522.689854 -508.111340 -542.315575 -525.808899 -536.437684 -518.189474 -549.139026 -546.859593 -379.836801 111.551193 26.955036 65411.760766 123191.023536 166390.329945 230008.703581 244249.958625
-632.123377 -539.783086 -679.622950 -708.077094 -810.427201 -622.820651 -792.886326 -753.032356 -876.132420 -982.673726 -996.329833 -994.859031 -1115.683674 -1073.436662 -906.439780 -940.456730 -1242.625607 -1323.152881 -999.439574 -872.201158 -912.143933 -1498.063400 -1685.521276 -1288.960346 -911.613533 -825.444249 -1046.921131 -934.961923 -1164.275478 -1159.854524 -1033.352290 -978.997896 -701.959863 -675.507019 -534.796097 -547.501829 -553.248729 -537.198488 -484.024412 -497.169519 -512.284275 -534.411658 -586.898846 -582.207376 -538.068072 -470.153395 -399.639114 50.110825 -133184.062362 12423.956210 19905.383913 52741.799673 85620.406759 78019.765925
-653.732551 -501.066787 -1904.816984 -1271.045744 -826.401220 -656.041461 -629.673289 -660.290625 -680.555512 -990.238750 -1430.971222 -1270.588785 -964.242935 -1661.621498 -1209.521437 -1256.105189 -1315.766795 -1337.664298 -1182.743801 -909.591860 -887.257960 -1097.614871 -1657.109308 -1588.906116 -1467.615457 -897.044712 -1025.445013 -1231.303854 -1215.677978 -1418.933427 -1501.389202 -1127.806722 -932.669739 -676.872592 -594.171908 -554.829237 -562.627799 -526.934676 -451.768245 -491.637598 -518.439519 -539.955141 -538.776708 -560.624967 -562.507882 -575.111028 -578.064567 30.298884 -215.526456 -1358.525761 -204.502240 -412.991960 20582.273928 37759.890308
-639.999947 -408.920286 -998.662930 -1102.704698 -1130.321564 -752.626242 -581.344207 -626.144461 -665.905967 -878.187740 -1433.041685 -1340.559666 -1139.599362 -1426.352795 -1153.169025 -1039.571114 -2230.589924 -1883.656415 -2184.447142 -1270.923043 -1051.681318 -1151.539271 -1579.450415 -1425.771099 -1673.247596 -1034.963279 -887.527751 -1139.444427 -1723.524332 -2147.046009 -2145.100682 -1551.858322 -989.578784 -874.200520 -733.042353 -602.359749 -569.531851 -544.140334 -442.299795 -475.339014 -501.699293 -501.075005 -519.454980 -536.590774 -541.986293 -520.150892 -523.349708 37.984081 26.215492 26.857067 -503.168198 -428.468286 -241.680300 -297.006487
-589.886707 -459.213554 -652.568209 -1258.795428 -1178.177026 -1204.905912 -654.865776 -579.338152 -679.698960 -940.532753 -1454.126093 -1676.839996 -1412.229938 -1430.764157 -1303.466069 -1339.816089 -2623.820371 -2610.952711 -2425.722301 -1727.967685 -1400.313829 -1273.407727 -1616.684327 -1347.679109 -1394.145155 -1333.803246 -1163.697612 -2031.425017 -2544.148857 -2482.594251 -2316.559336 -1799.589260 -1164.809755 -973.303926 -846.195202 -678.391442 -585.940275 -565.430366 -488.261456 -481.063413 -501.982891 -500.646287 -506.964612 -525.501827 -531.731900 -519.913703 -494.934052 28.272677 -303.257569 1491.581478 1839.524781 626.937986 164.159724 -332.903911
-607.013628 -636.402968 -561.922805 -1248.300585 -1484.399059 -1512.785785 -844.283990 -602.901196 -733.771422 -1707.454339 -1718.241831 -1750.152734 -1844.010190 -1624.465528 -1522.115057 -2779.577335 -2965.902449 -3098.775194 -2962.467441 -2417.184782 -1658.714730 -1302.759280 -1667.877436 -1450.851688 -1650.247598 -1619.929565 -2563.545184 -2422.715830 -2522.148291 -2851.077527 -2873.137973 -2577.081871 -1389.420879 -1143.630288 -964.632649 -773.934182 -761.321734 -618.060387 -537.049270 -511.575542 -518.746526 -520.966743 -471.774496 399.702372 656.208039 2544.096556 6890.293389 7714.551632 6867.939281 3038.828915 36.686848 34.659186 20.883142 17.555217
-536.598147 -651.280996 -657.757854 -1517.367470 -1700.065178 -1807.437613 -1617.645321 -766.065630 -1338.221826 -1845.450435 -1787.625436 -1787.370353 -1947.636331 -1896.161435 -2010.806331 -2145.893542 -2248.684181 -2297.882364 -3200.780539 -3046.108798 -2265.514654 -1350.980285 -1555.666231 -1786.829018 -1767.147555 -3141.257669 -3001.512090 -3045.415524 -2998.673280 -2741.054595 -3047.890729 -2593.600175 -2148.156767 -1564.526575 -1202.401369 -1031.722624 -972.481507 -715.986204 -595.397455 -556.518092 -543.338264 6157.837730 17088.037420 21333.736942 18771.639243 13411.158029 8605.328217 2351.655119 30.462076 33.133004 34.974861 34.718277 28.802813 24.380384
-539.015551 -580.095362 -741.703268 -1680.741118 -1869.499080 -2425.357769 -1668.940769 -1087.365771 -2147.690053 -2106.349781 -1976.508229 -1977.634396 -3090.915698 -2243.775009 -2351.950045 -2414.923043 -2503.008852 -2565.002280 -2551.938831 -3235.747600 -3093.332930 -1730.099884 -1256.083665 -1721.817252 -1928.732629 -2214.673250 -3377.872119 -3327.606798 -3131.390084 -2754.634124 -3079.084960 -3003.468005 -2736.017842 -2318.643964 -1686.783407 -1420.775646 -953.112920 -807.199617 -660.399451 -599.790046 5949.181767 17508.243688 24986.106612 27107.221767 15722.006594 11112.656350 423.603752 -378.529726 29.314884 32.244780 34.993062 35.458529 33.647689 32.346871
-571.588630 -576.875447 -998.347651 -2122.329846 -2095.576881 -2350.233970 -2022.419546 -1846.183742 -2670.365664 -2539.479552 -2262.167622 -3353.809991 -3519.597647 -3571.651902 -3633.244649 -3731.545973 -2557.347703 -2589.447094 -3299.346321 -3289.626004 -3266.338367 -2223.525808 -1739.519274 -1836.907719 -2278.749549 -2974.643522 -2506.518391 -2518.478423 -3074.357093 -3057.935295 -3114.423433 -3132.869841 -3084.072022 -2870.330186 -2562.220338 -1599.024380 -1134.109781 -887.288215 141.906042 5437.928267 13705.340310 15002.000536 20875.376321 20097.325401 13654.483687 3954.860502 138.785743 -486.572084 -88.518862 31.932134 34.923956 36.157680 35.005691 34.018098
-602.151120 -604.503246 -977.599292 -2326.963555 -2923.234666 -2720.614214 -2494.144579 -2494.905388 -2932.403652 -3004.163879 -3013.476543 -2711.603428 -2700.350594 -2701.913803 -2761.722318 -3327.064811 -3333.110160 -2839.451913 -2878.363048 -2955.131905 -2989.051250 -2958.822372 -2894.459993 -2206.296716 -2256.360724 -3037.494427 -3080.215236 -3059.736406 -3171.406415 -3202.003042 -3222.476797 -3139.989676 -3164.983612 -3038.997540 54.740789 3175.835971 6379.112661 8916.786511 11835.696416 14433.746197 13126.614936 11287.388322 6175.689889 2273.772097 189.405679 -570.334750 -549.253999 -528.628390 -384.718631 31.910471 34.299272 36.620239 35.971002 32.754780
-624.708103 -645.208521 -1004.370586 -2575.429336 -2969.691756 -3115.422177 -3145.994655 -2914.662764 -3143.871929 -2963.643994 -3159.889565 -2938.057260 -2961.228289 -3016.594566 -3344.210508 -3363.385201 -3359.527519 -3087.978086 -3134.633099 -3175.498629 -3201.741645 -3408.224199 -3275.194772 -3069.323687 -2805.452491 -3158.407859 -2887.927974 -2938.091280 -3274.426874 -3298.650943 -3205.035651 -3199.403204 -491.049860 5610.471383 16335.549490 18366.704796 17446.295272 16180.932296 14467.803198 13133.494713 4325.549820 -667.551307 -648.066257 -591.945478 -553.710927 -628.592440 -516.771577 -494.794761 -507.242387 -230.318965 32.577853 36.403724 35.686194 32.220130
-649.303224 -706.404840 -1109.699358 -2800.625559 -3047.020552 -3155.221384 -3211.252115 -3235.724695 -3263.363315 -3219.499036 -3125.280158 -3156.337845 -3182.532177 -3209.848971 -3231.487877 -3251.836565 -3397.219413 -3415.035064 -3295.657357 -3314.621444 -3323.224132 -3447.310369 -3436.188050 -3308.021534 -3181.439696 -3228.079986 -3113.252509 -3171.292385 -3221.724040 -3231.018661 -2579.781471 29.848512 3437.271135 9760.712675 17651.308964 16351.888475 17190.745265 3748.847711 53.855173 -512.349124 -674.596132 -777.522353 -743.640491 -674.980892 -616.664421 -588.920709 -570.543452 -549.391417 -507.662654 -436.339351 27.372546 34.928237 34.665451 30.921272
-678.227799 -766.873053 -1221.946479 -2578.560057 -3018.326542 -3192.730794 -3235.114149 -3260.894072 -3238.700510 -3283.648153 -3251.872702 -3279.643070 -3404.633264 -3327.022515 -3352.392230 -3444.793020 -3445.267045 -3388.527440 -3399.656603 -3481.752522 -3482.923972 -3476.314531 -3469.465037 -3452.331991 -3274.183246 -3239.583639 -3278.307917 -3294.757730 -3302.438758 -109.710806 4751.783726 6797.933415 8942.033610 11569.586586 20265.265843 14241.448524 2849.697720 -598.106281 -1143.231335 -756.340582 -798.993652 -716.984695 -691.351620 -648.416905 -605.899155 -570.557281 -555.139780 -523.397348 -487.651265 -416.628142 -395.133411 27.923216 -19.239546 33.211759
-719.586935 -898.775959 -2506.808416 -2625.188304 -3071.919144 -3174.624452 -3218.095990 -3296.504979 -3331.654417 -3366.516096 -3395.379294 -3420.799707 -3443.834718 -3464.545742 -3472.614295 -3482.345144 -3490.669878 -3467.928513 -3508.927242 -3514.244642 -3519.695639 -3518.662184 -3511.427263 -3498.700519 -3463.789376 28.121415 84.630840 106.787028 124.069521 318.663519 3426.767105 3837.866687 4302.045968 4508.465424 5976.789917 930.001208 -2517.024052 -1366.678532 -1149.384190 -751.110610 -643.011339 -656.145765 -658.778238 -632.921525 -598.364390 -569.974234 -554.694468 -507.726298 -486.514634 -406.258263 -368.004252 27.885545 36.595123 28.181680
-775.033485 -2601.726938 -2789.307599 -2721.950449 -3098.883662 -3209.972387 -3247.473426 -3290.318000 -3336.464657 -3378.619063 -3431.696069 -3459.481223 -3480.351728 -3492.808475 -3506.555970 -3523.366606 -3526.114249 -3534.468097 -3537.541349 -3564.127793 -3560.386002 -3542.292169 -3497.059192 110.239338 137.867762 130.066495 101.379544 77.218413 65.014215 50.545020 35.263455 -3275.436248 -3218.554682 -3038.964675 -2627.763705 -2293.042951 -2522.824974 -1783.815799 -1207.837953 -935.476810 -739.074441 -606.978472 -644.104101 -664.856554 -597.348817 -565.569277 -538.344968 -503.888098 -436.811886 -398.847636 -408.431498 27.720882 37.253560 -432.934953
-420.608721 -936.770522 -96.228491 953.249066 1800.860160 61.780706 1118.840297 50.444038 -3371.001977 -3421.408566 -3462.634518 -3496.227647 -3524.464675 -3545.459171 -3552.656757 -3550.894238 27.528444 27.824565 27.955584 54.849115 86.341835 132.730117 174.661925 110.817389 70.422000 57.153130 47.613150 35.693516 -126.137942 -3329.891891 -3276.827659 -3178.799108 -3060.702079 -3014.363560 -2650.973359 -2295.941205 -2069.702206 -1872.113633 -1142.429461 -885.846526 -714.858918 -552.799003 -641.128660 -632.115134 -593.655577 -549.321342 -537.579851 -507.714391 -407.281845 -346.576362 -285.529579 27.219923 35.730142 -19997.638989
11025.656218 9412.670817 8302.733630 9978.159531 13319.186171 7012.101584 30780.314342 28598.453095 22995.439976 24487.026131 30155.168954 23203.022889 6967.380998 21483.781579 28730.658871 30271.563308 26003.978998 4639.765177 7560.901300 1844.884148 47.033122 -3400.462003 -3543.515703 -3533.406140 -3499.569708 -3457.693191 -3420.584849 -3381.857822 -3337.612179 -3269.190325 -3288.596536 -3093.967465 -2870.560263 -2756.646484 -2350.983855 -1980.106186 -1750.649131 -1580.489131 -1370.667776 -807.672521 -641.631945 -497.302918 -575.150804 -590.554902 -564.748169 -555.346517 -515.910770 -467.604814 -376.531850 -434.795801 -317.753613 40.440057 15.581357 -65613.061156
14935.847842 13268.335667 10334.182314 5767.887024 23910.030775 41849.402387 31240.869691 48849.070927 31087.976673 38673.842913 54095.590267 63513.400735 46033.743327 47148.923770 45776.855994 39818.201595 23840.635216 22067.761149 7578.900692 59.056478 -3565.864677 -3555.463632 -3544.696503 -3518.822812 -3483.721451 -3442.849981 -3398.251419 -3356.976391 -3304.238738 -3213.605292 -3204.428900 -3124.848685 -2963.988850 -2634.864275 -2190.468646 -1771.349479 -1570.552376 -1399.730264 -1172.159012 -1081.431800 -574.058654 -456.475657 -475.907303 -529.740575 -582.229562 -526.275877 -490.124971 -414.905676 -564.606469 52339.354514 27.714951 35.867030 -2915.995515 -21212.507901
17724.724524 17848.144680 17749.116663 18240.344142 22981.441124 29642.502753 34182.359816 36682.245415 37964.910830 40972.207276 37902.063060 49974.385407 49480.526268 48145.739466 46846.961867 37833.379956 23311.746875 8231.459812 -840.370759 -3576.083880 -3567.726117 -3556.776639 -3533.468034 -3508.097162 -3475.011896 -3428.922459 -3375.146155 -3313.469637 -3289.802225 -3211.322876 -3111.321265 -3110.995846 -2824.972697 -2375.285655 -2055.342911 -1683.060947 -1482.114499 -1348.742388 -1156.561308 -970.955690 -498.560054 -405.097560 -424.535950 -541.139667 -553.658842 -568.346080 -480.271690 -466.228885 1912.505903 -59.432399 27.116789 -1202.425119 -1595.177156 -100904.572808
15248.264148 15657.282950 15090.510791 14621.758012 17033.394840 20778.738152 25028.377238 28430.476512 31086.826485 17243.108599 39899.297374 44316.771808 45490.666277 34253.403006 62715.186210 34334.956486 15898.803952 73.271639 -3583.877633 -3573.769821 -3563.488245 -3545.747454 -3523.533260 -3497.654729 -3445.184409 -3357.967166 -3265.661130 -3239.519171 -3159.385134 -3085.866708 -3204.463151 -3050.527735 -2614.850725 -1951.144141 -1820.168863 -1576.299419 -1436.800867 -1341.740422 -1183.512531 -976.403913 -426.997687 -322.792873 -539.431564 -525.446568 -638.790413 -518.845235 -421.208322 -260.834883 -392.065308 -4.469774 25.726447 -39025.166253 1307.761180 -114117.517573
1894.013639 5179.097080 5927.825559 5488.399545 6912.016177 10158.700414 14866.499356 20101.009610 41760.579621 24358.992468 29469.725588 32592.963791 34662.416383 23672.844470 32972.787715 21529.189377 3044.334310 -3591.069208 -3584.207065 -3574.141900 -3561.079161 -3540.192719 -3518.595900 -3482.187550 -3408.491509 -3337.354736 -3213.877439 -3120.688543 -3037.844188 -3196.727955 -3095.228155 -2970.366026 -2712.153416 -2057.273769 -1417.564928 -1523.559944 -1323.723004 -1291.637266 -1149.513553 -979.443046 -380.460173 -209.330344 -164.376530 -656.504010 -1182.532960 -718.450749 -177.590665 20.822076 26.490519 14.908178 25.003915 -73764.776726 -111313.050902 -133364.998844
-1274.688990 -1966.467630 -2640.110166 109.365758 251.169436 307.097793 887.607214 2454.377585 3010.168063 8103.544566 10317.325630 10424.085078 10975.434252 8803.562347 1579.929200 27.770442 -3594.232961 -3592.991807 -3586.022671 -3577.002014 -3564.290588 -3540.036228 -3510.550337 -3473.087019 -3404.717496 -3324.846230 -3205.815964 -3085.739223 -2916.656934 -2670.129270 -2454.521937 -2239.896498 -1986.225755 -1463.986634 -1125.603027 -1264.228255 -1069.025466 -1183.527237 -1052.675031 -963.857038 -336.579411 27.823249 27.637828 -252.501186 -2111.185351 -1522.465226 -1391.429848 -554.787940 -33.906374 -969.945412 13.377942 -84608.626705 -114943.480371 -159247.623956
-1313.668119 -1958.230219 -2771.685439 -3091.274624 -600.930564 -3363.484636 -1539.822198 -716.920661 -2263.126301 -3373.326390 -3377.317825 -3365.985869 -3409.880814 -3537.364575 -3533.601100 -3534.241260 -3550.768008 -3550.849045 -3578.214373 -3548.828000 -3509.596919 -3498.544985 -3485.606468 -3468.887634 -3425.729933 -3324.561459 -3169.187871 -2922.518523 -2581.726293 -2357.999994 -2216.836204 -2060.401379 -1798.784438 -1252.700589 -967.950014 -1024.896952 -825.293795 -985.806815 -1008.550437 -892.875333 -307.009002 28.376809 6.947214 -551.682356 -2389.651698 -2184.063917 431.415296 -1577.931122 -1187.672065 3819.301643 -67.728997 -3448.928406 -109360.664277 -176059.106264
