geotop_simulations/templates/TEST_Venosta_3D_034_template/rec/SoilPressure0000L0005.asc
ncols         252
nrows         194
xllcorner     598250.000000
yllcorner     5144500.000000
cellsize      250.000000
NODATA_value  -9999.0
[rows 96 to 119 of 194, columns 108 to 161 of 252]
-1796.774520 -1850.432694 -1729.313872 -1755.604321 -1654.204733 -1623.178116 -1563.506233 -1544.764067 -1380.076375 -1038.081626 -1360.965987 -1079.041837 -1090.563811 -1795.950515 -1601.837223 -1830.518942 -1533.890240 -1750.617346 -1729.714422 -1627.622207 -1470.511656 -1369.156872 -1015.487862 -799.484926 -781.857050 -1028.050943 -788.320515 -782.906535 -1042.077701 -872.712499 -804.414431 -779.963675 -765.724517 -757.235555 -751.474757 -763.023299 -756.614588 -638.648621 -920.894024 -599.717388 -586.259961 -683.899501 -598.671985 -690.180717 -625.011047 -1811.776255 -542.824613 -1290.885801 -2103.906474 13855.531529 7149.514171 1006.895083 -2822.073807 -512.373453
-1893.454774 -1848.052476 -1825.352862 -1805.572632 -1804.769063 -1805.572630 -1777.866664 -1734.684719 -1518.711666 -1153.162713 -1187.707889 -1171.459573 -1157.842204 -1845.371230 -1106.985043 -1843.668648 -1742.832181 -1826.026836 -1780.298503 -1752.937899 -1692.416832 -1699.299894 -908.916660 -861.102571 -905.709974 -883.911529 -821.873597 -794.851429 -839.775159 -834.428521 -806.871304 -773.778397 -1002.036112 -874.211739 -775.625956 -936.446391 -867.416260 -642.862418 -854.035551 -597.600918 -581.462930 -582.548016 -541.868461 -651.605917 -671.969289 -618.837732 -453.564689 -1310.994357 -2160.938842 12387.903707 7209.991140 3515.458048 4431.742815 -677.004879
-1288.648976 -1848.806188 -1849.020548 -1845.448862 -1852.379388 -1857.891501 -1850.056349 -1831.510560 -1734.409288 -1845.736279 -1240.411953 -1259.870300 -1187.805681 -1247.098751 -1088.281493 -1164.436162 -1823.075890 -1861.614742 -1840.299507 -1763.962616 -1716.333376 -1355.344021 -930.756652 -834.377430 -918.090095 -988.220925 -839.812028 -923.599688 -1061.064675 -1023.158787 -935.085943 -729.041637 -869.069448 -874.366892 -760.109501 -752.018204 -811.455680 -712.289835 -996.950668 -602.608503 -579.903910 -497.626220 -568.198082 -593.878972 -517.878774 -384.004440 -317.087832 -2026.130089 9797.434296 7796.998217 -2706.036238 5100.760033 -2889.808986 -677.765387
-1316.182350 -1346.633420 -1323.019584 -1395.065358 -1429.516477 -1439.501204 -1896.302295 -1813.889332 -1722.422183 -1466.541817 -1278.505118 -1272.749189 -1186.406386 -1184.515455 -1114.981897 -1064.842135 -1247.369126 -1858.814583 -1882.530501 -1804.460299 -1697.860769 -1012.397427 -898.673022 -892.292927 -1038.757221 -1061.839536 -1186.769642 -1249.990429 -1161.944821 -1020.009100 -939.917363 -752.972985 -861.955538 -748.339283 -744.395910 -662.278582 -638.150509 -727.530112 -673.578255 -557.663700 -557.476772 -511.263688 -475.702672 -581.608155 -449.565150 -290.011614 288.241210 6511.774098 10201.956235 5826.318469 84.169487 3120.685249 -1194.677422 -682.415762
-1902.341879 -1401.671212 -1408.196699 -1478.669148 -1528.517942 -1544.997154 -1871.469637 -1849.904642 -1871.383952 -1466.188730 -1323.479235 -1285.178475 -1215.966007 -1184.643398 -1815.073399 -1147.102926 -1188.361720 -1263.140443 -1881.350101 -1862.640493 -1777.197794 -1087.862061 -992.713527 -996.168619 -1083.228428 -1125.317362 -1359.725213 -1397.667997 -1201.466696 -1051.536464 -817.946081 -858.338323 -804.007593 -853.859296 -746.700107 -658.992139 -657.581809 -606.410368 -704.827042 -613.756761 -533.836584 -529.929365 -416.250362 -383.874572 -478.440906 -1365.116381 -2000.223852 6333.729223 10567.004111 4046.936564 -1250.997832 -2068.577302 -697.014204 -645.534090
-1520.347102 -1463.207512 -1475.987565 -1549.120750 -1630.521904 -1643.344481 -1875.152191 -1920.075135 -1874.605615 -1834.065681 -1380.069590 -1357.510495 -1286.075863 -1243.977724 -1292.800619 -1855.061755 -1231.976657 -1256.752077 -1713.782890 -1708.922111 -1820.894475 -1123.892295 -1080.126891 -1105.826817 -1223.991620 -1216.324480 -1559.220414 -1524.733417 -1351.408316 -1142.545977 -826.689521 -771.908349 -761.390605 -919.927786 -792.768232 -645.276083 -587.169435 -648.184757 -658.488892 -581.041054 -508.648473 -523.443870 -368.956238 -485.345973 -468.302816 -1500.832649 -1238.821888 10939.098091 9521.687248 7358.730077 5830.028910 -2065.112913 -698.626886 -613.312491
-1617.005332 -1593.950239 -1536.511746 -1587.380925 -1699.646716 -1724.643112 -1691.485840 -1928.359238 -1893.412533 -1501.024609 -1473.760139 -1419.219781 -1384.669696 -1334.448066 -1889.276859 -1908.953399 -1859.484129 -1779.478563 -1265.729952 -1266.307487 -1260.496325 -1720.487506 -1204.735134 -1366.718960 -1355.904016 -1278.302243 -1246.567937 -1218.447043 -1497.117001 -1223.866617 -899.243793 -829.375072 -906.390160 -982.759135 -836.706187 -681.315764 -625.251274 -611.954969 -617.244908 -587.892428 -502.415888 -418.383823 -367.004679 -292.075666 -412.672915 -1510.482442 -744.338646 3519.587934 7644.704227 9218.037520 6030.813271 -2095.110279 -828.319172 -561.300415
-1715.628423 -1709.580906 -1677.578531 -1672.625587 -1746.263019 -1904.227493 -1898.841636 -1941.994636 -1877.255718 -1878.455295 -1918.290950 -1911.343102 -1457.525759 -1898.382348 -1909.769792 -1916.401355 -1926.942868 -1917.928952 -1870.749333 -1325.951534 -1651.379120 -1807.635845 -1916.443862 -1634.022929 -1787.791313 -1793.465246 -1336.858640 -1333.782228 -1618.299026 -1389.988667 -990.082361 -829.557293 -1039.627810 -1073.594824 -936.895133 -779.105174 -601.955486 -559.898881 -557.027854 -554.866234 -497.402852 -444.932879 -436.329791 -324.789019 -438.123043 -1559.202252 -1923.668108 1336.632087 6431.298251 8069.022408 3109.171827 -2016.969955 -975.409136 -521.125178
-1960.205042 -1789.741839 -1929.253410 -1782.347352 -1789.116359 -1905.499321 -1939.416014 -1980.340685 -1973.573940 -1911.948839 -1910.805929 -1936.755462 -1937.679997 -1935.682823 -1543.023216 -1927.670011 -1937.074789 -1943.814699 -1950.145924 -1918.256829 -1817.179750 -1802.721248 -1951.544878 -1911.911181 -1893.016562 -1828.821904 -1824.009128 -1835.047213 -1736.416390 -1458.558800 -1078.485647 -859.184599 -894.131899 -1010.837182 -859.637396 -711.489954 -590.464882 -507.586092 -513.428823 -538.169268 -508.387426 -474.615144 -433.759221 -381.371573 -333.422043 -500.841559 -1742.564550 -2110.899486 -58.921883 1196.711650 -1247.928784 -1792.105796 -684.840528 -503.609005
-1968.088391 -1954.276155 -1866.460993 -1925.365265 -1969.078582 -1922.479111 -1925.886763 -1971.727859 -2019.392304 -1936.521240 -1928.705175 -1959.351771 -1961.553889 -1718.108313 -1683.575986 -1947.953343 -1952.360112 -1956.300469 -1965.335001 -1972.964759 -1936.398401 -1859.805257 -1921.291823 -1963.318322 -1873.137179 -1914.254716 -1897.488245 -1849.206009 -1800.721823 -1517.582460 -1256.697931 -918.300230 -1075.939594 -1026.686002 -846.698037 -679.424103 -509.586822 -450.342431 -507.841427 -566.271318 -525.689720 -487.338876 -437.684681 -359.144353 -377.424526 -298.409967 -582.728998 -1425.239866 -1758.751939 -1806.134406 -1535.386586 -792.115750 -567.468665 -472.893701
-1977.186487 -1961.417728 -2001.647145 -1940.510496 -1901.244741 -1997.494927 -1955.855615 -1947.138712 -2053.249206 -1953.195910 -1951.518031 -1952.219530 -1985.469952 -1957.635895 -1982.304124 -1979.174801 -1983.397156 -1984.743487 -1985.581091 -1988.553001 -1991.381405 -1970.914892 -1858.006295 -1975.444010 -1930.817731 -1897.360535 -1932.527478 -1917.787393 -1843.663470 -1629.218288 -1624.320147 -973.458875 -962.574196 -922.224785 -807.876171 -673.015795 -541.177807 -486.525984 -474.027634 -480.969856 -532.893881 -514.238666 -475.012751 -346.650489 -280.568561 -312.681568 -246.711563 -338.568160 -394.663607 -438.930251 -366.490302 -462.933624 -465.293924 -480.878928
-2032.758659 -2020.092807 -2020.460771 -2008.544467 -1963.305936 -2048.378862 -2068.379690 -1999.266016 -2078.398931 -2072.478778 -2072.580315 -1968.739417 -1971.018995 -1973.554459 -1975.204648 -1978.357043 -1986.608047 -1987.576860 -1987.770386 -1983.654154 -1981.589854 -1975.496082 -1988.590100 -1979.489496 -1990.383681 -1948.429567 -1919.569881 -1089.481674 -1867.252193 -1728.880255 -1677.542264 -997.994402 -926.319772 -845.920886 -756.725689 -605.998587 -516.099019 -451.107302 -419.620194 -449.806210 -478.414760 -471.202104 -380.262036 -321.669845 -285.704750 -265.091709 -285.958857 -338.121457 -403.077205 -378.479155 -419.063447 -466.184386 -457.257619 -464.255038
-2051.917101 -2087.648648 -2076.354061 -2060.505790 -2028.246788 -2094.985158 -2103.563881 -2045.237220 -2029.704426 -2023.609758 -2102.077125 -2101.680411 -2012.294404 -2010.312918 -2008.028964 -2008.193638 -2012.722594 -2006.301503 -2005.137943 -1998.629601 -1992.955149 -1989.131912 -1973.373286 -1957.620666 -1951.937565 -1946.326686 -1946.979105 -1927.232246 -1075.954277 -1034.330056 -1053.962095 -886.716149 -965.697640 -844.961900 -742.055964 -643.409022 -585.063948 -501.817438 -416.472794 -457.647851 -427.679256 -430.796365 -409.334889 -335.618627 -282.425067 -306.930667 -223.988759 -240.212564 -304.327497 -342.809063 -409.897442 -485.060561 -479.165696 -500.274161
-2075.347650 -2139.901611 -2129.090100 -2098.915027 -2104.780431 -1153.167103 -2131.903467 -2088.061115 -2077.566131 -2074.536100 -2072.661866 -2073.115926 -2073.479874 -2070.756574 -2068.415035 -2068.288680 -2072.918466 -2071.416471 -2013.371242 -2054.419610 -2044.274396 -1996.100769 -2034.070376 -2026.935163 -2014.064082 -1999.319332 -1931.696202 -2010.177073 -1853.463416 -1767.129039 -1652.750912 -1146.201582 -1017.377846 -906.079606 -771.405691 -686.195223 -773.469193 -695.214248 -595.588964 -598.081406 -615.199045 -443.834219 -594.715492 -328.237426 -283.975091 -285.165524 -283.989630 -289.716089 -321.013453 -357.266731 -424.505045 -531.177095 -525.281543 -544.291205
14950.328946 10353.351058 7813.146250 6279.462483 2506.423757 113.606866 -197.979865 -2147.553474 -2148.692433 -2117.018250 -2117.734048 -2120.948474 -2124.166016 -2127.106157 -2130.266281 -2128.255005 -2069.164326 -2069.838599 -2067.500138 -2065.264452 -2061.182537 -2058.253552 -2054.315663 -2042.150302 -2106.043564 -2009.539588 -1941.950243 -1912.584941 -1964.707311 -1833.067609 -1724.825289 -1569.578103 -1378.258013 -1171.404704 -963.547468 -717.099998 -814.987136 -564.413169 -426.531286 -403.894417 -596.572049 -602.704000 -594.819094 -925.506903 -485.167233 -281.388770 -295.467446 -317.406427 -355.270358 -394.908242 -470.239957 -581.111603 -581.225573 -589.811297
44916.750455 21101.419277 24917.895609 26169.251192 22054.939426 12778.593867 10160.220299 5827.264262 14515.943861 11431.508731 3986.655990 581.296085 232.518100 -2182.996382 -2185.923190 -2100.325519 -2097.405740 -2094.700571 -2091.418286 -2089.687813 -2085.774402 -2078.972551 -2153.046574 -2136.728264 -2119.234267 -2017.465788 -1950.098700 -1921.405529 -1880.313547 -1898.551981 -1818.752126 -1726.154392 -1517.295626 -1272.970791 -997.588880 -919.323197 -863.614893 -795.383046 -481.216505 -633.739715 -638.601040 -427.859020 -598.565620 -608.431380 -923.279168 -502.650853 -490.433309 -312.613520 -360.663662 -425.666588 -532.319789 -646.426638 -674.948107 -646.201432
72073.650652 41836.294013 24196.417917 34098.807225 33392.350361 32882.669970 33766.589008 30078.696009 42183.961837 39551.280770 30796.333914 29996.421348 30333.447409 24047.877590 16201.337185 7390.494392 1499.520672 -2197.281795 -2195.496639 -2190.423043 -2182.081800 -2172.347119 -2160.364702 -2147.979381 -2132.756679 -2108.778463 -1956.218137 -1927.990056 -1987.034238 -1907.626552 -1834.313921 -1715.728074 -1494.229874 -1239.421566 -1071.936748 -1012.777019 -886.743824 -798.883582 -746.358514 -690.477190 -915.009125 -661.127861 -396.305575 -380.419078 -597.850693 -354.798217 -361.346794 -305.486401 -407.746903 -484.341304 -624.357611 -723.702052 122.604532 -375.401466
40165.064360 38603.222763 37082.071115 41019.053672 39561.442646 40320.627535 42385.080838 45296.619632 46580.677913 42619.083255 31039.163945 33057.210259 53355.443327 41822.463985 37672.901061 33126.026371 26687.974145 19825.264701 9585.617314 539.225098 -2186.457455 -2179.407182 -2169.690776 -2160.360407 -2151.753440 -2126.975517 -1964.716341 -1938.391143 -2008.423584 -1934.662449 -1854.016242 -1749.710234 -1518.952217 -1270.257264 -1023.792187 -944.030312 -928.461726 -819.306399 -586.018025 -575.161561 -921.955013 -628.657785 868.110435 959.943645 1036.304249 1074.166730 1041.376197 879.759097 797.455509 3267.543151 5647.166118 7178.751865 7020.622442 10148.575098
29517.093011 32164.871949 35694.608849 52509.990754 42273.348966 42833.837881 45959.728301 50937.293419 52025.118039 43755.894013 36462.294266 37186.448545 40753.495835 36125.963597 38979.245703 47497.850051 34419.263993 29598.555335 22159.719209 11970.299524 2923.116127 -114.284296 -2177.339990 -2171.830040 -2169.238071 -2144.292515 -2115.693154 -2082.762070 -2037.228421 -1965.318893 -1874.747714 -1772.829343 -1561.460164 -1296.829084 -996.190221 -911.149150 -503.471872 -524.938765 -527.065883 -528.804199 -772.483547 -505.975535 -480.420276 -465.471946 -444.179073 -378.694285 -361.478117 506.478593 1054.246355 4747.249335 8003.087694 10486.103628 12241.568914 10934.596378
19870.356827 22804.127398 20722.400059 36837.953466 40299.639289 43049.590583 46922.855357 69335.992639 59954.784818 41411.479944 19777.049523 22629.429246 24005.075784 32166.293247 34979.638129 35767.621872 27234.561485 21673.319387 29013.028545 18002.925725 10242.252938 2623.650505 -6.211740 -2178.591370 -2179.763506 -2154.294794 -2127.995628 -2095.055692 -2052.005181 -1982.787566 -1891.293692 345.669549 343.583952 361.628053 106.258861 -558.796711 -473.714051 -492.832605 -501.730899 -528.558994 -545.688944 -505.329916 -465.629414 -437.012889 -424.231594 -409.905444 -392.040371 -410.297509 -426.807804 -408.522765 6356.423003 10352.571209 13531.225194 16029.344898
7323.488176 6058.466209 15762.002584 25697.486642 21403.290933 32082.199997 25522.326366 39727.521353 18855.739811 21285.760730 10661.497400 4218.935089 3780.944697 9683.552581 20299.702415 27276.968872 28703.204792 27831.895561 23773.581478 18261.085279 8042.815876 6685.703473 2092.843693 405.518505 -147.283777 -274.811612 -664.742583 -2078.380537 1470.705612 1235.483251 1001.054662 754.467735 112.037857 -883.953476 -616.192186 -591.100382 -494.998500 -496.761719 -604.456681 -607.412358 -534.966684 -485.171088 -433.325330 -414.737990 -386.238392 -368.444292 -383.704944 -412.694780 -436.518321 -466.787429 -492.597821 1557.391673 7581.060565 12253.715161
208.720464 104.905904 219.175370 662.456592 1768.337827 2650.955702 8698.200845 12743.800774 773.345611 -1964.564538 -1949.947876 -2129.529036 -2123.656150 -2127.531456 -1879.410640 2767.292684 8990.899505 12591.841329 12456.465346 4972.442588 4992.560661 3144.809777 2416.598039 1954.562865 2210.580309 2434.413975 2926.865836 3365.130630 1963.017974 -2069.240016 -1975.451590 -1480.521507 -1228.416731 -1015.851457 -729.559447 -602.341995 -507.746011 -503.751490 -666.899663 -623.443689 -574.365569 -545.431304 -472.912242 -451.856867 -407.442753 -415.003343 -389.052691 -410.781247 -430.495803 -469.133944 -498.033509 -546.028414 -595.246287 -672.154526
-2161.006568 -2126.716349 -2077.255588 -2050.418269 -2049.067229 -2051.309879 -2056.084657 -2048.957420 -1950.838060 -2063.102845 -1902.999737 -1935.887736 -1934.926668 -1901.434204 -1923.971177 -2109.770791 -2125.570357 -2150.399620 -2156.115737 -994.205404 -2152.698235 -2138.750952 -2127.702220 -1127.734317 -2073.806549 -2035.594886 -1958.864993 -1914.087107 -1804.562223 -1624.805153 -1652.139655 -1309.006488 -1132.684330 -1306.196135 -1083.935102 -615.969924 -524.414990 -528.521751 -671.673442 -626.007551 -583.291751 -557.893767 -520.166404 -496.050894 -464.034322 -408.144906 -399.456523 -427.927803 -433.024445 -461.592980 -504.670167 -563.327081 -614.528685 -757.298074
-2111.625381 -2060.794439 -2010.642111 -1963.217891 -1928.429150 -1905.967710 -1894.588797 -1898.063743 -2056.191709 -2025.354924 -1912.192743 -1900.681608 -2029.374590 -2005.958645 -2015.542283 -2011.547525 -2025.236004 -2053.043932 -2068.780711 -2120.903072 -2075.545554 -2016.659808 -1914.893353 -1857.733365 -1802.230383 -1775.241362 -1721.355233 -1635.022214 -1552.973923 -1526.047169 -1543.146724 -1252.145299 -1080.453383 -1266.257363 -1081.503000 -825.733854 -559.002232 -601.868182 -683.908583 -613.772572 -621.884675 -598.933304 -541.524094 -482.735810 -483.904076 -475.292902 -481.782757 -494.209494 -500.479069 -521.665679 -585.721853 -664.893726 -745.464357 -884.451712
