geotop_simulations/templates/TEST_Venosta_3D_034_template/rec/SoilPressure0000L0006.old.asc
ncols         252
nrows         194
xllcorner     598250.000000
yllcorner     5144500.000000
cellsize      250.000000
NODATA_value  -9999.0
[rows 72 to 95 of 194, columns 165 to 219 of 252]
-782.254771 -799.570706 -805.411308 -816.072041 -1142.387952 -1163.818944 -1198.690706 -1159.959036 -1303.731115 -1287.183937 -1277.776438 -1252.245464 -1129.894595 -1162.934870 -1178.248339 -1207.970430 -1261.472751 -1280.554797 -1274.975408 -1289.465742 -1328.224875 -1382.423693 -1098.736104 -1092.067530 -1180.761301 -1170.197177 -1162.355842 -1154.195098 -1140.457326 -1108.457798 -1096.245295 -1143.773068 -922.037085 -845.851002 -768.928906 -650.094747 -599.083171 -666.430087 -717.799518 -377.439155 -277.170591 -102.218519 122.189440 -182.302759 -196.137952 -171.255466 -178.373621 -129.545361 -91.011993 26.681566 381.670371 602.492658 679.849150 384.802477 3.972490
-750.784906 -777.351922 -1124.021199 -1134.056056 -1150.509109 -1173.885871 -1139.429161 -1234.013412 -1203.008016 -1210.830747 -1204.080534 -1123.793949 -1057.168782 -1102.901797 -1102.020870 -1127.663100 -1190.977280 -1218.993587 -1224.688052 -1229.093832 -1267.342442 -1031.278373 -1051.950161 -1035.824579 -1097.574828 -1092.796857 -1188.821815 -1177.466981 -1161.371536 -1124.453833 -1273.259744 -1136.428886 -979.223217 -864.594884 -770.020132 -655.723291 -653.127661 -622.189098 -623.530787 -1293.734390 -7498.797678 -22451.904720 -51191.825979 -24703.246612 -247.065252 -67.390376 -4.420386 -214.243996 -115.859200 50.717831 438.879289 518.902178 472.351300 -241.433586 -101.895953
-692.039955 -719.023710 -745.818324 -1083.613338 -1109.107262 -1093.903489 -1067.400093 -1058.886655 -1140.149318 -749.841312 -1096.203445 -966.926346 -960.443301 -1030.272999 -1072.103854 -1108.656329 -1125.184886 -1157.275120 -1209.180011 -1239.572402 -1300.055343 -1272.956947 -1161.709348 -1174.101326 -1226.094910 -1255.276546 -1411.656465 -1094.410248 -1085.984094 -1080.668001 -1246.193529 -1100.005509 -977.854767 -878.129271 -813.842127 -697.459844 -730.108410 -545.045196 -509.373347 -2227.184885 -3778.829853 -18959.778419 -37767.196972 -68759.893959 43.405199 -40.208848 210.893999 -76.084503 9.684386 -55.110258 237.408679 -827.870104 -30170.494804 -249.541916 64.534226
-676.832528 -722.544878 -742.406854 -1078.079085 -1078.032218 -1029.205581 -1015.648390 -1019.973212 -1083.506859 -749.322808 -739.069968 -993.579981 -986.516075 -967.218391 -1126.922294 -1049.729546 -1053.315108 -1155.724132 -1100.035598 -1104.894300 -1285.513993 -1223.253224 -1080.041658 -1071.362215 -976.075267 -981.738297 -991.792810 -1014.367810 -1089.352561 -1334.861571 -1231.234635 -1129.630974 -1042.873814 -972.945175 -903.246763 -853.005448 -660.792970 -406.191799 -252.106339 -1641.987072 -4315.769740 -17717.931119 -164534.091381 -187178.943035 -15167.446458 -86324.484091 187.003545 416.992296 -1218.836002 -1829.878395 -28122.120208 -25015.111294 -24892.772972 -340.603320 203.986946
-702.675134 -732.434804 -1060.779400 -1091.324761 -1012.692473 -946.080971 -696.276176 -708.500328 -734.964590 -737.996513 -705.583972 -1011.737241 -994.903803 -1038.954275 -1031.602499 -1033.430962 -1071.933160 -1160.770485 -1098.376083 -1119.478132 -1195.871211 -1170.287395 -1006.221569 -1011.534768 -1060.746038 -934.676475 -1035.515506 -992.315771 -1105.815166 -1140.344171 -1106.988827 -1086.373083 -1055.566559 -1039.006060 -887.773224 -736.657801 -505.256134 -299.827378 -249.345922 -2644.354008 -5917.018724 -25573.196015 -36576.471055 -292884.876163 -292567.256266 -1178.970502 -26968.628537 427.414744 -28837.836084 -26458.961367 -20658.521587 -24785.966189 -24091.332224 -30299.490171 93.396764
-726.394663 -763.422369 -1076.779920 -967.904814 -859.817666 -660.996111 -665.940741 -686.715309 -697.451103 -685.115262 -939.728330 -675.855405 -911.043651 -988.456576 -734.014495 -759.125309 -1088.506203 -1094.458875 -1102.777743 -1074.816651 -1031.120211 -1080.233212 -942.577953 -925.556193 -928.681961 -924.314598 -891.576568 -786.662270 -874.929502 -1107.366799 -1106.268757 -1077.149780 -1042.814163 -957.408340 -736.394673 -529.552788 -346.737544 -137.286465 -1043.221147 -3805.926903 -6152.825710 -14664.004882 -23581.369397 -33909.617331 -42463.184500 153.411988 -18245.939266 382.597379 -26104.506722 -28995.128404 -26456.160253 -27984.387479 -23248.124273 -25956.697614 -26580.113574
-739.690895 -1055.300519 -809.528639 -778.276087 -637.613942 -642.427451 -648.655279 -658.054751 -647.630386 -627.431361 -628.215412 -640.268693 -650.985581 -691.220167 -743.298980 -765.478534 -1085.597539 -1094.198061 -1119.294296 -987.503287 -965.044995 -965.949918 -874.447873 -864.907533 -874.473325 -879.886928 -814.980084 -693.471302 -709.502665 -845.293320 -1010.266772 -1106.927438 -918.711504 -678.685860 -518.775583 -393.297354 -242.514421 -344.700834 -1907.706108 -4254.848343 -4908.588146 -16825.593681 -18478.647277 -23201.682974 -32959.905228 172.671789 -26437.763054 160.726249 241.236966 -35761.265297 -27929.317973 -29998.486525 -24047.167487 -22118.358675 -23726.324187
-707.181307 -504.125714 -655.371285 -685.360680 -646.138080 -653.453821 -645.379180 -626.218744 -600.895451 -578.826596 -589.275669 -599.814708 -632.938281 -670.574141 -717.667533 -730.814559 -1056.668741 -1083.695584 -960.400027 -923.701723 -939.162514 -965.936735 -861.738583 -875.023645 -837.590815 -807.326834 -762.906588 -704.649196 -716.132329 -656.943780 -720.032161 -835.286889 -719.245222 -615.385428 -528.676036 -427.077213 -319.825792 -446.944565 -485.611413 -2294.167754 -4482.529370 -13550.698687 -13740.390389 -20430.775088 -220966.305021 -271959.621188 -141636.541003 -10209.247875 387.544847 -32462.788469 -25419.718334 -27561.924834 -31148.870902 -23721.627869 -23527.344012
-405.708701 -680.804960 -627.655824 -566.534315 -592.431561 -613.753072 -596.355177 -581.778189 -563.808846 -540.664028 -550.653945 -572.885610 -628.739444 -680.477477 -704.542100 -738.925768 -1055.123941 -970.757863 -864.641521 -790.931700 -818.839526 -878.565570 -868.938327 -876.632634 -833.982333 -709.443967 -683.634535 -650.017151 -640.221882 -613.163163 -565.457953 11421.066645 726.688701 -614.420421 -547.215362 -474.473652 -422.513139 -540.585144 -469.146864 -2549.554259 -4095.865699 -5222.899006 -11654.942764 -203667.833314 -235576.358632 -268025.020675 -61011.788240 706.729610 -4296.962694 -25213.012377 -25308.920061 -27103.466593 -24783.653159 -24125.666100 -27975.655232
-323.001452 -798.304066 -524.202956 -535.970228 -540.606345 -566.980454 -584.201931 -570.404723 -545.876860 -515.773962 -535.069305 -589.711786 -635.855291 -683.451525 -734.533363 -1048.864630 -1074.397274 -899.815724 -794.576262 -746.968559 -786.244215 -667.737535 -660.701078 -654.278339 -745.230431 -630.442277 -609.464834 -589.967591 -570.234104 -534.717114 -481.533386 -633.433380 3055.011330 -683.694454 -599.758894 -565.659444 -535.815893 -432.156866 -374.941867 -2557.488681 -928.895787 -4407.212616 -8553.851403 -12118.712254 -14566.091825 -112863.644839 715.510779 -35206.828142 -26698.583416 -26580.469125 -26595.854481 -25736.710502 -24702.393045 -28148.191384 -28930.864607
-292.252102 -340.807061 -348.007288 -471.366817 -525.629670 -523.983978 -605.702169 -678.905060 -685.312614 -683.446669 -687.536407 -703.000460 -692.495503 -725.948327 -1047.050064 -1062.478215 -815.592451 -810.837755 -732.105583 -803.242906 -678.132944 -686.469233 -640.340034 -605.792354 -672.747774 -725.619184 -592.728595 -567.088607 -547.079123 -511.518904 -547.932087 -533.479035 7244.832121 -773.569126 -691.812504 -663.197795 -618.552133 -533.111566 -495.166295 -256.463071 -883.194377 -626.016639 -796.871071 -22598.079636 -291792.600064 -300.747499 -38107.002281 -28049.888702 -27952.049444 -26217.845190 -24890.132508 -26277.901856 -28613.124283 -27030.300021 -27191.211176
-222.464399 -193.937372 -103.834844 -376.013273 -429.670822 -434.452052 -589.382858 -677.615359 -683.278355 -682.067612 -684.160436 -703.996839 -722.026801 -1036.601967 -1048.159738 -949.262565 -761.380221 -642.224296 -667.445449 -686.385598 -664.897003 -641.045906 -585.705299 -574.603032 -629.657642 -579.378183 -685.351789 -526.603235 -513.340333 -507.490509 -441.099507 -440.906824 -623.627479 -792.970527 -784.541712 -731.413354 -633.219147 -520.028088 -386.807156 -355.827274 -559.155234 -3276.872049 -11954.069431 -42026.961099 -22175.200531 -38342.161948 -27268.881690 -26586.713558 -26566.093859 -26168.524970 -27312.496235 -27913.408108 -27305.910317 -27353.941525 -34279.342903
-122.442917 -33.078440 -2766.702025 -347.797718 -509.758946 -567.543551 -594.425482 -613.893315 -643.883097 -674.000862 -691.143122 -710.909397 -1002.729212 -1027.891034 -1038.744383 -699.189747 -705.772877 -595.828195 -608.529089 -594.192588 -623.433101 -574.598205 -557.861149 -599.962236 -611.306033 -621.971522 -569.833501 -477.239560 -454.118934 -473.657069 -445.407723 -414.872731 -436.900489 -599.652884 -809.823487 -760.243531 -686.660596 -579.786879 -459.202874 -170.739784 -563.426150 -3497.511962 -16848.846573 -128532.335930 -252.628528 -28475.875842 -26448.584972 -26531.544828 -26456.004911 -27328.187724 -28144.351951 -27763.975471 -27377.706152 -30367.885661 209.479877
-80983.904660 -79858.198158 -183.544284 -355.659716 -591.818081 -631.766588 -632.815854 -627.568284 -638.354448 -667.998320 -683.689745 -699.939502 -983.487694 -983.285906 -738.220110 -641.134789 -592.617345 -707.849176 -584.435270 -570.419926 -558.242260 -533.503620 -522.907957 -807.321941 -505.302308 -537.336333 -548.200271 -504.582046 -434.310660 -451.590552 -449.450494 -434.600169 -290.352651 -365.744735 -527.149331 -836.475752 -767.069019 -672.689079 -425.104634 -321.483867 -69.317190 -1981.772084 -13078.656127 -216.695989 -34098.472263 -27840.056130 -27954.895173 -27647.366662 -27200.425568 -27944.680775 -29624.465580 -28714.597326 -29789.506427 -40185.496839 -20217.074235
-288.515593 -500.174097 -533.052355 -572.422486 -591.228243 -625.116583 -640.482207 -641.266878 -642.025866 -662.886677 -679.895646 -690.914296 -951.429019 -950.950985 -446.328976 -497.752521 -512.389777 -598.118115 -529.439615 -513.409608 -465.161765 -444.277390 -447.600149 -472.543204 -505.297868 -516.584182 -520.553478 -473.871357 -413.961834 -413.874249 -409.958180 -399.665584 -16400.867235 -116130.050814 -391.988845 -828.899698 -826.383013 -650.329065 -418.363563 -312.683867 -1091.997705 -3947.618402 -13114.349295 17.052284 53.389953 -29640.969289 -28980.763674 -27613.223171 -29186.197956 -31812.740749 -32184.794717 -40283.650180 -42741.797476 41.793324 -84066.317339
-499.307428 -512.179534 -552.681831 -576.647809 -576.873556 -605.597311 -624.212174 -623.419736 -639.438446 -816.970020 -840.232275 -867.454701 -708.283019 -448.371937 -536.554295 -464.680245 -467.757519 -466.663303 -467.435176 -445.735639 -413.309468 -387.856675 -404.414169 -435.907437 -456.580288 -474.887105 -449.510455 -429.150530 -515.968890 -492.761730 -370.147460 -331.538303 -18522.769723 -155423.897547 -311.684125 -7.267222 -779.424606 -588.243828 -367.936419 -266.049885 -872.397619 -3460.190339 -16596.130310 -99955.581729 252.351490 -31193.123661 -29669.370789 -27812.352241 -31109.129607 -35286.530239 -42317.738185 -378.598569 -18732.773957 -43356.802836 -245391.546510
-372.380202 -400.055229 -481.180613 -543.410681 -558.656827 -580.577261 -603.231149 -610.210162 -709.523946 -689.676005 -600.651918 -576.103143 -565.662777 -438.589403 -397.482439 -434.909495 -449.114027 -438.226940 -425.578376 -380.642584 -370.348490 -372.878415 -378.899734 -396.165582 -418.240399 -428.634118 -416.260673 -874.861171 -896.089217 -441.607563 -347.989887 -20716.129866 -92695.904939 -17155.628968 -265.883767 278.509572 408.129587 -517.518462 -240.370868 -92.672017 -372.333592 -5008.086515 -12060.502311 -234806.572859 334.084122 -33314.436950 -30453.402311 -29281.464787 -40325.139542 -1033.166712 -537.566873 -103120.044245 -236443.823767 -254870.441537 -219403.031718
-171.399639 -344.229641 -449.995343 -509.103056 -544.374680 -558.635746 -589.547894 -620.324086 -664.480678 -552.696074 -521.323876 -520.101300 -502.246841 -374.790293 -369.145926 -370.710172 -396.460908 -377.183229 -357.763867 -373.208291 -359.487638 -321.479988 -320.214843 -359.339453 -390.181146 -417.636113 -441.387714 -770.304903 -558.966911 -410.994424 -474.145298 -860.336604 -154649.154301 -186927.663765 -308.408727 330.332721 1063.812770 674.281589 -192.143036 169.695362 -822.229090 -4228.306394 -8517.254217 -223527.125074 -145.022297 -36511.407858 -32103.573506 -31990.573527 -46722.355441 -25340.807460 -224492.020509 -256233.306221 -237198.157632 -89984.723817 -78711.934766
-280.672876 -369.448625 -411.732761 -474.056499 -515.237082 -532.826480 -544.058948 -554.407716 -552.393794 -512.356407 -496.623995 -455.918259 -415.304836 -345.641179 -2171.173018 -2143.732472 -330.063078 -235.180298 -192.005100 -388.747188 -431.166524 -415.931369 -336.227436 -344.759094 -366.112879 -427.801056 -465.194134 -455.896615 -444.679793 -434.829576 -357.345189 -469.389154 -592.764312 -21293.214626 -275.933616 -243.727846 17106.218085 36427.248586 -201.875055 160.555385 -502.256211 -3134.996422 -10752.636046 -210340.912153 -28940.301640 -2778.966377 -42351.208634 -40540.988553 -35579.626382 -86080.998698 -256052.751158 -232879.080842 -92095.196782 -70012.586059 -55858.382366
-298.943737 -363.130504 -388.004617 -432.942398 -473.253926 -502.965799 -510.149065 -516.148177 -519.348651 -490.295674 -453.173737 -421.501088 -384.411433 -345.004160 -307.872511 -276.830818 -201.668405 -109.101372 -81.884597 -340.050717 -461.713866 -451.540751 -420.004293 -424.372622 -433.200712 -455.130458 -464.692317 -457.646973 -434.248340 -490.316044 -699.595708 -934.637960 -416.049459 -385.932076 -457.839168 -250.686977 -270.494329 16659.267164 4114.609683 21.194032 -83.191780 -2457.186285 -4553.737947 -15362.568048 -83904.182334 -211637.312492 -33036.442582 -40407.016615 -54498.230395 -240576.007989 -238894.717705 -212291.945816 -83713.272875 -53482.556786 -35137.143319
-265.669106 -321.936028 -359.173809 -389.739697 -445.494145 -485.031791 -502.018980 -512.380923 -501.530234 -448.562282 -415.275707 -383.710661 -360.941357 -298.406393 -296.224738 -273.468625 -296.418096 -410.349080 -463.981306 -396.378795 -450.747750 -494.331687 -482.350929 -504.394319 -480.435008 -467.446082 -434.099626 -433.297986 -428.539122 -409.915714 -487.910557 -892.932656 -487.968601 -421.742528 -395.284050 -289.341302 -296.308290 -352.839441 2409.730646 -20.007829 144.990561 -1317.975752 -4672.236675 -19726.673753 -45018.755243 -73854.483075 -243541.639248 -227657.872402 -239182.709460 -233583.933287 -214518.053062 -109587.200369 -75728.292866 -82813.788972 -22376.122694
-315.215294 -353.288849 -380.735732 -416.432734 -447.856174 -475.829010 -494.666131 -488.680966 -462.348682 -423.562621 -380.048103 -347.434647 -286.989394 -242.516385 -339.082188 -409.951233 -514.157800 -472.318926 -492.609638 -465.406982 -516.757668 -537.413567 -516.453480 -516.190750 -531.223588 -523.862408 -467.109130 -447.611291 -442.474711 -436.667188 -497.383511 -555.331956 -1037.862807 -505.532321 -410.756074 -375.125390 -339.754994 -146705.628817 -12814.504331 18.082078 154.481314 -47.264473 -2238.579866 -12375.355528 -28070.078532 -54313.613795 -71310.624272 -199848.305195 -222513.682540 -208271.249728 -121437.758745 -96200.099686 -64629.403725 -134175.517425 -18646.184530
-351.985521 -374.131205 -396.715021 -443.065882 -468.353831 -575.696900 -513.608554 -571.693362 -548.800685 -446.410152 -347.990317 -266.366638 -208.831557 -200.697108 -371.006729 -407.148667 -490.917911 -519.548677 -528.293303 -549.776187 -549.843926 -717.839606 -673.607631 -541.148929 -669.860879 -668.947128 -1145.200097 -1139.708841 -600.724555 -460.298920 -530.102615 -499.101632 -1271.638879 -739.695461 -502.063606 -381.665957 -502.399361 -162045.079782 -109289.891321 -147.171774 176.108271 158.026345 17.696482 272.960286 -2718.926340 -9909.616091 -48304.580121 -61303.262372 -78598.974792 -102588.264770 -174677.799182 -88458.200560 -60153.662381 -113395.541991 -94067.529142
-6857.239439 -384.912078 -413.810784 -1429.441679 -644.173955 -691.913511 -885.869319 -781.086765 -790.648316 -627.064152 -879.977262 -388.311846 -294.174198 -265.964295 -341.998709 -388.604517 -426.170620 -867.486791 -559.737104 -550.009372 -574.916976 -524.827281 -564.574749 -767.259615 -935.703155 -658.518378 -669.639083 -647.138058 -549.947706 -513.607647 -525.771706 -567.792938 -465.832930 -455.376667 -442.348557 -416.318813 -506.853038 -131729.173587 -14624.010388 -324.453487 -42.397416 167.693717 173.842583 -1874.817411 -1671.050890 -548.816660 -24667.779417 -37758.184546 -60957.064370 -81516.247721 -89008.650019 -79995.147205 -50315.101344 -92984.797856 -67958.921156
