geotop_simulations/templates/TEST_Venosta_3D_034_template/rec/SoilTemperature0000L0008.asc
ncols         252
nrows         194
xllcorner     598250.000000
yllcorner     5144500.000000
cellsize      250.000000
NODATA_value  -9999.0
[rows 112 to 139 of 194, columns 124 to 185 of 252]
5.352626 9.838777 9.742378 9.593487 9.406780 9.206852 8.974152 8.715345 8.432065 8.122494 11.434983 11.032764 7.072774 6.640827 6.182496 5.642018 5.003060 4.207296 3.408113 3.024814 2.685063 2.339307 2.033846 1.766021 8.256238 1.375173 1.096064 1.054046 7.396498 1.203725 1.404269 1.497868 1.775061 2.068229 2.413383 2.739192 2.951589 3.326819 3.668868 9.677230 10.250672 4.003384 4.237888 4.420733 4.586512 5.167100 8.061126 8.330822 8.537776 8.711761 8.911220 9.078137 9.211048 9.320733 12.082457 11.976774 6.624228 5.523483 5.507693 5.499887 5.476049 5.461699
5.462989 5.387667 5.274711 5.210994 9.631820 9.433335 9.185339 8.921946 8.650075 8.336164 11.619067 11.199523 7.262937 6.822608 6.361309 5.806592 5.167355 4.392097 3.455015 3.085844 2.779136 2.447789 2.123895 1.835349 8.320994 1.472043 1.032767 0.955393 0.961023 1.031609 1.210089 1.404523 1.619493 1.857879 2.115614 2.379145 2.634176 2.874473 7.061163 7.422162 3.795472 4.104249 4.376678 4.598119 4.767203 4.932295 5.075622 5.174607 5.299566 5.423885 5.473912 5.520590 5.590833 9.916874 9.945372 5.658580 5.593511 5.548389 5.523414 8.685570 9.285882 9.182602
9.384275 9.319626 9.209725 5.326062 9.042428 15.741696 9.345138 9.118747 8.877197 8.559832 8.229964 7.888652 7.504360 7.049522 6.552779 6.012276 5.397438 4.606555 3.567756 3.192560 2.807564 2.494158 2.168416 1.872761 7.866012 1.517967 1.458204 1.440877 1.448221 1.498443 1.601262 1.524557 1.726523 1.974599 2.227632 2.493603 2.746544 2.983227 3.201097 3.580369 3.910894 4.197096 4.458284 4.679911 4.874098 5.047463 5.194281 5.312084 5.419915 5.516783 5.599458 5.669151 9.933778 9.948847 9.864201 5.632522 5.566586 5.595174 9.445508 9.315545 9.205041 9.007221
5.558085 5.509989 9.296636 9.226774 9.150690 9.043720 15.703766 9.269075 9.042693 8.748844 8.417476 8.068180 7.698323 7.239275 6.746076 3.808732 3.558322 3.232941 3.434972 3.190547 2.823707 2.480150 2.148294 1.857772 1.605743 1.411793 1.292445 1.311890 1.339477 1.446958 1.650499 1.908478 2.178884 2.465013 2.318475 2.574617 2.829864 3.074360 3.340482 3.701036 4.008856 4.274674 4.511669 4.725199 4.935167 5.099579 9.393980 9.530917 9.638267 5.586493 5.658913 5.721262 9.963677 5.740418 5.641156 5.575892 8.506826 9.510804 9.378882 9.235747 9.045160 8.842149
5.539309 5.499911 5.449297 9.246831 9.230621 9.202211 5.187276 5.319321 9.151058 8.867250 8.556665 7.750466 4.489857 4.304338 4.069403 3.840003 4.231820 4.208692 3.648319 3.781172 2.780935 2.416574 2.096389 1.786000 1.502988 1.300845 1.061255 1.087962 1.151625 1.195705 1.457763 1.797900 2.125466 2.480885 2.816483 2.609885 2.862738 3.113771 3.463761 3.798996 4.085506 4.336526 4.549350 4.748833 4.970763 5.135543 5.278599 5.398711 5.496925 5.582698 5.669539 5.731609 5.752125 9.808460 5.585228 5.541267 9.567150 9.416177 9.258364 9.066996 8.874166 8.654719
5.403219 5.408889 5.359946 5.309637 5.291558 5.285471 9.154082 5.137399 5.060740 4.920896 4.808631 4.651616 4.420731 7.190641 6.846562 5.940099 5.765442 5.026088 4.110493 3.649541 2.678009 2.302296 2.574426 2.262158 2.051925 1.911254 -0.001153 0.657787 0.724566 0.706879 1.274056 1.593906 1.905181 2.339728 2.717176 3.106131 3.472629 3.894643 3.525850 3.850783 4.133060 4.375186 4.580581 4.790581 5.005057 5.154399 5.279217 5.363597 5.430497 5.533277 5.643428 5.690277 5.696086 9.711729 5.538617 9.643687 9.506511 9.336158 9.151901 8.935687 8.724452 8.416392
9.252842 9.407623 9.521601 7.623852 9.403103 9.140584 8.943815 14.971116 8.642239 8.425374 8.054106 7.687776 7.210589 7.048221 6.641050 5.955948 4.865165 4.708065 4.391996 3.479611 2.575089 2.222737 2.378466 2.055533 1.353817 1.192591 0.996400 0.888015 0.648552 0.054394 -0.001166 1.378122 1.690930 2.076302 2.512328 2.937968 3.304944 3.878343 4.446257 5.271375 6.089564 4.398705 4.614868 4.829938 5.010660 5.158533 5.251465 5.276940 5.335725 5.447906 5.540213 5.530086 5.515847 6.556600 9.660583 9.586225 9.448120 9.269089 9.062737 8.811109 8.534938 8.210848
8.495400 8.685714 8.846002 8.982564 8.850902 8.288371 8.180883 7.974761 7.835959 7.709104 7.499325 7.217360 6.907313 6.201144 5.834758 5.093777 4.475051 4.773152 4.104378 2.842731 2.560068 2.594732 2.205615 1.419313 1.640716 1.528235 1.462277 1.452161 0.947484 1.023765 1.854111 2.091005 2.380694 2.728116 3.157548 3.551791 3.985212 4.503034 4.254618 5.064334 6.108352 6.854709 5.632699 8.093704 7.863281 8.055632 8.193840 8.383004 8.445855 8.408940 8.542447 9.126499 9.057531 9.041800 9.161056 9.196755 9.287514 8.941981 8.516077 8.334089 8.211992 8.014347
7.744468 7.971134 8.200416 8.543031 8.458182 10.318611 9.882847 9.481715 7.127515 6.948860 6.755725 6.520141 6.272677 5.999632 5.596596 5.058431 4.466377 4.373079 3.431383 2.651051 2.525130 2.235006 2.171450 1.668504 1.428304 1.329325 1.276059 1.286237 0.979219 1.058302 1.181245 1.850288 2.126954 2.448209 2.877627 3.309567 3.720289 4.241498 4.746973 5.521354 6.633146 6.866812 5.666140 8.105139 8.055682 8.232659 8.335153 7.869142 8.371049 7.986324 8.274889 8.493733 8.437786 8.339152 8.467306 8.705368 8.903289 8.549112 8.111944 7.808965 7.763417 7.709948
7.025348 7.326266 7.532235 8.106108 8.099392 10.454940 10.408323 9.827613 9.084413 6.296788 6.054745 5.818452 5.589044 5.370967 5.007278 4.505375 4.000739 3.954698 3.279222 2.973340 2.411769 2.277830 2.278198 1.674889 1.309549 1.169709 1.119448 3.115515 3.144954 1.326299 3.302221 1.660155 1.930854 2.268653 2.680923 3.087749 3.504802 4.044578 4.363087 5.069302 6.324062 7.293617 7.526811 7.912130 7.837821 7.852007 7.734540 7.743593 7.699814 7.964279 7.835511 7.751084 7.806744 7.748564 7.863467 8.076988 8.425494 8.219161 7.793437 7.366203 7.138113 7.169447
6.372909 6.700275 6.846251 7.625828 7.694281 7.246339 9.808256 9.205210 5.930450 5.617217 5.370222 5.095608 4.886536 4.669486 4.331932 4.085883 3.525910 3.609384 3.172233 2.782114 2.716618 2.581232 2.329131 1.751159 1.345367 1.172010 1.100347 1.116744 1.180983 1.281203 3.572849 1.605573 1.857882 2.138037 2.493982 2.866702 3.336981 3.792860 4.105217 4.871488 5.818655 6.984222 7.742468 7.436507 7.564245 7.259941 7.047286 7.012192 6.996312 7.314954 7.402389 7.178334 7.193428 7.088375 7.228829 7.373423 7.459072 7.804549 7.365106 6.913594 6.566162 6.540294
5.933920 6.236609 6.210502 7.365840 7.287373 6.792930 9.140479 5.761482 5.361214 4.956481 4.636487 4.392747 4.223361 3.994348 3.613588 3.665399 3.261548 3.331675 2.905391 2.609599 2.589030 2.509847 2.327955 1.830880 1.417609 1.242592 1.193244 1.204753 1.255354 3.947551 3.982484 1.563046 1.744946 1.982991 2.309058 2.695220 3.056847 3.466619 3.953497 4.794022 5.497545 5.894062 7.282554 7.158507 7.111636 6.676159 6.425095 6.411413 6.241066 6.412711 6.780443 6.634993 6.620772 6.557940 6.703083 6.752015 6.592321 7.321502 6.932689 6.553707 6.188133 5.903763
5.576912 5.689536 5.437103 7.111774 6.831838 6.242832 5.665123 5.198869 4.791700 4.327635 3.883507 3.663641 3.661343 3.433760 2.878363 3.319452 3.023521 3.065429 2.704436 2.431383 2.384606 2.359301 2.283612 1.872601 1.523949 1.328972 1.278093 1.287597 4.226507 4.175391 4.188424 1.528073 1.650603 1.840089 2.223234 2.550314 2.872471 3.352295 3.952043 4.629696 4.223349 6.028348 6.999353 7.176994 6.612636 6.103713 5.787546 5.709899 5.592030 5.652396 6.185934 6.138085 6.060483 5.971121 6.144327 6.258956 5.925558 6.793729 6.459058 6.128361 5.807316 5.282620
5.083103 5.117199 5.482661 6.638481 6.344259 5.686849 5.091260 4.623401 4.162881 3.677207 3.273774 3.035272 3.055748 2.878966 2.367904 2.728812 2.720979 2.752665 2.295226 2.122477 2.082072 2.040178 1.994829 1.875398 1.494191 1.289700 1.235930 1.248508 1.274187 1.330801 1.402752 1.584498 1.746154 1.861368 2.053555 2.415114 2.858278 3.372144 3.864414 3.312564 3.378504 6.478487 6.703382 6.764632 6.059623 5.477203 5.107439 4.962374 4.870450 4.984357 5.430323 5.599476 5.515222 5.237089 5.305097 5.577138 5.343269 6.024593 5.857913 5.546504 5.264975 4.741140
4.601047 4.787519 5.436793 6.235060 5.825275 5.112337 4.482807 4.033088 3.556488 3.158040 2.917340 2.712545 2.677828 2.541046 2.047763 2.379224 2.462105 2.447531 1.986302 1.742329 1.682896 1.650482 1.661948 1.416906 1.194371 1.070918 1.072252 1.161831 1.286101 1.409733 1.560436 1.777872 1.876577 1.895295 2.058941 2.533806 3.044525 3.370787 3.564499 2.714079 4.257918 6.523258 7.038873 6.395217 5.565837 4.867719 4.472158 4.269741 4.134262 4.167900 4.424000 4.884606 4.951264 4.757978 4.608111 4.851308 4.882078 5.443653 5.330627 5.037212 4.744860 4.346281
4.302399 4.369671 5.638890 5.980045 5.309286 4.504759 3.778510 3.394350 3.003789 2.730917 2.541859 2.434479 2.221975 2.226075 1.835422 2.076571 2.471795 2.113476 1.641464 1.444716 1.400973 1.359600 1.139570 0.698983 0.574305 0.641669 0.830737 1.039954 1.260779 1.491813 1.665180 1.786349 1.806709 1.916668 2.274897 2.799457 3.250861 3.522514 2.789322 2.647264 5.963081 6.734645 6.882676 6.100190 5.186520 4.377808 3.909880 3.741608 3.625271 3.642459 3.714338 4.041602 4.308958 4.332679 4.197837 4.332037 4.430756 4.949475 4.868409 4.578199 4.250519 3.897365
4.095815 3.615714 5.560562 5.432874 4.729278 3.810565 3.148003 2.638739 2.268064 2.112942 2.099910 1.738329 1.625857 2.011991 1.751501 1.886302 2.115250 1.413840 1.175604 0.891371 0.622496 0.240529 -0.001230 -0.001085 -0.000994 -0.000973 0.369534 0.803205 1.128838 1.415324 1.591815 1.751511 1.989763 2.382544 2.837641 3.113310 3.567090 3.610702 1.379376 4.384803 6.602005 6.701531 6.644434 5.797759 4.894467 4.069666 3.548708 3.328278 3.246309 3.216286 3.260767 3.355327 3.589415 3.710120 3.779555 3.957643 3.989083 4.498903 4.354029 3.977869 3.545531 3.138891
4.070628 4.132955 5.491969 5.145413 4.253440 3.199812 2.320455 1.797837 1.412563 1.212114 1.145678 1.964867 2.092798 1.497780 2.071617 2.059160 2.052843 -0.001601 -0.001506 -0.001553 -0.001503 -0.001127 -0.001006 -0.000998 -0.000942 -0.001052 -0.001044 0.558705 0.904917 1.295997 1.683237 2.208563 2.752913 4.420599 4.632916 4.568137 4.280933 3.689287 3.297837 5.945404 6.985055 6.756716 6.458921 5.521882 4.607474 3.808819 3.272320 2.926107 2.725515 2.752385 2.789642 2.785576 2.870604 2.973009 3.151008 3.416987 3.493750 4.031345 4.031775 3.684547 3.225420 3.168006
4.113224 4.360863 5.362904 4.909897 3.988525 2.913935 7.088232 5.853679 1.128640 1.407177 6.935894 0.440153 1.447796 1.711257 1.665861 1.631630 1.685205 -0.002201 -0.001869 5.585953 5.287133 -0.001041 5.327059 6.853226 8.046753 8.523804 8.578456 8.633669 1.571067 1.984093 2.479318 2.830199 4.524413 4.764015 5.083595 5.347110 5.056666 4.305321 6.091369 3.843912 7.156075 7.038592 6.519485 5.600300 4.639696 3.777869 3.226289 2.763811 2.374118 2.157278 2.708600 2.211118 2.541954 2.448418 2.570852 2.888105 2.969825 3.483494 3.617013 3.346170 2.988676 2.583527
4.466197 4.464032 5.284315 4.771069 3.840610 8.883675 7.914455 6.038123 5.342775 5.325081 4.444440 5.050836 7.486975 1.470518 1.272071 1.109771 0.288185 -0.002054 -0.000441 -0.000320 4.960615 7.168047 9.407372 10.499151 3.223749 3.364808 3.547599 3.744399 3.966043 4.244180 4.530817 4.601431 4.682502 4.574859 5.157133 6.108794 6.239102 6.309265 6.402251 7.052340 7.106271 7.035048 6.828288 6.149101 4.996500 4.171265 3.507634 2.902882 2.338832 2.498196 6.967333 2.147855 1.727107 2.602282 2.308261 2.377860 2.446603 2.918794 3.554332 3.187725 2.516345 2.208537
4.417429 4.888290 4.807411 4.477189 3.606118 2.128590 5.849484 4.900719 5.103952 3.747651 2.874737 3.730690 6.198355 0.866769 6.623344 5.903785 4.734162 -0.001119 -0.000713 0.224277 8.212745 10.143039 3.241052 3.452409 3.683102 3.782379 3.994803 4.286103 4.545816 4.778210 3.938464 4.290744 4.810731 5.563264 11.529144 11.861312 7.046434 6.727129 6.716909 6.750325 6.660374 6.823211 6.535498 6.345433 5.359135 4.604875 3.801187 3.112003 2.417330 1.704163 1.918429 6.583038 2.195706 2.412509 2.393688 2.325983 2.029854 2.424959 3.336644 2.619750 2.085561 2.067367
4.177555 4.536371 4.551998 4.123351 3.441774 2.128782 5.490788 4.649595 2.860027 -0.000599 -0.000607 2.714454 5.236630 6.055718 4.860867 4.617874 4.482297 -0.001076 6.736710 9.144470 10.600161 11.266430 3.238995 3.465395 3.996309 4.361254 4.738864 5.028378 5.309503 4.491209 4.940415 11.410880 11.672891 12.021347 7.090871 7.475381 7.147743 6.572454 6.477792 6.385347 6.599116 6.159189 5.928248 5.940928 5.617108 4.919558 4.147451 3.390641 2.680056 1.963778 2.624524 7.464822 7.472234 7.521509 2.021133 2.184617 1.721646 2.023417 2.648325 2.847261 2.163763 1.597978
4.413274 4.427793 4.186045 3.937807 3.154889 -0.002517 9.246491 7.843992 5.996517 5.945709 6.536154 7.258530 7.928847 6.771188 4.812565 5.343697 5.391529 5.805288 8.933439 10.342084 10.980181 3.222837 3.449238 3.517434 3.914202 4.713624 5.442648 5.804195 5.245662 5.518602 11.918136 12.139523 12.483777 7.607726 6.626809 3.784048 10.044474 7.087777 6.670872 6.356835 6.017956 5.562798 5.075491 5.297979 4.951951 4.399388 3.650922 3.045005 3.035994 2.223283 3.015168 3.158151 9.266914 7.382859 1.851929 8.975512 9.826456 9.541102 1.655695 2.208180 1.813975 0.568015
4.707529 4.534535 3.822098 3.580461 2.119345 8.230317 8.715226 8.704990 7.490292 8.299442 8.600640 7.846833 7.415115 5.927225 4.841647 5.292215 5.259251 7.650068 9.971001 10.610705 2.932416 3.288130 3.631039 3.756059 3.831157 3.950992 4.998151 11.622555 12.004882 12.332370 12.643638 12.833094 7.868432 8.030758 3.710067 7.276084 9.593286 6.779201 6.450009 5.965510 5.470178 5.062568 4.457510 4.529446 4.792630 4.111308 3.518235 2.689036 2.376629 -0.002479 1.862370 3.456287 3.017829 2.402202 7.907493 7.735466 8.424892 1.433408 1.346164 1.924770 1.687559 -0.001223
4.545819 4.394587 3.567843 2.478569 -0.002466 -0.001435 5.475168 4.836819 4.448416 4.802810 4.721924 4.210292 4.137138 4.791087 5.739015 7.661045 8.824939 10.128727 11.154561 11.850144 12.395485 4.045078 4.506427 4.754439 3.972768 4.257329 5.092402 6.069514 12.415573 12.826825 13.109313 13.013386 8.090124 7.697005 9.771661 6.995050 6.498617 6.027319 6.044276 5.818873 5.238468 4.739965 4.066529 3.931367 4.060318 3.907852 2.893750 2.124500 1.814550 -0.002683 -0.002777 -0.002778 1.998448 2.008405 1.832834 6.833591 7.390936 8.186514 1.287060 1.522831 1.631910 1.517964
4.409361 3.658018 3.349737 -0.002315 -0.001293 -0.001790 2.397688 2.347939 2.309857 2.238814 1.974645 2.683574 4.745462 6.762000 8.912336 10.130822 11.130481 11.841797 12.480422 13.326928 4.308150 4.759113 5.214048 5.653508 4.814299 5.103061 5.639725 6.402518 12.340957 12.890047 13.134447 12.834852 7.971778 9.978911 7.012983 6.453604 5.929312 5.209158 4.985557 5.241288 4.985351 4.469392 3.785057 3.275175 3.247383 2.938370 1.978134 1.968602 0.110341 1.686299 1.189833 0.883289 5.862372 0.793617 1.452537 8.065349 8.486675 8.561003 7.523731 1.100470 1.200384 1.422483
3.290617 3.350230 1.466786 -0.001260 -0.001039 -0.002497 -0.000465 -0.002396 -0.002445 -0.000431 -0.000486 3.664514 6.154156 7.716090 9.655986 10.673110 11.379382 12.109481 3.540470 3.789655 3.975618 4.388890 4.732939 5.184621 5.154588 6.478401 12.492252 12.476962 12.506828 13.030767 13.159009 12.137789 10.201219 9.003112 6.550220 5.906086 5.322771 4.648867 4.112200 4.134744 4.314939 4.114928 3.533378 2.989527 2.621179 2.135489 2.171944 1.485804 1.199960 0.000037 -0.000746 4.444390 5.173658 5.529992 -0.000300 7.106444 7.891739 7.359758 6.426611 0.824839 0.929243 1.363431
3.438957 2.342772 1.276437 5.057609 3.643806 2.919077 -0.000414 -0.000520 -0.000610 -0.000596 -0.000645 5.233261 7.219060 7.727088 8.070530 9.064944 10.181710 10.810954 11.168022 11.185552 10.448134 2.860041 3.040104 3.486037 4.328659 5.072699 6.084141 12.317428 12.773678 12.812945 12.431773 8.108456 7.611196 6.844124 6.067615 5.372868 4.743552 4.107074 3.600333 3.333277 3.215340 3.607012 2.944722 1.981224 1.631185 2.402413 2.126786 1.646809 0.848559 -0.001197 -0.001557 4.928248 5.420238 4.967732 4.582829 5.476222 6.069335 5.612114 5.591290 6.416282 1.231004 8.390508
