geotop_simulations/templates/TEST_Venosta_3D_034_template/rec/SoilPressure0000L0004.asc
ncols         252
nrows         194
xllcorner     598250.000000
yllcorner     5144500.000000
cellsize      250.000000
NODATA_value  -9999.0
[rows 48 to 71 of 194, columns 54 to 107 of 252]
-2427.286069 -1927.815972 -2120.149081 -2270.816012 -2386.583985 -1326.318049 -1272.888753 -1250.915310 -1204.663237 -1214.879043 -1229.077579 -1594.673991 -1676.092576 -1505.007000 -1216.856222 -1219.754919 -1274.996980 -1257.104456 -1289.033697 -1324.529334 -634.838734 515.205236 -2211.286978 -2258.197105 -1718.203355 -2318.035054 -2391.517780 -1661.420861 -1589.394442 -1486.184912 -1399.035780 -1495.196448 -2497.724954 -2513.889986 -1301.465805 -2218.608303 -2354.483566 -2547.500573 -2629.131399 -2419.154598 -1962.831207 -1158.425033 -1060.629357 -1021.791422 -1197.509963 -1240.816452 -1144.059187 -1177.769723 -1228.629987 -1238.459945 -1325.559170 -1389.802761 -1435.895202 -2574.495699
-2372.402071 -1845.441954 -1990.265102 -1879.261701 -1685.716310 -1161.962657 -1216.076898 -1266.830011 -1233.996194 -1216.708149 -1222.925290 -1614.570520 -1716.095643 -1557.122060 -1160.506983 -1246.008907 -1206.791673 -1241.123465 -1293.587394 -1334.727802 -1766.254808 506.781270 -2031.196309 -2108.013597 -1619.427710 -2217.380923 -2304.608875 -2339.979065 -1546.226123 -1487.212551 -1428.308143 -1402.154941 -2345.739874 -2350.800185 -2455.986862 -2508.688281 -2555.121190 -2590.993756 -2566.107274 -2519.911175 -2168.250343 -1067.181957 -1005.620071 -1034.716140 -1003.627615 -1113.328253 -1144.511905 -1246.971331 -1234.357857 -1237.885473 -1320.366685 -1437.738794 -2669.648491 -2719.918232
-2101.721395 -1804.087323 -1845.366112 -1173.223271 -1126.085509 -1154.235430 -1261.659563 -1289.635712 -1284.924180 -1267.662113 -1267.966347 -1278.275164 -1826.636091 -1723.231045 -1234.521859 -1198.786371 -1218.503387 -1278.870859 -1332.050023 -1376.535809 -1885.801772 471.623464 -2196.063299 -1739.296304 -1748.519740 -2514.408988 -1787.838722 -1659.639086 -1603.955934 -1551.500512 -1516.497954 -1452.189865 -1295.873036 -2136.352955 -2418.082612 -2417.806246 -2503.488846 -2538.080279 -2500.105346 -2341.223561 -1155.169730 -1245.977027 -927.728161 -843.744475 -935.362550 -1129.277364 -1235.998523 -1259.497535 -1236.824082 -1276.435900 -2388.932475 -2557.704303 -2627.534772 -2747.545723
-1603.509780 -1635.509483 -1768.644418 -1210.565747 -1213.655042 -1271.198150 -1254.975255 -1284.127032 -1297.556396 -1284.560060 -2056.586674 -1993.442791 -1910.484879 -1151.178360 -1179.888150 -1205.710314 -1255.482811 -1320.619505 -1375.949403 -1435.626496 -1935.358858 55.439771 -1330.532469 -1914.344637 -1943.920729 -2280.709314 -2056.156117 -1741.212057 -1549.670299 -1438.479175 -1366.408957 -1316.389192 -1280.400532 -2380.811875 -2826.133988 -2849.413758 -2809.918042 -2731.128155 -2559.669537 -2339.916688 -1183.491136 -1166.429259 -1167.025229 -1196.637425 -1254.352518 -1225.143696 -1270.579127 -1291.188041 -1314.411686 -2535.043705 -2474.911983 -2527.545859 -2649.877052 -1133.081401
-1593.058256 -1765.674920 -1897.507794 -2004.056518 -1215.490339 -1251.672365 -1198.711712 -1201.457496 -1216.319802 -1208.024521 -1565.447133 -1541.146941 -1551.225435 -1144.198557 -1194.453879 -1258.258651 -1329.583607 -1390.928560 -1990.545747 -2048.013783 -2168.646530 2107.601749 140.095423 -2148.331015 -2809.263322 -2507.139775 -2380.353446 -2216.731311 -2145.728206 -2050.757422 -2823.107759 -2817.128674 -2834.979382 -2917.200069 -2941.882786 -2876.245669 -2810.221435 -2640.389702 -2525.995063 -2375.843184 -1223.737004 -1196.680283 -1344.976180 -1262.836300 -1321.557885 -1333.902820 -2610.752622 -2744.142758 -1419.950844 -2631.657590 -2547.159445 -2536.263754 -1321.346692 -943.394732
-2098.906296 -2190.801348 -1982.243789 -1713.164434 -1167.492110 -1195.873517 -1179.870803 -1165.643567 -1177.550583 -1190.383021 -1487.670364 -1570.829611 -1678.127864 -1379.361865 -1308.685920 -1448.626768 -1591.254054 -1680.161287 -1649.902759 -2372.408496 -2405.352759 9236.984843 7521.007237 193.674231 -3111.539296 -3125.932020 -2476.409238 -2403.459663 -2427.923055 -2403.060400 -2171.163373 -1935.207072 -1841.628754 -2983.808918 -2925.024746 -2821.919962 -2704.524208 -2641.181862 -2464.130097 -2250.233524 -2145.604512 -2011.761991 -1360.782715 -1379.725047 -2747.591237 -2769.445392 -2797.101537 -2812.087609 -2815.555503 -2735.562576 -2634.271281 -2636.791226 -1287.417162 -953.396619
-2123.782501 -2085.321626 -1769.725208 -1509.861256 -1449.159272 -1197.058420 -1186.224432 -1193.166609 -1194.721233 -1194.048244 -1674.483222 -1713.083332 -2058.651146 -1503.799073 -1534.851372 -1697.113196 -1888.172284 -2038.294437 -2070.295432 -2158.688393 335.889732 12950.850809 10956.480766 3010.447796 -3229.845708 -3198.418810 -2594.238727 -2614.081551 -2602.450080 -2503.660821 -2379.155280 -2186.912199 -2204.584998 -2021.967187 -2939.698456 -2817.363101 -2742.175959 -2626.334339 -2407.298854 -2298.068748 -2053.073113 -1239.219023 -1359.019060 -1357.772462 -2786.940268 -2817.526366 -2847.088188 -2866.346113 -2891.245888 -2873.260314 -2790.413098 -1427.379997 -1322.963785 -969.430633
-1616.788287 -1639.915839 -1862.652274 -2322.076655 -1261.433890 -1279.092215 -1271.926882 -1292.472569 -1370.544463 -1375.590460 -1367.982497 -1377.114565 -1385.269910 -2764.834163 -1964.249964 -2087.578524 -2270.281915 -2307.308441 -2456.454293 -2687.931367 453.306568 13090.687772 10386.229351 1467.701909 -2893.027971 -2855.293392 -2744.194965 -2768.730466 -2740.418636 -2658.376560 -2390.159759 -2330.453781 -2448.770209 -3065.883633 -2882.240920 -2915.202064 -2718.756147 -2554.236161 -2308.761145 -1962.461851 -1232.009455 -1259.614839 -1400.821364 -2781.723019 -2776.443686 -2831.956031 -2875.769886 -2916.489923 -2932.005749 -2917.167146 -2898.487846 -1257.305477 -1122.990261 -1043.578153
-1333.977375 -1386.356806 -1378.277319 -1408.918068 -2969.527149 -3001.748135 -1414.047038 -1419.824044 -1462.899593 -1479.507863 -1482.327118 -1474.580166 -2903.071032 -2904.579873 -2192.382569 -2251.637620 -2418.803314 -2456.115890 -2577.245502 -2863.036220 -2955.122787 11096.318781 5310.073148 126.031868 -2957.430753 -2930.671652 -2892.466176 -2882.557373 -2757.044510 -2392.995166 -2295.371052 -2688.605858 -2692.517266 -2992.329415 -3051.751923 -2781.233007 -1639.921382 -2467.482308 -2273.875273 -1938.316077 -1295.618021 -1364.820614 -2947.107281 -2901.101399 -2811.424891 -2848.887740 -2899.758620 -2961.519759 -2961.890139 -2936.151687 -1410.092460 -1061.014102 -922.404251 -1008.293631
-1439.948500 -1491.299023 -1451.847941 -2972.006053 -2982.933266 -3030.256604 -3041.860629 -1507.973758 -1503.071438 -1517.185861 -3051.681786 -3068.595313 -3074.433553 -3070.367672 -2412.094782 -2518.781704 -2639.270933 -3017.722443 -2749.639727 -2959.893919 -1891.659036 9947.154585 4551.745997 -3290.689038 -3069.992613 -3046.797858 -3366.552103 -3234.881320 -2709.240451 -2601.085916 -2890.858853 -2898.671237 -2877.238266 -2237.261413 -3128.853384 -1742.827527 -1732.676084 -2154.128575 -1241.763952 -1295.581630 -1438.584202 -2949.288031 -3044.858773 -3023.986246 -2959.178040 -2931.078999 -2949.902311 -2971.638358 -2963.393455 -2960.977844 -1632.040083 -1266.269135 -956.491773 -1028.187373
-2987.073711 -3046.444314 -3045.822501 -3016.340172 -3005.798140 -3050.781741 -3072.416466 -3094.991672 -3109.239591 -3107.555839 -3119.325859 -3142.056575 -3171.691573 -2533.458927 -2616.547773 -2696.826837 -3168.123728 -2774.838230 -2763.378020 -2962.695513 -1789.572990 9160.058729 6884.876476 -412.861421 -3516.427094 -3142.458867 -3115.723727 -3006.680757 -2938.386969 -3011.693639 -3095.945656 -3009.965841 -3009.681576 -3328.471430 -2383.463848 -2117.443080 -2739.466117 -2738.723530 -1315.622952 -1391.533204 -3040.468556 -3067.413734 -3106.340956 -3095.131147 -3040.068119 -3019.035021 -2984.234932 -2946.617391 -2973.088793 -2167.545592 -1327.055323 -1090.379977 -1093.908231 -1301.191677
-2749.731860 -2824.740873 -2867.801713 -3012.653484 -3111.686230 -3166.990779 -3166.677652 -3161.932185 -3171.290497 -3190.308096 -3186.686933 -3206.118687 -3224.893623 -2706.328353 -2771.480523 -3123.174829 -2677.508701 -2764.720505 -2873.247221 -3043.529404 -3159.949684 6952.041181 7206.828660 -604.508758 -3547.981976 -3548.877944 -3520.214879 -3158.251737 -3176.997508 -3193.795572 -3183.187564 -3129.974355 -3434.058746 -3063.020206 -2169.577953 -2199.798510 -2844.120510 -2827.906252 -1388.865129 -1511.923692 -3097.537123 -3128.960669 -3146.988369 -3127.377341 -3097.491427 -3060.185542 -3014.464067 -2984.535323 -2239.367540 -1472.525740 -1212.874539 -1089.955934 -1223.481723 -1172.356117
-2197.562197 -2100.584425 -2250.077999 -2393.990908 -2550.896590 -2893.348114 -3213.004247 -3242.933824 -3243.267331 -3233.006698 -3257.621084 -2714.252531 -2782.787180 -3099.196450 -2468.831832 -2537.115529 -2641.305902 -2706.206688 -2918.549794 -3105.572600 -3203.982525 2230.664554 5343.051259 -3349.512348 -3579.541640 -3597.750500 -3592.439805 -3265.201759 -3288.000522 -3767.486413 -3265.963144 -3610.405313 -3298.344924 -2222.307491 -1891.410923 -2381.547374 -2511.586827 -1313.639294 -1475.354287 -3172.951737 -3178.801749 -3173.412263 -3159.613304 -3153.002400 -3131.189571 -3096.925896 -3049.330833 -2397.633458 -1681.553544 -1387.190322 -1158.350633 -1137.502099 -1364.944881 -1448.098587
-1426.816694 -1385.066956 -1485.560186 -1710.998017 -2127.018959 -2276.392475 -2563.396745 -3043.252840 -3244.772801 -3167.929158 88.499475 -3038.626982 -2910.014881 -2199.385313 -2402.851380 -2774.191332 -2803.930189 -2860.017790 -3012.386521 -3176.121842 -3261.849244 -1938.460092 1726.642760 -3638.979919 -3635.677643 -3627.316902 -3625.846332 -3690.046844 -3734.420731 -3708.769287 -3671.073001 -3532.949856 -2744.083244 -2482.880327 -2392.170995 -2882.731341 -1354.370893 -1504.081073 -3202.581573 -3231.402500 -3212.461295 -3198.619725 -3186.575373 -3178.373660 -3161.162401 -3137.157051 -3082.419684 -2345.727302 -1532.723107 -1342.251137 -1137.575145 -1113.973524 -1337.825500 -1191.824012
-1266.947662 -1108.288940 -1200.755878 -1309.198829 -1374.188507 -2951.672021 -2959.658753 -2989.528876 -2974.757281 -2794.563684 -2779.481183 -2140.505355 -2118.524755 -2286.572403 -2687.555170 -3226.920527 -2910.882832 -3023.676071 -3122.875339 -3271.089369 -3342.097768 -3403.714615 629.077360 -3692.584805 -3695.350574 -3691.572398 -3696.083094 -3716.054006 -3711.885757 -3697.619162 -3661.262477 -3589.399013 -3068.019158 -2936.241181 -3182.233640 -3164.440582 -1659.802087 -3248.388016 -3267.466728 -3263.567856 -3238.024242 -3220.242643 -3208.977738 -3201.412437 -3181.776699 -3159.104868 -2767.549298 -2134.268064 -1593.898400 -1337.884866 -1174.171279 -1223.451116 -1286.077659 -1302.016533
-1373.724988 -1394.384487 -1465.096178 -1603.997422 -1682.675161 -1677.623654 -3255.930408 -3169.107320 -2993.092679 -2852.839175 -2302.538829 -2430.315931 -2512.447873 -3169.410895 -3257.057652 -1620.672478 -3282.623370 -3114.112282 -3204.735245 -3356.964017 -3533.613693 -3471.811479 404.551948 -3744.610764 -3747.823454 -3747.024709 -3741.510713 -3737.879250 -3671.717967 -3576.239076 -3556.047987 -3575.928749 -3141.392335 -3014.780486 -3190.459586 -3219.499376 -3294.298621 -3303.905218 -3298.309616 -3278.390715 -3257.891211 -3240.846816 -3230.277694 -3218.730641 -3190.107769 -3081.770044 -2450.011647 -1624.792297 -1284.747988 -1293.678521 -1215.405453 -1340.581717 -1286.938694 -1133.046176
-1492.752843 -1501.216993 -1560.819982 -1679.598141 -3354.794263 -3340.820622 -3125.588089 -3183.798049 -3018.067667 -2437.717008 -2562.509309 -3182.515100 -3230.997120 -3297.658465 -3323.737376 -1653.006749 -3336.461906 -3226.771205 -3311.539039 -3432.821116 -3597.234250 -3539.620475 347.983654 -3790.614011 -3792.993421 -3789.982143 -3782.663131 -3762.544782 -3654.914127 -3285.147475 -3172.102329 -3062.061738 -2972.364012 -2969.003269 -2996.860992 -3297.165833 -3329.079299 -3335.307067 -3322.100181 -3302.321530 -3283.914474 -3264.829928 -3245.629854 -3218.549095 -3259.334461 -2694.061185 -1811.092718 -1463.098039 -1318.283792 -1047.204162 -1361.327126 -1303.240944 -1192.646347 -1348.530247
-1586.855091 -3289.555679 -3304.964025 -3349.571385 -3387.052340 -3373.191022 261.096330 -3010.029014 -2326.409536 -3054.473171 -3074.092527 -3144.460252 -3267.909186 -3368.448374 -1671.752648 -3396.022229 -3419.593846 -3342.598295 -3417.792269 -3610.362810 -3546.846523 -3601.529914 350.890283 -3836.162834 -3838.116662 -3836.753052 -3831.918901 -3809.773680 -3437.708987 -3364.654572 -3278.746250 -3115.756943 -3036.709508 -3144.777086 -3200.927768 -3373.990985 -3362.705067 -3363.013064 -3347.860957 -3320.373969 -3302.599645 -3279.829576 -3588.633135 -3335.229031 -2910.704271 -1746.541687 -1668.549852 -1365.035808 -1128.737185 -1237.015075 -1345.547443 -1215.930423 -1330.500767 -1349.836228
-1663.016775 -3259.331893 -3286.164904 -3315.632983 -3320.985625 648.946832 -2911.195846 -3018.718958 -3045.567378 -3096.579899 -3185.394532 -3285.087392 -1686.083104 -1766.758752 -1733.518317 -3470.913068 -3494.050014 -3430.869603 -3502.862453 -3693.279087 -3622.888454 -3655.283693 367.308571 -3879.565035 -3878.425725 -3871.791131 -3869.961093 -3845.265695 -3782.636728 -3437.862006 -3383.848051 -3337.682609 -3323.185589 -3316.162240 -3299.821185 -3254.136564 -3227.582878 -3392.139719 -3366.878774 -3339.553054 -3680.726825 -3617.374330 -3331.644989 -2953.545029 -1877.684691 -1772.703488 -1520.441987 -1314.224347 -1663.533577 -1718.417266 -2117.301138 -1328.336756 -1365.936617 -1370.147445
-1745.611734 -3313.714551 -3306.841389 -3275.982267 -3182.363621 -3082.254508 -3090.732336 -3162.082222 -3214.214805 -3322.578216 -1778.108458 -1824.920023 -1835.803264 -1856.559819 -3510.593418 -3529.363987 -3561.911939 -3507.551817 -3557.803630 -3725.740763 -3679.466592 -3926.589667 389.976007 -3916.116200 -3911.378663 -3913.395076 -3903.798968 -3891.162626 -3856.235829 -3498.002014 -3434.041538 -3423.306276 -3412.512651 -3386.646402 -3353.385998 -3334.363517 -3307.950326 -3295.685438 -3756.746301 -3699.469849 -3495.976051 -3295.005984 -2835.773571 -1971.833408 -1924.175366 -1677.362152 -2293.370160 -2172.352396 -2132.110510 -2456.582100 -2784.371075 -1449.518332 -1425.137914 -1457.371081
-3367.698143 -3385.278439 -3369.144444 -3280.138991 -3166.246315 -3143.084402 -3170.613735 -3195.226021 -3317.863026 -3474.245108 -1869.163348 -1889.465740 -3557.488773 -3573.600498 -3563.680775 -3580.854828 -3551.184436 -3573.301138 -3608.425425 -3651.593099 -3837.324359 -3967.291343 54.951555 -3952.044898 -3951.175143 -3950.921101 -3937.163497 -3921.363663 -3903.388845 -3552.351256 -3492.011580 -3482.667742 -3469.222918 -3443.482289 -3406.427652 -3387.171748 -3362.920593 -3777.951158 -3705.961089 -3367.943944 -3091.823669 -2292.073619 -1911.280693 -1800.132259 -1612.522621 -1447.483751 -1390.132928 -2356.547252 -2617.348626 -2948.171632 -2998.330282 -3009.073997 -2997.188494 -3003.130217
-3369.916163 -3394.587560 -3356.699792 -3262.525042 -3221.149409 -3231.395271 -3239.875192 -3308.997265 -3432.150548 -1826.156830 -3555.522450 -3581.996858 -3604.048994 -3618.458702 -3622.318302 -3642.942257 -3681.397322 -3656.244527 -3678.577061 -3715.355322 -3767.986927 -3972.447650 -3758.397735 -3988.238919 -3980.100668 -3968.461226 -3948.294120 -3928.823612 -3921.599829 -3876.277311 -3547.705863 -3533.652797 -3520.822864 -3905.900313 -3879.096760 -3825.564067 -3745.858808 -3556.886606 -3263.123105 -2474.480242 -2206.790380 -1943.922900 -1914.378969 -1764.838640 -1526.529763 -2051.855936 -1316.548467 -2612.253084 -3024.288741 -3083.143885 -3068.788003 -3049.443595 -3053.125496 -3046.432676
-3365.184711 -3379.693654 -3358.476568 -3344.529681 -3330.332575 -3314.677125 -3354.238972 -3453.485526 -1824.378533 -1846.382164 -3587.554683 -3626.504736 -3650.063931 -3660.166464 -3672.460624 -3646.158747 -3700.092002 -3726.842719 -3751.768032 -3867.419081 -3815.116976 363.204423 162.215851 -4011.861311 -4001.128090 -3984.079642 -3964.490053 -3950.936790 -3935.479538 -3902.991757 -3858.164040 -3902.863861 -3931.329427 -3909.188979 -3858.988297 -3663.589139 -3168.308129 -2920.590215 -2563.887792 -2266.348389 -2000.975222 -1871.004593 -1749.069342 -1711.543089 -2473.400063 -2527.963850 -2861.184522 -3079.218478 -3128.785551 -3133.017096 -3082.957184 -3071.734381 -3079.435671 -3090.754197
-3356.649430 -3402.037039 -3408.641324 -3407.309881 -3436.902757 -3453.086295 -3479.794747 -3535.733101 -1901.407327 -1918.057987 -2019.061826 -3648.924032 -3683.435563 -3698.474720 -3615.360914 -3705.308428 -3760.040878 -3789.493455 -3817.867238 -3821.486713 -3867.347978 341.064880 213.450857 -4037.992509 -4025.386800 -4010.460746 -3996.338012 -3978.093453 -3952.195624 -3931.059043 -3913.959547 -3612.977808 -3900.794677 -3415.109030 -3236.571054 -3063.029515 -2976.101555 -2779.779427 -2416.024481 -2077.109540 -2022.298469 -1791.912813 -2417.078818 -2317.723231 -2406.315501 -2952.813531 -3131.415000 -3181.312472 -3158.852462 -3122.018950 -3107.114697 -3106.064102 -3120.877548 -3133.458510
