geotop_simulations/templates/TEST_Venosta_3D_034_template/rec/SoilTemperature0000L0007.old.asc
ncols         252
nrows         194
xllcorner     598250.000000
yllcorner     5144500.000000
cellsize      250.000000
NODATA_value  -9999.0
[rows 140 to 167 of 194, columns 124 to 185 of 252]
2.966522 2.448887 1.273620 7.234686 6.739019 5.833192 4.406286 2.136352 -0.003830 -0.001583 5.454181 6.378346 7.585715 9.033985 8.649917 7.453283 7.094858 7.759137 8.336293 8.567023 9.041064 10.017279 3.536771 4.045477 4.784604 5.602130 6.384816 12.815101 13.171633 12.819530 11.855939 7.995943 7.432691 6.558621 5.628548 4.833462 4.269321 3.655226 3.054213 2.799006 2.509640 2.128100 2.057867 1.406825 1.413033 7.797301 7.692530 6.339444 -0.003966 5.253337 4.168562 4.622008 4.718513 3.985226 3.795413 4.774090 5.142063 4.867581 5.000329 5.404093 6.899909 -9999.0
2.758545 1.225394 -0.004006 8.572733 8.757113 8.119827 6.988204 6.105852 7.848332 8.124319 8.013356 6.963997 7.163718 9.352859 10.808618 10.279946 9.066607 8.416309 8.617857 9.589199 11.375981 13.264011 14.440947 5.649715 5.136054 5.810020 6.676096 7.108143 12.919369 12.900946 8.577859 7.982806 7.111271 6.188757 5.271895 4.434190 3.840406 3.276945 2.674078 2.106995 1.639221 1.352016 -0.002838 -0.003246 -0.002842 4.633679 4.281189 3.750667 3.683933 4.011261 3.509810 3.917737 3.875721 2.828386 2.349000 3.726250 4.419861 4.525336 5.461433 -9999.0 -9999.0 -9999.0
1.044135 -0.003914 -0.007235 -0.007738 -0.020689 5.890820 5.752495 7.648731 9.638249 9.585776 9.229444 9.491948 9.734497 10.693083 12.009844 12.239386 12.357194 12.918700 13.203929 13.873585 14.366677 14.515957 6.046272 6.087175 5.423519 5.909390 6.537597 7.132453 13.018737 8.654208 8.416289 7.680023 6.868417 5.936493 5.161991 4.632470 4.133441 3.490342 2.765108 2.799242 1.264749 -0.002732 3.861042 3.459844 3.136894 3.095138 3.067656 3.266686 3.092807 3.422836 3.003086 3.377343 3.412703 -0.002776 -0.002003 4.564382 -9999.0 -9999.0 -9999.0 -9999.0 -9999.0 -9999.0
-0.004614 -0.021244 -0.032051 -0.032331 -0.033524 -0.012203 4.449585 9.555551 11.036936 9.867492 9.943303 10.773455 11.824959 12.603482 13.015656 13.475045 4.948871 14.037327 14.549884 5.794384 5.992000 6.215617 5.053810 5.503477 5.931556 6.107799 6.364852 7.239068 8.399849 8.389494 7.941316 7.508896 6.773305 6.084510 5.574574 5.109457 5.746815 4.902184 4.115616 3.180765 1.594848 4.917403 5.113678 5.002467 4.564812 3.929981 3.865454 4.779119 4.287918 3.446370 2.949379 3.110984 2.416639 0.673152 -9999.0 -9999.0 -9999.0 -9999.0 -9999.0 -9999.0 -9999.0 -9999.0
-0.026812 -0.032256 -0.034916 -0.035390 -0.057023 -0.008658 7.991755 10.879298 11.739603 9.922426 10.362745 11.750773 12.870236 13.874281 14.519215 14.937689 5.417840 5.740173 15.606861 6.281714 6.513987 5.162149 5.553512 5.934081 6.322203 6.317753 6.091808 7.492888 8.502250 8.119553 7.847932 7.065125 6.351225 5.814742 5.311506 4.694766 4.532784 3.942803 4.239089 3.535553 3.044347 2.746804 2.022186 -0.003930 -0.007936 4.151695 4.364187 5.281173 3.715259 2.712848 2.519771 -0.002640 -0.019744 -0.007767 -9999.0 -9999.0 -9999.0 -9999.0 -9999.0 -9999.0 -9999.0 -9999.0
3.715500 2.276635 -0.004492 -0.012375 -0.004621 5.607086 9.782607 11.542220 12.060117 10.295967 11.389637 12.504030 13.206839 14.220163 4.714526 5.280068 5.751662 6.182870 6.516782 5.047879 5.387193 5.700975 6.054741 6.463117 6.876909 7.045675 6.504504 7.760162 8.587069 8.205728 7.578562 6.656514 5.726018 5.000510 4.523862 3.871018 3.349010 2.957326 9.397290 3.792833 3.573151 3.327160 2.414029 -0.004758 4.191321 3.545874 3.712305 3.582603 1.431981 -0.001249 -0.007460 -0.003738 -0.001731 -0.001583 -9999.0 -9999.0 -9999.0 -9999.0 -9999.0 -9999.0 -9999.0 -9999.0
2.904771 1.128438 -0.052582 -0.012645 4.651554 6.490398 8.957172 11.803172 13.364189 11.980945 13.255010 13.703147 12.587217 12.633214 13.560667 4.934671 5.829445 6.508911 5.269776 5.586324 5.890693 6.179750 6.532954 6.987807 7.447460 7.823039 14.103859 8.118794 16.714887 8.091860 7.282151 6.342790 5.370824 4.450630 3.980692 3.240329 2.690675 7.659924 8.425850 2.075554 3.480294 2.921992 1.686704 -0.006955 4.651797 4.177903 3.838736 -0.092866 -0.008732 -0.011671 -0.007295 -9999.0 -9999.0 -9999.0 -9999.0 -9999.0 -9999.0 -9999.0 -9999.0 -9999.0 -9999.0 -9999.0
-0.005717 -1.389933 -0.004916 7.581538 8.784488 7.617961 7.183285 9.946437 13.900263 14.049126 13.970999 15.055403 14.648971 13.370540 13.167289 14.161637 5.321674 6.545360 5.726968 6.086616 6.388582 6.703025 7.041862 7.379650 7.902741 15.330632 14.910241 8.573637 14.206200 7.484405 6.646978 5.862833 4.953456 4.031442 3.081117 2.311756 6.224572 7.800625 6.945671 7.240211 0.691106 0.939453 -0.003599 -0.017180 5.172052 4.146597 3.532836 3.598914 -9999.0 -9999.0 -9999.0 -9999.0 -9999.0 -9999.0 -9999.0 -9999.0 -9999.0 -9999.0 -9999.0 -9999.0 -9999.0 -9999.0
-0.005637 2.945935 8.669074 9.488655 8.916654 8.436125 7.884916 9.850852 13.306904 15.316734 15.319602 15.842672 15.959545 16.004240 15.528341 15.674618 5.225593 5.198167 6.198846 6.670548 6.980166 7.282686 7.562574 15.151712 15.192419 8.729535 8.844182 8.394187 7.678712 6.851553 5.944152 5.197503 4.709209 3.535687 2.395970 1.626573 5.273126 5.945465 6.458058 6.132943 6.009354 -0.004464 6.945241 6.182417 4.621157 3.406434 3.867025 -9999.0 -9999.0 -9999.0 -9999.0 -9999.0 -9999.0 -9999.0 -9999.0 -9999.0 -9999.0 -9999.0 -9999.0 -9999.0 -9999.0 -9999.0
2.775093 7.026031 9.934976 10.506203 10.023526 10.677679 11.480005 10.465625 11.296284 14.137040 4.363503 5.350064 15.806861 16.341155 16.886860 17.297830 7.069817 7.277558 6.796485 15.358079 7.562503 7.846415 15.494714 15.430405 8.611812 13.355933 15.128892 7.921018 7.243648 6.418813 5.516297 4.723127 4.347864 3.780229 2.982412 2.256453 6.579225 6.017463 5.051091 4.972651 4.537776 4.530047 4.138135 4.105988 4.083520 4.284895 5.682823 -9999.0 -9999.0 -9999.0 -9999.0 -9999.0 -9999.0 -9999.0 -9999.0 -9999.0 -9999.0 -9999.0 -9999.0 -9999.0 -9999.0 -9999.0
-0.002850 5.974135 8.910139 11.101238 11.735523 12.457811 13.722142 11.667261 8.026386 8.783587 12.733019 16.172961 6.314095 6.645173 7.149885 5.663133 6.295469 6.896207 7.562212 7.964258 8.211832 15.943238 8.563281 8.584867 12.456975 8.138214 7.879442 7.457444 6.942663 6.307464 12.558786 12.363578 5.224725 4.448002 8.912312 8.243669 7.806454 6.898476 5.287271 4.089900 3.646972 3.126618 2.929570 3.174487 5.879877 -9999.0 -9999.0 -9999.0 -9999.0 -9999.0 -9999.0 -9999.0 -9999.0 -9999.0 -9999.0 -9999.0 -9999.0 -9999.0 -9999.0 -9999.0 -9999.0 -9999.0
-0.002701 4.072835 7.275458 10.861858 12.434594 14.183975 14.621888 14.960108 13.516971 10.980101 10.797705 12.516725 6.135230 7.356205 6.204730 6.536906 7.052661 7.639350 8.188186 8.570168 8.750551 8.713690 8.512857 8.150695 7.841715 7.435954 7.150768 6.779273 6.435069 6.284651 5.987095 13.639754 12.267891 11.406828 9.913033 8.511081 7.378039 6.560976 4.633636 2.957275 1.925468 -0.003609 -0.006846 -0.002399 -9999.0 -9999.0 -9999.0 -9999.0 -9999.0 -9999.0 -9999.0 -9999.0 -9999.0 -9999.0 -9999.0 -9999.0 -9999.0 -9999.0 -9999.0 -9999.0 -9999.0 -9999.0
1.634199 4.445065 6.556485 10.680900 13.362408 15.112437 15.559092 15.675395 15.541705 15.304403 14.385682 12.770812 5.795041 7.585190 7.027630 7.489375 7.903312 8.298443 8.579470 8.589355 8.335849 7.857940 7.522027 7.277248 7.119471 6.669968 6.162678 5.659140 5.261596 5.308853 5.447620 6.139408 5.685347 5.138832 10.201659 8.857184 7.572590 6.258209 3.245664 -0.007884 -0.004581 -0.022784 2.741437 -9999.0 -9999.0 -9999.0 -9999.0 -9999.0 -9999.0 -9999.0 -9999.0 -9999.0 -9999.0 -9999.0 -9999.0 -9999.0 -9999.0 -9999.0 -9999.0 -9999.0 -9999.0 -9999.0
7.137816 8.649407 9.325769 10.140751 14.031650 4.226937 5.100002 5.747860 6.141012 6.499790 6.856053 6.731399 6.781242 6.703382 7.685623 8.358608 8.752970 8.790134 8.335593 7.389946 6.781226 6.584491 6.360639 5.900576 6.040762 5.820110 5.183112 4.649107 4.092261 3.235608 4.251597 5.078733 5.592534 5.078237 4.308883 9.460865 8.132023 6.310063 4.793419 4.674022 -9999.0 -9999.0 -9999.0 -9999.0 -9999.0 -9999.0 -9999.0 -9999.0 -9999.0 -9999.0 -9999.0 -9999.0 -9999.0 -9999.0 -9999.0 -9999.0 -9999.0 -9999.0 -9999.0 -9999.0 -9999.0 -9999.0
9.261271 10.637148 10.756398 10.735753 12.594299 16.237697 5.314879 6.000915 6.354269 6.779798 7.206915 7.488775 7.854269 7.410130 8.241880 8.962183 9.136015 8.615676 7.215999 6.026489 5.333736 5.538719 5.764311 5.213684 4.858291 4.859483 4.407491 3.913594 3.554936 3.217009 3.480863 10.577226 5.012233 4.755791 4.210592 9.434470 7.911162 6.312611 6.532756 -9999.0 -9999.0 -9999.0 -9999.0 -9999.0 -9999.0 -9999.0 -9999.0 -9999.0 -9999.0 -9999.0 -9999.0 -9999.0 -9999.0 -9999.0 -9999.0 -9999.0 -9999.0 -9999.0 -9999.0 -9999.0 -9999.0 -9999.0
9.445245 10.816548 11.413976 11.700713 11.944408 13.083649 4.574185 5.953255 6.617444 7.255669 7.708296 8.033439 7.450413 8.079190 8.716061 9.102047 8.725145 6.588323 4.745274 5.121989 5.127395 5.010525 5.145818 4.702739 3.843082 3.889364 3.513275 3.696116 4.510298 4.898845 12.241689 12.654383 4.279046 4.548104 3.729104 2.707650 6.619193 6.248923 8.339377 -9999.0 -9999.0 -9999.0 -9999.0 -9999.0 -9999.0 -9999.0 -9999.0 -9999.0 -9999.0 -9999.0 -9999.0 -9999.0 -9999.0 -9999.0 -9999.0 -9999.0 -9999.0 -9999.0 -9999.0 -9999.0 -9999.0 -9999.0
9.838466 11.175448 12.577472 13.328675 14.010304 12.774526 11.876033 4.279549 5.723981 7.205264 8.090027 7.484047 8.114613 8.672926 9.094928 9.148938 7.826721 5.820342 4.343801 4.298994 4.623128 4.606352 4.783238 4.564899 3.900760 3.205919 3.282714 4.399331 12.475624 12.890391 11.981788 10.351408 3.619227 4.188789 3.373201 2.566341 6.667581 6.748947 9.104764 -9999.0 -9999.0 -9999.0 -9999.0 -9999.0 -9999.0 -9999.0 -9999.0 -9999.0 -9999.0 -9999.0 -9999.0 -9999.0 -9999.0 -9999.0 -9999.0 -9999.0 -9999.0 -9999.0 -9999.0 -9999.0 -9999.0 -9999.0
10.209975 11.636469 13.319650 14.861877 15.436673 14.994229 12.867460 11.123898 11.570168 6.483531 7.873052 8.002162 8.727543 9.250235 9.471445 9.171541 7.141851 6.250285 5.049874 4.086656 3.887192 3.699732 4.292456 4.329775 3.588332 6.785195 9.068137 10.794596 10.950388 10.644195 10.091561 2.719743 3.285706 3.403545 2.818296 2.252557 6.515350 6.907939 -9999.0 -9999.0 -9999.0 -9999.0 -9999.0 -9999.0 -9999.0 -9999.0 -9999.0 -9999.0 -9999.0 -9999.0 -9999.0 -9999.0 -9999.0 -9999.0 -9999.0 -9999.0 -9999.0 -9999.0 -9999.0 -9999.0 -9999.0 -9999.0
10.522987 11.758604 13.663034 15.493213 16.200001 15.682609 14.879022 13.306682 11.795739 12.380649 7.206213 8.309867 9.124938 9.526529 9.785800 8.399283 6.149125 5.013602 3.894610 3.371476 3.539237 3.353989 3.103246 3.136422 6.750183 6.217420 6.652154 5.715887 6.218711 7.262017 2.495536 1.746431 6.931748 6.377294 -0.003789 -0.004654 5.580632 7.602835 -9999.0 -9999.0 -9999.0 -9999.0 -9999.0 -9999.0 -9999.0 -9999.0 -9999.0 -9999.0 -9999.0 -9999.0 -9999.0 -9999.0 -9999.0 -9999.0 -9999.0 -9999.0 -9999.0 -9999.0 -9999.0 -9999.0 -9999.0 -9999.0
10.593192 12.455295 14.240483 15.887313 16.790991 15.962048 14.963800 14.369912 13.160943 6.990962 7.917744 8.524414 9.271302 9.535779 8.056221 4.891491 0.390149 3.499660 3.604521 2.788156 2.165764 6.847234 5.991755 4.803802 4.077002 3.639407 2.858428 3.002611 3.440903 4.906055 6.072641 6.332849 5.810100 4.467258 3.595563 3.827392 6.669489 -9999.0 -9999.0 -9999.0 -9999.0 -9999.0 -9999.0 -9999.0 -9999.0 -9999.0 -9999.0 -9999.0 -9999.0 -9999.0 -9999.0 -9999.0 -9999.0 -9999.0 -9999.0 -9999.0 -9999.0 -9999.0 -9999.0 -9999.0 -9999.0 -9999.0
10.677572 12.935595 14.755335 16.272707 5.992406 16.480832 15.148884 14.718235 7.234536 7.264730 7.912945 8.912693 9.255804 8.957906 6.717930 2.269155 3.639942 4.322992 4.167045 4.588041 4.577023 10.391863 8.812209 6.402111 4.368441 2.164783 -0.013474 -0.008808 1.705210 3.201983 4.902184 5.629975 5.191916 3.799321 2.906928 3.672608 7.909045 -9999.0 -9999.0 -9999.0 -9999.0 -9999.0 -9999.0 -9999.0 -9999.0 -9999.0 -9999.0 -9999.0 -9999.0 -9999.0 -9999.0 -9999.0 -9999.0 -9999.0 -9999.0 -9999.0 -9999.0 -9999.0 -9999.0 -9999.0 -9999.0 -9999.0
9.509295 12.500876 5.065653 5.748054 6.098136 17.085915 15.732688 14.875094 7.389456 7.511101 7.449176 8.397631 9.054322 8.758287 7.832960 7.195628 6.261617 5.693133 4.564370 6.519529 15.081750 13.160288 11.350712 8.369860 5.055907 2.555219 -0.005649 -0.003794 -0.006291 2.818704 4.473008 4.196374 3.318701 2.493928 4.204677 -9999.0 -9999.0 -9999.0 -9999.0 -9999.0 -9999.0 -9999.0 -9999.0 -9999.0 -9999.0 -9999.0 -9999.0 -9999.0 -9999.0 -9999.0 -9999.0 -9999.0 -9999.0 -9999.0 -9999.0 -9999.0 -9999.0 -9999.0 -9999.0 -9999.0 -9999.0 -9999.0
9.223693 11.340270 14.079823 5.786053 6.245094 6.916449 16.682953 15.619150 7.623124 7.922992 7.618378 8.336874 8.775696 8.627901 8.115638 7.390070 6.445741 6.805148 6.871967 15.919044 14.163701 11.288212 8.776560 5.969179 4.299366 4.999027 5.399291 4.249471 4.322942 4.998935 4.076383 2.481948 -0.002393 -0.004876 5.873617 -9999.0 -9999.0 -9999.0 -9999.0 -9999.0 -9999.0 -9999.0 -9999.0 -9999.0 -9999.0 -9999.0 -9999.0 -9999.0 -9999.0 -9999.0 -9999.0 -9999.0 -9999.0 -9999.0 -9999.0 -9999.0 -9999.0 -9999.0 -9999.0 -9999.0 -9999.0 -9999.0
10.754513 11.231781 12.499216 5.475794 6.347082 6.965382 7.643051 7.896425 7.933443 7.072752 7.860350 8.506591 8.740054 17.640985 7.964221 7.202936 6.345976 5.578809 6.915173 15.374683 12.105757 8.742852 6.343952 5.449327 6.461975 7.033505 6.473329 6.079566 5.549927 5.279414 2.216573 -0.004390 -0.006102 -0.005259 -9999.0 -9999.0 -9999.0 -9999.0 -9999.0 -9999.0 -9999.0 -9999.0 -9999.0 -9999.0 -9999.0 -9999.0 -9999.0 -9999.0 -9999.0 -9999.0 -9999.0 -9999.0 -9999.0 -9999.0 -9999.0 -9999.0 -9999.0 -9999.0 -9999.0 -9999.0 -9999.0 -9999.0
4.574517 12.823753 13.226754 5.553290 6.329307 6.999084 7.726006 8.175093 8.304184 7.278701 8.002004 8.589769 18.165628 17.940013 7.454531 6.697106 5.986863 5.492166 6.705998 14.305244 10.796503 3.350718 6.686047 7.456765 8.068369 7.184907 6.406166 4.723843 2.551268 -0.002819 -0.006734 -0.010105 -0.005149 -9999.0 -9999.0 -9999.0 -9999.0 -9999.0 -9999.0 -9999.0 -9999.0 -9999.0 -9999.0 -9999.0 -9999.0 -9999.0 -9999.0 -9999.0 -9999.0 -9999.0 -9999.0 -9999.0 -9999.0 -9999.0 -9999.0 -9999.0 -9999.0 -9999.0 -9999.0 -9999.0 -9999.0 -9999.0
4.994860 5.461389 5.742710 5.932851 6.391392 5.271679 5.841674 8.318290 7.078079 7.537358 8.069572 17.604887 17.876723 16.613296 6.209330 5.812352 5.828915 7.155488 6.898100 5.983831 4.732767 3.567444 8.062018 8.630908 7.689392 6.106228 3.253332 -0.005051 -1.217326 -0.013077 -0.008779 -0.006826 -9999.0 -9999.0 -9999.0 -9999.0 -9999.0 -9999.0 -9999.0 -9999.0 -9999.0 -9999.0 -9999.0 -9999.0 -9999.0 -9999.0 -9999.0 -9999.0 -9999.0 -9999.0 -9999.0 -9999.0 -9999.0 -9999.0 -9999.0 -9999.0 -9999.0 -9999.0 -9999.0 -9999.0 -9999.0 -9999.0
5.303468 5.705487 6.162379 6.429108 6.564652 5.490910 6.062124 8.133167 7.170549 7.681761 7.979053 10.371294 16.978164 5.764995 5.300992 5.400665 6.685833 6.638306 6.234441 5.644368 4.654075 8.690298 8.431501 8.625897 7.007456 4.906961 1.769763 -1.545239 -0.798134 -0.003974 -9999.0 -9999.0 -9999.0 -9999.0 -9999.0 -9999.0 -9999.0 -9999.0 -9999.0 -9999.0 -9999.0 -9999.0 -9999.0 -9999.0 -9999.0 -9999.0 -9999.0 -9999.0 -9999.0 -9999.0 -9999.0 -9999.0 -9999.0 -9999.0 -9999.0 -9999.0 -9999.0 -9999.0 -9999.0 -9999.0 -9999.0 -9999.0
5.407325 5.901882 6.463296 5.173526 5.391824 5.746520 6.281334 6.503682 6.976917 7.474205 11.329707 18.216072 6.146022 5.488172 4.923729 4.429580 4.100728 4.367486 10.974573 4.286608 8.472088 7.780349 8.200266 8.273592 6.478292 4.637200 2.225006 -0.009212 -0.010815 -9999.0 -9999.0 -9999.0 -9999.0 -9999.0 -9999.0 -9999.0 -9999.0 -9999.0 -9999.0 -9999.0 -9999.0 -9999.0 -9999.0 -9999.0 -9999.0 -9999.0 -9999.0 -9999.0 -9999.0 -9999.0 -9999.0 -9999.0 -9999.0 -9999.0 -9999.0 -9999.0 -9999.0 -9999.0 -9999.0 -9999.0 -9999.0 -9999.0
