geotop_simulations/templates/TEST_Venosta_3D_034_template/rec/SoilPressure0000L0002.asc
ncols         252
nrows         194
xllcorner     598250.000000
yllcorner     5144500.000000
cellsize      250.000000
NODATA_value  -9999.0
[rows 48 to 71 of 194, columns 108 to 161 of 252]
-3441.664882 -3467.767195 -3453.825125 -1060.922580 -715.986159 -486.725015 -1.763457 -38.920415 -100859.531166 -336139.496327 -18.175239 -34.784017 -142.718102 -398.836093 -567.139466 -1118.051763 -1845.321720 -2643.013420 -3044.615488 -4384.011437 -2221.170830 -2473.257971 -1392.768280 -598.886947 -640.958156 -290444.593256 -191274.292538 -89927.028542 -97319.847670 -276585.909782 -182.879091 -795.387206 -1072.590307 -2119.126180 -2433.160166 -2491.612318 -2723.166496 -3392.686989 -3121.442965 -2947.645588 -3191.072916 -3225.175406 -3077.498796 -3173.225815 -3432.907825 -2811.336738 -25012.726130 -44089.580048 -71558.843708 -63168.724055 -32963.894440 -24878.371258 -4451.138733 -3120.327998
-3508.457650 -3483.957091 -1326.024606 -1223.609125 -1495.194897 -541.574821 -17.450489 -43.984194 -116.412832 -524.352462 -411.102227 -421.600915 -625.212424 -768.298501 -1705.910317 -2275.625126 -2740.610493 -2886.303139 -3259.788209 -2585.711803 -5082.026889 -2212.657307 -1551.971972 -571.190434 -733.670464 -379386.203076 -195256.001679 -92775.601303 -122472.939596 -196.668332 -670.218179 -951.639200 -1651.723855 -2376.553241 -2467.666110 -2686.045466 -2845.790034 -3455.424399 -3371.346758 -3500.892929 -3500.212515 -3564.922886 -3552.255731 -3621.906869 -3598.854971 -3022.414556 -3031.668868 -8146.222681 -27703.137019 -26287.982219 -26822.065520 -3587.995480 -3256.935627 -3412.558185
-3486.835489 -1232.130664 -1063.104267 -1358.087584 -1455.867481 -1254.718840 -1183.244532 -1042.630076 -374.317934 -818.968896 -600.204853 -848.074200 -1156.649701 -1820.010811 -2289.534578 -2648.666775 -2643.149077 -4376.048552 -3072.799858 -3253.095957 -1994.086173 -2422.544144 -1926.122104 -709.580703 -873.656211 -313316.400740 -189263.084879 -94250.666430 -117374.609766 -496.038038 -852.561600 -2538.841761 -2309.213300 -2479.977979 -2748.117927 -2836.339935 -2424.972968 -3394.880127 -3481.783329 -3591.972355 -3620.938987 -3647.219159 -3655.105018 -3687.642701 -3674.740188 -3639.684899 -3268.715085 -3086.134801 -3005.587459 -3581.457830 -3160.799576 -3262.772265 -3451.043558 -3664.316818
-1155.636729 -1217.222455 -1027.337407 -1074.988815 -1151.825105 -1617.443845 -1417.017522 -1249.517237 -1061.282946 -918.224248 -894.052851 -993.438480 -1185.284888 -1827.555226 -1935.949390 -2163.819478 -1864.897355 -1731.022105 -1882.147290 -2675.193723 -1824.287924 -1959.387730 -852.516665 -619.407856 -269.396491 -335408.149600 -133215.534788 -109038.783525 -226625.731925 -472.779183 -1804.706673 -2438.453694 -2289.846754 -2277.673866 -2275.520406 -1936.797874 -2296.041206 -2787.565175 -3198.864743 -3637.035776 -3667.125920 -3693.500490 -3711.822843 -3739.944643 -3736.410917 -3717.715549 -3525.435124 -3293.559469 -3134.961399 -3211.078237 -3308.194614 -3470.107960 -3649.899862 -3800.877890
-1289.748986 -935.331996 -825.081119 -834.448477 -900.142960 -1013.737450 -1208.871855 -1062.923552 -952.813422 -811.114600 -963.979694 -922.209997 -1008.141688 -1396.789447 -1808.773603 -2030.139057 -2311.024116 -2659.444729 -2751.134656 -2887.362367 -1942.854300 -1334.161375 -681.317555 -264.320684 -98.040339 -456.459873 -279005.440517 -216423.172926 -595414.256323 -10.629095 -877.408235 -1112.510878 -1567.732045 -1943.353366 -2014.721078 -2803.844647 -2212.532727 -3157.543094 -3143.280177 -3521.701256 -3652.136368 -3708.423003 -3748.872075 -3777.514930 -3783.103313 -3776.198489 -3758.725691 -3477.007757 -3422.025725 -3330.022701 -3448.215449 -3627.801241 -3799.835686 -3922.456528
-1425.826775 -985.332540 -795.325371 -707.228369 -735.405995 -712.487715 -529.526116 -375.602876 -912.984950 -981.698849 -1229.571020 -1236.750146 -1732.891627 -2028.536511 -1981.258556 -2255.421881 -2620.113614 -3312.748763 -2753.886402 -2967.860008 -1844.756221 -1543.202150 -918.301280 -910.846688 -1018.541899 -640.034911 -557.471522 -173141.397062 -916.804502 -2.258687 -8.995011 -706.393477 -878.763011 -1411.343213 -2057.082360 -2416.000769 -2455.846077 -2483.777797 -3209.524172 -3088.286574 -3133.959063 -3592.092658 -3713.028314 -3796.900665 -3824.384167 -3828.946946 -3794.409966 -3650.459192 -3625.396882 -3376.626765 -3452.331098 -3553.541511 -3774.902349 -4009.907599
-1753.389758 -1495.541951 -931.784195 -698.510126 -583.448061 -323.721206 -22.206975 -54.204270 -963.204785 -1074.529331 -1370.464564 -1925.130518 -2091.517831 -2230.218507 -2353.686308 -2622.318244 -2764.807823 -2884.944815 -3198.124762 -3394.049638 -3158.039462 -2178.073208 -3627.064634 -4561.274682 -1813.309010 -793.988509 -675.880947 -159273.893329 -204897.631816 -569.485867 -328.536393 -640.250745 -901.172053 -1665.419180 -2177.891922 -2504.118630 -2421.200663 -2423.538668 -3409.488665 -3215.349578 -3547.827916 -3673.700951 -3770.690790 -3791.380285 -4082.693545 -3873.332703 -3865.994243 -3848.822956 -3698.323763 -3488.525648 -3422.867450 -3598.576597 -3687.195627 -4036.026375
-1588.418788 -1347.559797 -831.422268 -667.672884 -347.376606 -172705.570041 -152850.737287 -432.890345 -676.567498 -1028.611554 -1793.611954 -2072.082361 -2317.319525 -2505.622469 -2770.479957 -6985.974165 -2885.172825 -3151.046001 -3256.200808 -3406.215758 -2794.676547 -2318.550588 -3118.785688 -4466.976514 -1641.876397 -1064.036414 -706.121107 -205924.420522 -104878.147223 -134723.111592 -604170.552608 -437.305382 -2643.291488 -2187.721317 -2415.686771 -2341.070962 -2312.244182 -2974.633422 -3374.409158 -3293.534787 -3583.684781 -3679.415539 -3777.263679 -3845.099149 -4114.049171 -4106.546891 -4084.627646 -3890.013385 -3756.571329 -3608.105386 -3565.630751 -3837.779579 -3942.656535 -4131.330781
-1221.395045 -865.644217 -708.152275 -606.149909 -604.970770 -804.433936 -3582.419601 -1396.308088 -1883.124312 -1400.155894 -1999.016391 -2342.217226 -2573.208306 -6467.941959 -4111.662224 -3009.683193 -3265.292269 -3293.490399 -3381.583036 -3447.834746 -3327.383951 -2218.766157 -2150.520991 -2258.541437 -1352.059781 -1030.349994 -1001.390636 -207705.986168 -210078.648901 -127956.970070 -908.674382 -2275.133339 -2189.013932 -2037.789979 -2207.406186 -2234.501089 -2170.433875 -2100.053388 -2982.588685 -3134.231300 -3574.828462 -3668.698948 -3758.429029 -3846.410059 -4140.758497 -4157.579132 -4139.077301 -3929.413826 -3906.776123 -3760.237540 -3741.773714 -4007.251228 -4097.858499 -4226.308382
-1939.656530 -904.562384 -870.095087 -1017.402318 -4318.767589 -4551.902944 -2817.014637 -2648.836987 -2290.108936 -2142.443027 -2299.506190 -2627.048197 -2800.943602 -2840.814205 -3149.346500 -3257.110733 -3390.281366 -3416.076633 -3469.425998 -3462.689808 -3177.549648 -1919.849900 -2008.635597 -2039.071871 -1134.357466 -835.750327 -1129.296179 -247842.927899 -211167.054205 -119641.921776 -349.689469 -649.028258 -1212.807306 -1257.636347 -1763.476291 -2168.588896 -2145.132453 -2262.438517 -2999.816959 -2570.389056 -2931.813628 -3652.305668 -3742.404257 -3835.880910 -4165.300964 -4202.838152 -4180.370425 -3969.935014 -3953.921420 -3935.431874 -3867.193766 -4097.945520 -4215.246371 -4320.017881
-1268.436855 -1162.888707 -1098.145066 -2203.274112 -3266.169881 -3307.873827 -2537.692022 -2655.801696 -2805.723168 -2820.816578 -2746.857382 -3108.212057 -3059.764452 -3197.775576 -3309.279873 -3403.553837 -3495.940701 -3505.784088 -3508.567556 -3485.298846 -3286.236222 -2030.044340 -2080.458275 -1820.694689 -1112.768359 -704.388801 -184568.118517 -206706.471140 -132507.869696 -118471.440094 -63.429616 -141.417972 -518.023916 -950.680785 -1285.020070 -2354.369673 -3530.872807 -3546.221404 -2644.413262 -2644.565634 -2871.096180 -3321.694684 -3672.439296 -3814.862086 -3890.660769 -4225.632108 -4216.497065 -4006.291243 -3999.648294 -3983.600644 -3973.656843 -3997.873997 -4316.443708 -4390.512490
-3536.573978 -2259.004999 -2998.554181 -2712.411122 -2617.666050 -2698.285848 -2753.587827 -2756.821666 -2872.888447 -2986.949040 -2985.103974 -3011.449107 -3271.559705 -3397.696940 -3491.128763 -3527.749326 -3565.411389 -3544.475678 -3548.589963 -3492.091003 -3030.043910 -2597.439216 -2096.644497 -1974.825074 -756.848016 -736.716202 -138397.355988 -197187.993790 -84202.585149 -74940.165332 -125072.658587 -177554.765311 -450.801783 -738.988191 -1119.475097 -3855.427686 -4636.021238 -3148.775749 -3005.323937 -3273.909962 -3369.991436 -3541.353623 -3752.459456 -3811.316851 -3865.478809 -3924.762157 -4272.228923 -4041.431732 -4046.734777 -4036.047754 -4025.499625 -4042.547227 -4088.953485 -4138.025056
-2401.550723 -2931.235374 -2803.172372 -2579.547755 -2642.873017 -2793.018633 -2902.646548 -2968.341818 -2958.532436 -3119.253216 -3361.498902 -3133.430240 -3427.185584 -3442.148968 -3435.787463 -3511.873478 -3553.433735 -3557.205451 -3438.992798 -3116.908767 -3094.430438 -2914.034881 -2422.146624 -2327.003623 -2856.059264 -1689.380700 -147635.692806 -190569.828475 -87933.797990 -71266.213142 -111022.571491 -135739.503255 -470.995593 -1026.557710 -2703.929466 -2975.133705 -3087.508706 -3182.246846 -3423.417400 -3561.576291 -3709.121501 -3702.777590 -3694.344369 -3797.360389 -3844.498099 -3895.633003 -3979.414748 -4347.154142 -4350.581546 -4087.309480 -4079.157837 -4088.187402 -4128.430977 -4174.033165
-2203.510162 -3077.174280 -2696.548723 -2740.853616 -2829.789545 -2860.130006 -2998.056521 -3028.766749 -3133.225690 -3241.189315 -3432.487298 -3493.080651 -3484.317749 -3489.659348 -3491.210598 -3524.893765 1277.011837 -3422.262779 -3084.964848 -2461.304151 -2470.925907 -1920.250704 -2115.726351 -2143.882623 -2316.837225 -2198.473595 -245550.575979 -195717.446846 -83419.906350 -73480.703511 -102967.617064 -346688.598047 -113.802006 -2172.976510 -2446.094346 -2950.211526 -3176.994211 -3395.042589 -3543.475770 -3679.360532 -3793.832914 -3867.202377 -3903.465236 -3831.486879 -3872.294260 -3880.482775 -3947.689652 -4016.839620 -4404.504707 -4125.934171 -4127.118325 -4135.539044 -4172.999660 -4212.552171
-1859.346169 -2514.572580 -2838.386396 -2921.429214 -3057.216589 -3092.798494 -3146.248915 -3296.107258 -3317.086492 -3381.136834 -3459.513840 -3508.003483 -3512.568677 -3528.603514 -3520.684414 -3526.227458 -3103.112388 -2605.743716 -2215.316116 -2127.341753 -1703.903136 -1668.526628 -1680.240323 -1452.548297 -1134.866208 -1225.377573 -412872.351676 -198517.459703 -72766.581698 -87025.003014 -39678.018915 -677.695346 -495.212016 -962.176660 -2310.044665 -3063.857059 -3212.145729 -3363.953783 -3656.412584 -3781.438080 -3858.351713 -3973.345812 -4082.867744 -4145.477793 -3899.703455 -3899.829987 -3894.868033 -3947.928415 -4280.979296 -4118.891739 -4161.636374 -4177.905603 -4550.538390 -4244.704438
-2479.377820 -2864.297391 -3001.000820 -3138.292415 -3288.137175 -3424.421597 -3427.069542 -3453.379101 -3425.360204 -3545.972194 -3545.815571 -3506.126177 -3508.572405 -3543.555964 -3541.127292 -3336.142359 -2995.939866 -2030.453035 -1605.420537 -1525.809220 -1511.044623 -1487.519494 -1094.832226 -728.199293 -532.471311 -1007.112538 -322746.690368 -200464.189761 -88786.269224 -71838.300242 -49130.091318 -671.244531 -472.563974 -554.280697 -1078.249952 -1989.632745 -2297.265356 -3011.884595 -3472.403408 -3772.977644 -3893.630567 -3795.980640 -3837.201417 -3870.568576 -3874.709787 -3882.086491 -3866.327305 -3887.385512 -3950.989584 -4024.250291 -4428.647706 -4514.431531 -4576.487006 -4629.291392
-3225.911323 -3041.052699 -3200.840911 -3463.273936 -3464.520553 -3481.988826 -3471.904270 -3503.365471 -3551.390410 -3560.091576 -3571.577410 -3567.102886 -3527.441203 -3307.164215 -3402.630159 -3440.778395 -3040.876849 -2381.189931 -1826.072309 -1238.132297 -1033.624114 -874.744103 -555.471439 -248.809847 -420760.175523 -141750.487102 -100118.456228 -180027.188612 -80816.785424 -47631.413415 -73127.937854 -475.624816 -549.517002 -673.447194 -794.025622 -1557.942372 -1882.905533 -2208.675889 -3754.524141 -3862.190574 -3706.786153 -3739.009730 -3772.466223 -3799.855811 -3827.393076 -3854.367968 -3874.975602 -3872.068982 -3913.582534 -3966.240180 -4023.736871 -4379.557651 -4130.193496 -4150.558740
-3340.169512 -3347.810063 -3507.323463 -3524.578373 -3541.649876 -3522.662506 -3533.914844 -3546.936966 -3564.163767 -3585.733640 -3602.934082 -3616.758546 -3596.857990 -3383.378112 -3481.972861 -3447.141677 -3110.226841 -2102.954073 -2042.206449 -1266.844726 -809.474825 -438.994000 -214.805392 -56.068761 -149704.954230 -112789.633951 -77818.877077 -80971.020080 -71847.923036 -46439.635048 -86280.419511 -449.073720 -437.730653 -619.529367 -823.773848 -1154.910562 -1544.719147 -1752.159300 -2308.727977 -3400.032380 -2738.422514 -3318.822167 -3436.178455 -3607.717672 -3707.651042 -3758.199733 -3803.360279 -3841.990034 -3892.047545 -3914.033080 -3944.214352 -3988.603008 -4051.328552 -4096.013386
-3541.197818 -3540.142654 -3542.161023 -3550.786208 -3571.544796 -3578.097861 -3583.716525 -3583.124078 -3593.753802 -3611.611574 -3627.537282 -3640.574290 -3631.038041 -3475.702789 -3961.162639 -3195.707259 -2990.104553 -2124.863632 -2519.566699 -2135.128806 -1168.845150 -531.687000 -356.564303 -171090.954981 -123442.815142 -88246.035755 -71706.506346 -72488.896103 -14628.151130 -91.805788 -197.375739 -467.747929 -446.131268 -721.920957 -800.719691 -725.543036 -844.381934 -1272.360816 -1523.244421 -1900.461879 -2275.906040 -2430.558238 -2515.759234 -2620.464831 -3492.404669 -2998.224864 -3384.767788 -3620.304787 -3877.524102 -3911.058898 -3863.762370 -3904.619269 -3963.159255 -4012.403790
-3566.216048 -3558.465055 -3547.430597 -3570.493198 -3597.457029 -3614.460393 -3623.017096 -3625.613836 -3453.341880 -3470.722059 -3493.830020 -3506.325669 -3503.481476 -3726.147648 -3147.508291 -2261.859349 -2424.698607 -2429.441843 -3052.893271 -2721.202600 -2368.285157 -2611.635947 -470.359869 -472.367042 -105417.377324 -78489.678975 -93101.777922 -9510.966757 -650.009340 -236.656086 -369.526552 -584.672886 -814.391248 -776.595273 -472.832037 -402.700817 -643.120111 -904.239607 -1354.626677 -2036.795149 -2307.857421 -2476.187815 -2526.894153 -2559.188616 -2694.258933 -3076.037513 -3524.934980 -3758.575509 -3886.075091 -3903.827607 -3906.323789 -3862.454256 -3891.796729 -3938.313344
-3592.822219 -3580.462485 -3583.089430 -3594.391882 -3616.795194 -3636.148856 -3646.967210 -4207.792866 -3504.982884 -3509.538134 -3890.090605 4130.469652 2505.214961 -3075.843165 -3034.481968 -2139.137996 -1542.744542 -1602.105476 -3202.528219 -2921.417887 -2721.754888 -2155.695898 -2043.677116 -435.640455 -106703.297656 -89869.131496 -91816.594437 -448.423081 -518.936770 -533.781726 -690.122675 -1036.501389 -1806.181559 -990.987585 -40.409985 -39.949266 -347.830912 -775.817236 -1381.786663 -2243.433256 -2537.593915 -2715.639868 -2713.789885 -2752.143385 -2870.279007 -3064.222306 -3274.192187 -3383.720665 -3798.005921 -3844.457453 -3838.712011 -3872.523118 -3886.056424 -3927.327926
-3612.528945 -3616.804219 -3622.825062 -3628.569223 -3641.867143 -3650.262915 -4214.974286 -921.943742 -760.458554 -765.918881 -754.097431 -3129.794134 -3703.699309 -2163.717915 -2226.705665 -1365.356884 -1693.477447 -1296.297437 -1082.087349 -937.897053 -816.860539 -849.993119 -999.668090 -378.796589 -54.220824 -301978.482366 -497.953603 -516.292399 -637.080038 -814.606950 -1643.224094 -1503.206565 -1601.294061 -1019.193450 -528247.447764 -34.596404 -206.296727 -1413.349277 -2710.328971 -2714.176028 -3227.839059 -3555.693718 -3668.455314 -3559.676870 -3276.460447 -2996.143256 -2947.227391 -3025.999424 -3319.412851 -3014.863318 -3759.749171 -3836.900802 -3873.319141 -3901.955842
-3641.189457 -3648.514274 -3650.184603 -3653.069175 -3655.286994 -683.507889 12929.084892 3015.481588 -3222.865308 -3332.605960 -3317.399000 -3315.969620 -3197.675006 -3016.712230 -3012.074146 -2245.958015 -1825.724466 -1628.432212 -713.226048 -555.824355 -462.016089 -284.406280 -4.091833 -30.053442 -415.021830 -269.233228 -1046.671554 -827.344699 -1151.514965 -1618.833778 -1849.849061 -1914.374597 -1791.644738 -1613.269686 -1493.799476 -7457.421308 -6588.979336 -3250.909404 -3083.123086 -3311.290506 -3560.290200 -3638.249967 -3594.785347 -3410.233009 -2892.433826 -2627.753444 -2657.646637 -3074.240802 -3154.971148 -2676.947357 -3702.133464 -3773.451576 -3814.857933 -3798.530136
-3667.995488 -3672.033526 -3671.713945 -3671.127796 -3647.923980 -1110.085581 -3218.485150 -2737.610653 -2224.347634 -2189.735092 -2840.290841 -2959.193788 -2906.957502 -2941.974373 -3351.169973 -3118.941227 -2709.310118 -1816.318794 -1597.038569 -890.439176 -486.166334 -16.081656 -32.566652 -97.642405 -390088.706207 -924.497819 -1370.437979 -2749.018792 -2299.172675 -1875.035554 -1835.895649 -1868.796273 -2163.013467 -2848.700268 -4023.893988 -5847.367874 -3541.033177 -3037.077091 -3375.663554 -3512.846740 -3702.266089 -3574.983972 -3007.590649 -2683.570736 -2416.864746 -2693.461689 -2855.226561 -3197.865321 -2689.286133 -2374.818298 -2916.485448 -3610.545520 -3518.439452 -2769.861840
