geotop_simulations/templates/TEST_Venosta_3D_034_template/rec/SoilPressure0000L0006.old.asc
ncols         252
nrows         194
xllcorner     598250.000000
yllcorner     5144500.000000
cellsize      250.000000
NODATA_value  -9999.0
[rows 144 to 167 of 194, columns 110 to 164 of 252]
18.997796 -62315.846791 -51934.229670 -7212.544351 -3141.724006 234.722920 -91.291627 -289.674430 -659.579234 -461.683386 -575.969103 -477.160679 -481.260077 -465.240371 -429.083028 -1571.501004 -2240.159373 -2892.702307 -6565.213639 -447.253652 -608.907354 -645.624138 -671.701669 -679.168181 -677.251064 -674.743360 -669.388350 -680.207423 -702.631083 -722.189530 -1047.505952 -1062.932213 -771.439197 -1098.358726 -1104.994384 -1187.613764 -1221.239502 -1253.487109 -1270.706431 -1229.196789 -1205.852751 -1277.184164 -1345.732121 -1231.740827 -1177.107163 -1078.501434 -1034.519612 -999.861531 -950.517727 -896.455075 -886.663114 -837.989152 -1034.333342 -990.226416 -950.734903
-64798.355165 -52762.475122 -38173.896037 -42058.945386 -63328.222570 -202.617832 -332.031689 -312.086263 -129.406122 -672.970354 -476.215701 -443.203487 -458.406529 -476.282047 -400.169630 -260.650742 114.932106 -81840.152414 -80374.807233 -536.955140 -584.812807 -603.169466 -645.207126 -693.065028 -709.930098 -694.669259 -692.568505 -703.990238 -1022.581943 -1040.972346 -1053.035988 -1066.259698 -1078.595042 -1123.527026 -1178.431637 -1211.472965 -1245.644591 -1284.303058 -1305.046028 -1288.324196 -1238.459745 -1293.465737 -1328.013554 -1230.905042 -1116.120843 -1006.951074 -926.709686 -861.914127 -849.461949 -775.878097 -731.158715 -681.666973 -570.903507 -1004.560276 -980.202185
-49455.955496 -69372.813641 -33608.775434 -35998.637955 -58026.072759 155.544619 156.327844 169.438343 -316.771144 -445.450676 -444.305584 -391.542333 -401.077002 -418.487373 -323.172725 8.242888 -79990.494947 -85735.609897 -478.693611 -483.412829 -565.627345 -618.953754 -646.260674 -655.080552 -733.460783 -733.439472 -711.531535 -705.959345 -715.307743 -1036.685233 -1057.132175 -1073.278530 -1094.854361 -1131.349614 -1182.217652 -1223.268943 -1253.559472 -1290.022290 -1316.830883 -1332.208843 -1053.677447 -1323.327882 -838.486847 -1243.055929 -1141.178154 -1019.553690 -924.998858 -831.589101 -845.063329 -750.087383 -694.786134 -537.204638 -511.948919 -544.372759 -925.874540
-134268.952975 -77359.697550 -32252.272576 -34129.609660 -40613.559195 -314435.023602 -597.449006 -122210.581488 -267842.493887 -410.865489 -453.799268 -318.750371 -322.469049 -327.313214 -217.744219 -231395.768981 -283.206371 -611.537114 -639.815840 -597.627393 -568.312676 -582.147686 -635.999737 -650.898853 -667.936390 -758.787284 -760.988402 -737.743807 -727.444888 -723.028320 -1051.278757 -1076.603780 -1125.476904 -1159.222180 -1194.428396 -1226.728128 -1253.295502 -1276.412464 -1320.422951 -1073.818540 -1066.743757 -1369.461265 -802.471994 -1168.726279 -1102.557744 -1018.915712 -913.218139 -876.055182 -766.908509 -691.225802 -621.377915 -633.451712 -457.697147 -425.909295 -551.012420
-137814.588355 -40957.686671 -32133.392379 -32021.554056 -48201.368224 -113768.815492 -286533.047309 -67669.886685 -173347.812105 -398.800011 -390.781403 -168.015722 -240.159750 -326.176933 -352.982817 -443.940699 -652.970990 -630.382396 -646.756957 -623.572965 -589.991340 -574.960528 -614.992513 -663.157531 -664.597734 -771.819067 -775.723386 -785.240915 -773.379568 -754.106349 -1059.043900 -1093.014109 -1157.453377 -1193.069802 -1217.203626 -1239.310409 -1258.099679 -1052.908814 -1059.833162 -1352.815499 -1380.848578 -1361.369606 -1227.627692 -1116.325035 -1067.034911 -991.932020 -948.887197 -858.708006 -721.845081 -652.186997 -608.982624 -606.399831 -561.448726 -430.916603 -363.649978
-40672.719058 -35933.922553 -303.861176 -221.928983 -31441.166693 149.395415 -257.765833 175.672668 -179.824200 -299.760951 -221.370133 177.557908 183.061309 -244.556775 -342.330996 -572.800745 -640.460711 -664.808314 -656.077693 -646.721258 -657.816290 -644.148164 -646.317512 -650.287548 -925.513259 -963.543191 -673.453509 -709.441913 -738.680729 -751.112375 -1082.916529 -1084.930457 -1192.391026 -1047.627505 -1237.847994 -1255.124194 -1047.283116 -1052.316763 -1280.524287 -1060.467442 -817.889377 -1318.172137 -1230.323917 -1136.729878 -1071.490949 -1000.166668 -973.113841 -926.265881 -844.121226 -769.280538 -634.002592 -605.371396 -523.731503 -478.711265 -305.411609
-33951.276995 -34882.462518 34.456698 -26375.378398 167.637291 143.371669 -74178.372393 -57669.982165 -56365.980821 -70620.894633 -60899.348948 -68428.323820 -76077.448376 -74636.374500 -281.481611 -373.019485 -513.488227 -634.341708 -664.986664 -670.651576 -728.745323 -692.792636 -591.110592 -606.949590 -672.587790 -671.458381 -998.437112 -1008.199073 -1042.150660 -1019.337527 -1081.651877 -1144.534692 -1213.470609 -1238.694807 -1253.895104 -1046.981972 -1290.631038 -1268.512772 -1025.229943 -1227.056105 -1206.052693 -1217.241854 -1290.685945 -1255.800586 -807.544449 -800.259583 -1079.671334 -1035.008597 -693.779654 -663.861549 -648.219439 -579.443276 -513.994785 -328.715907 -181.269163
-34065.413320 -35214.430227 -2226.738486 125.991391 -96644.747406 -32630.218363 -57044.013887 -39955.619761 -38169.539114 -48113.796600 -63333.489566 -54909.225647 -39045.172365 -38113.534512 -68964.184261 -292.446336 -431.810855 -544.984065 -568.228018 -684.694428 -734.358599 -749.532989 -735.111066 -683.203018 -666.755121 -628.101412 -996.704653 -1041.686366 -1039.564446 -1057.068003 -1095.846563 -1140.987642 -1202.469855 -1256.049291 -1281.172103 -1265.796777 -1259.947953 -1199.269450 -1162.439251 -1130.021140 -1124.067618 -1123.901151 -1139.788653 -1306.246881 -1270.674649 -800.737445 -773.387246 -748.219444 -701.815098 -655.303162 -594.911964 -550.669201 -460.803154 -139.443437 163.648975
-34906.667043 -34936.807979 -37534.051021 -49872.536265 -52443.716745 -53968.770949 -51116.108869 -38847.733642 -36258.321381 -47585.263901 -53201.423293 -49104.402976 -38048.572978 -3733.035058 -123.196142 -325.366713 -390.723318 -533.306799 -568.240302 -653.892154 -705.663577 -735.883761 -764.511595 -762.586410 -770.952474 -680.745299 -986.427681 -1058.990169 -1095.522412 -1107.403382 -1131.449259 -1170.716467 -1211.439848 -1221.614818 -1216.955402 -1156.857430 -1114.831504 -1093.396627 -1082.712171 -1052.769714 -1021.307578 -968.785485 -960.035848 -1026.718950 -1080.569589 -1098.938819 -1080.461194 -1065.946496 -702.994171 -665.150355 -579.638511 -530.598129 -219.857439 -98.104619 -66189.042184
-35414.952636 -35218.636129 -35865.511655 -37041.485572 -37001.589385 -36928.546165 -36238.136851 -36191.159794 -35680.970950 -44021.011294 -732.259860 -385.034281 -362.030812 -446.518680 -472.683893 -564.477617 -624.921872 -557.239079 -629.761228 -971.669330 -1007.468077 -1028.477370 -1051.857889 -1080.620213 -1104.164732 -1067.019099 -1036.066851 -1070.649760 -1122.255093 -1155.952082 -1186.504838 -1201.898043 -1178.257920 -1063.179865 -999.243380 -977.243894 -955.716304 -932.770521 -982.203188 -973.512054 -929.533289 -891.262452 -837.952131 -801.162596 -889.829930 -1027.540390 -1071.107779 -1050.880822 -997.086278 -681.383296 -615.941056 -568.906740 -526.855851 -509.205590 -9999.0
-44390.493548 -36672.952927 -34363.823465 -37063.079442 -39143.579237 -41024.925281 -37906.175225 -33771.982169 -34729.838996 -3708.211756 -343.777104 -403.329040 -441.762251 -596.103391 -639.872480 -663.329526 -659.342086 -650.710193 -647.622477 -689.616759 -1011.645876 -1022.824592 -1029.096347 -1049.456179 -1071.454754 -1088.409024 -1076.394776 -1116.368107 -1149.244978 -1209.204829 -1222.930591 -1189.113098 -1051.998113 -901.458903 -846.404482 -876.499480 -907.515709 -907.973490 -886.801351 -929.963402 -927.280512 -891.209605 -893.537902 -859.940777 -876.222932 -710.454428 -979.902900 -979.049739 -953.806297 -670.102199 -647.275683 -616.978111 -602.638695 -9999.0 -9999.0
-49489.230772 -41098.267480 -38298.659556 -38034.033157 -36264.782850 -36760.920760 -34964.873314 -44154.458190 -295.070267 -200872.905404 160.946216 -346.927220 -437.921146 -550.524960 -620.419966 -663.288784 -678.082240 -679.832597 -672.797631 -690.239813 -988.074553 -1023.566728 -1034.613193 -1052.885145 -1065.743752 -1075.363159 -1169.998725 -1181.796932 -1198.543305 -1235.103637 -1208.895155 -979.983481 -817.580211 -825.821780 -857.273564 -866.032618 -877.084034 -879.688182 -886.969734 -865.095397 -852.632675 -940.859430 -1043.942632 -1027.859030 -672.986123 -723.713064 -788.089228 -972.565922 -870.320475 -777.588197 -642.997762 -638.089571 -657.704240 -9999.0 -9999.0
-52833.829565 -51940.613727 -40618.294591 -36940.822931 -44684.019296 -44784.327567 -922.424163 -271.993767 -362.742041 170.228093 -351.758880 -416.297007 -465.312381 -566.841215 -593.983973 -642.467420 -689.014427 -705.595602 -717.151964 -702.564530 -703.497608 -948.527613 -1004.142104 -1055.900926 -1071.057065 -1135.651972 -1185.163788 -1216.109957 -1244.855203 -1275.902940 -1128.170192 -909.031487 -802.005655 -793.337012 -843.203149 -868.177027 -916.324858 -913.610326 -899.760964 -852.781953 -897.619602 -1027.324427 -705.936145 -679.527096 -635.146357 -569.275164 -700.224088 -941.897032 -811.111314 -767.478398 -641.823728 -648.692858 -681.383186 -9999.0 -9999.0
-161694.735185 -97220.986979 -39986.479937 -45632.154291 -49581.817841 -26885.323389 -255.309664 -365.558255 -396.993602 -446.018960 -476.857442 -498.993129 -557.866939 -578.734192 -590.996376 -628.493161 -678.974591 -716.368297 -736.429784 -752.370913 -745.599628 -726.680370 -734.422858 -1028.675692 -1065.709737 -1168.171355 -1215.083368 -1249.588256 -1269.400968 -1277.253524 -1105.174414 -961.431793 -894.332665 -820.715198 -805.221799 -853.696567 -899.347666 -893.621475 -852.773978 -603.839715 -658.025638 -634.619835 -619.691058 -610.852822 -597.565465 -619.357622 -782.623108 -789.123369 -739.144129 -743.115152 -637.187262 -649.932703 -9999.0 -9999.0 -9999.0
-159091.448851 -45551.437648 -45795.265608 -28151.002070 -42991.648610 -2106.672278 -204.139135 -387.027832 -458.475005 -541.533741 -562.710982 -575.487132 -569.161270 -583.917485 -595.683661 -626.364979 -671.123356 -708.241725 -740.335619 -762.932256 -783.153783 -784.131553 -766.187975 -772.902960 -1106.689615 -1182.705382 -1241.510137 -1270.478099 -1278.916323 -1230.585986 -1015.161052 -877.803440 -803.835401 -790.330992 -863.531100 -841.507377 -794.746690 -779.979269 -575.940230 -552.154055 -549.154664 -467.138280 -491.448465 -516.616295 -687.009256 -604.797823 -568.867000 -561.007505 -729.853832 -789.292658 -624.239543 -661.233035 -9999.0 -9999.0 -9999.0
-173186.092829 -50926.139761 -6004.654696 150.625978 -364.439722 -149.365533 -437.599327 -520.734765 -549.224238 -578.027046 -594.009675 -592.353760 -572.979503 -587.744519 -610.651193 -639.805301 -668.806098 -695.839537 -732.231399 -761.103701 -780.908827 -799.700585 -794.656707 -1102.379898 -1071.326993 -1202.757004 -1258.416112 -1267.326932 -1242.886361 -972.022515 -755.384405 -800.967469 -806.137808 -795.534891 -747.218615 -605.049280 -583.777886 -546.554697 -517.076893 -495.249447 -212.248838 -252.972003 -337.354306 -469.470324 -515.830053 -532.309091 -546.004771 -527.516694 -515.528150 -524.468142 -636.957676 -9999.0 -9999.0 -9999.0 -9999.0
-182179.223207 -42694.786975 156.032394 -136.994024 -417.753095 -513.732308 -569.121499 -583.592053 -581.355960 -601.861089 -628.101505 -638.749393 -619.222605 -614.305992 -634.543643 -656.582307 -672.263315 -692.303793 -1044.855476 -750.656883 -774.242964 -797.523858 -1123.792806 -1107.911169 -1103.230918 -1096.371865 -1299.475503 -1314.355919 -1146.454024 -936.438164 -951.819409 -958.251010 -986.926556 -1030.346268 -1028.456653 -676.944198 -638.568942 -552.668051 -519.384242 -324.911619 -2036.528143 -185.493251 -234.609854 -386.344950 -496.966166 -491.507364 -481.634651 -479.639201 -503.171239 -506.982560 -618.780920 -9999.0 -9999.0 -9999.0 -9999.0
-180949.915005 -52735.946673 184.778440 -226.243564 -424.210911 -549.665976 -593.581683 -625.435007 -610.205571 -629.944839 -644.435361 -649.894997 -651.384544 -631.761238 -645.583216 -663.034600 -977.743692 -1010.674889 -1034.329662 -738.481393 -767.936256 -793.091536 -1125.648107 -1118.671891 -1285.882474 -1341.565163 -1404.041152 -1362.526899 -1289.451642 -1263.209857 -1207.197420 -1078.734975 -1127.985970 -1134.911285 -774.207015 -705.562701 -669.370110 -592.155311 -540.781467 -372.525628 -266.340466 -77480.725930 -88328.109816 -358.581456 -467.001890 -413.614089 -396.594047 -345.316987 -534.961223 -9999.0 -9999.0 -9999.0 -9999.0 -9999.0 -9999.0
-201992.831002 -197476.285122 -269.858007 -288.489775 -488.728153 -558.894720 -609.695691 -650.250314 -629.027930 -646.245618 -657.828826 -658.986678 -681.763788 -667.083860 -660.990017 -659.915087 -672.894331 -1013.349356 -1033.321205 -1058.896898 -756.931104 -784.302408 -1120.313110 -1130.008912 -1313.384501 -1343.966718 -1390.461010 -1367.725558 -1341.664877 -1329.117014 -1287.928885 -1117.231232 -1116.955030 -778.850550 -724.716438 -687.009559 -633.596772 -592.879022 -568.941615 -578.735250 -554.613894 -512.201421 -501.773438 -512.457701 -425.237275 -292.382809 -275.018968 -237.451870 -578.102038 -9999.0 -9999.0 -9999.0 -9999.0 -9999.0 -9999.0
-223345.125189 -241147.142227 -372.027645 -485.569938 -553.375217 -577.955925 -620.597347 -654.419999 -643.171552 -655.946242 -682.125327 -686.496773 -698.391742 -993.960159 -700.859719 -677.193962 -669.456663 -1006.309123 -1037.846689 -1055.193565 -1073.091921 -1093.002456 -1106.190296 -1271.681663 -1329.806330 -1371.514362 -1397.385368 -852.165351 -1333.992919 -1298.797856 -1242.493686 -1150.919673 -1083.299947 -746.172050 -698.607362 -661.420549 -638.787449 -632.021636 -639.443822 -603.992883 -600.176756 -599.600276 -497.468517 -546.108048 -398.995860 -87372.628697 -79164.233184 -269.149530 -9999.0 -9999.0 -9999.0 -9999.0 -9999.0 -9999.0 -9999.0
-235597.484123 -282366.754826 -555.742107 -488.592670 -531.459821 -569.276561 -610.061789 -627.986234 -682.578529 -768.190063 -721.198616 -724.521668 -730.106083 -1027.376236 -1053.471212 -719.437575 -699.284872 -1015.337917 -1038.807758 -1056.664496 -1069.227667 -1084.256302 -1096.392835 -1235.081759 -1315.257944 -1376.381825 -797.795873 -849.569413 -1292.580069 -1237.426445 -1177.354086 -1158.412701 -1089.276329 -751.677389 -714.829281 -917.035432 -668.864946 -662.919405 -647.929922 -626.242268 -593.396083 -482.521740 -442.386533 -68459.440246 -43679.133972 -44129.842380 -51793.617175 -9999.0 -9999.0 -9999.0 -9999.0 -9999.0 -9999.0 -9999.0 -9999.0
-216561.040351 -32741.035422 -1656.493695 -699.172904 -467.681922 -542.200160 -594.975149 -627.302060 -800.516581 -916.303073 -1000.376320 -750.480259 -751.481561 -752.266341 -1066.374443 -1067.691308 -1055.753567 -1038.127805 -1039.610433 -1020.174601 -1063.252621 -1078.384958 -1153.773127 -1203.671205 -1281.355863 -796.855352 -769.794141 -753.653689 -1060.212300 -1063.096318 -1170.199118 -1102.245231 -1095.592733 -1065.425122 -1027.391218 -930.635357 -667.586098 -641.609029 -625.221086 -583.121015 -376.857477 -310.338311 -202757.658940 -52847.021928 -40754.372011 -39126.189280 -9999.0 -9999.0 -9999.0 -9999.0 -9999.0 -9999.0 -9999.0 -9999.0 -9999.0
-320782.013694 -335917.465496 -13194.159313 -1547.761990 -387.245289 -470.554179 -525.416062 -571.498870 -678.246148 -643.787379 -929.920343 -1190.171602 -766.973231 -778.767329 -1090.100846 -1086.534675 -1081.819151 -1064.863755 -1046.861221 -1029.212687 -1076.856253 -1076.207585 -1142.409010 -1195.855987 -1245.505922 1781.847076 -739.336928 -981.755704 -965.008106 -1016.642801 -1064.870869 -1058.049147 -1046.364985 -1059.655019 -1014.788073 -679.115330 -670.184943 -651.888339 -605.273487 -535.898334 -451.331162 -281048.342424 -140121.580704 -59830.863848 -9999.0 -9999.0 -9999.0 -9999.0 -9999.0 -9999.0 -9999.0 -9999.0 -9999.0 -9999.0 -9999.0
-490.563618 -431.561789 -272.281508 -2673.129761 -418.198319 -445.184241 -571.487316 -505.260287 -559.929003 -599.587635 -634.461994 -683.219721 -1016.274312 -1091.642060 -1097.913763 -1099.910664 -1099.394057 -1104.840756 -1053.530955 -1053.166381 -1091.613602 -1107.626314 -1140.856109 -1186.910657 1620.508296 -747.081415 -1003.746864 -952.213021 -921.964719 -930.284177 -894.679665 -915.707914 -671.722033 -938.199230 -691.304588 -670.240906 -668.597517 -662.798504 -611.439318 -571.152102 -404.635282 -296.620688 -3508.047339 -9999.0 -9999.0 -9999.0 -9999.0 -9999.0 -9999.0 -9999.0 -9999.0 -9999.0 -9999.0 -9999.0 -9999.0
