geotop_simulations/templates/TEST_Venosta_3D_034_template/rec/SoilIceContent0000L0001.asc
ncols         252
nrows         194
xllcorner     598250.000000
yllcorner     5144500.000000
cellsize      250.000000
NODATA_value  -9999.0
[rows 140 to 167 of 194, columns 63 to 125 of 252]
0.000000 0.000000 0.000000 0.000000 0.000000 0.000000 0.000000 0.000000 0.000000 0.000000 0.000000 0.000000 0.000000 0.000000 0.000000 0.000000 0.000000 0.000000 0.000000 0.000000 0.000000 0.000000 0.000000 0.000000 0.000000 0.000000 0.000000 0.000000 0.000000 0.000000 0.000000 0.000000 0.018647 0.032245 0.016377 0.012223 0.004436 0.021213 0.146159 0.384182 0.479988 0.479820 0.479625 0.251308 0.058176 0.271686 0.407350 0.479585 0.479567 0.479583 0.296290 0.193803 0.061237 0.029629 0.008100 0.000000 0.059207 0.000288 0.000000 0.000000 0.000000 0.000000 0.000000
0.000000 0.000000 0.000000 0.000000 0.000000 0.000000 0.000000 0.000000 0.000000 0.000000 0.000000 0.000000 0.000000 0.000000 0.000000 0.000000 0.000000 0.000000 0.000000 0.000000 0.000000 0.000000 0.000000 0.000000 0.000000 0.000000 0.000000 0.000000 0.000000 0.000000 0.000000 0.000000 0.000000 0.000000 0.000000 0.002045 0.058546 0.135101 0.232639 0.374788 0.479560 0.479611 0.301845 0.055480 0.150589 0.378512 0.479846 0.479784 0.479821 0.479905 0.415039 0.197572 0.049025 0.000000 0.000000 0.000000 0.000000 0.017619 0.000000 0.000000 0.000000 0.000000 0.000000
0.004914 0.000000 0.000000 0.000000 0.000000 0.000000 0.000000 0.000000 0.000000 0.000000 0.000000 0.000000 0.000000 0.000000 0.000000 0.000000 0.000000 0.000000 0.000000 0.000000 0.000000 0.000000 0.000000 0.000000 0.000000 0.000000 0.000000 0.000000 0.000000 0.000000 0.000000 0.000000 0.000000 0.000000 0.014781 0.009010 0.078419 0.256951 0.433075 0.479486 0.479968 0.416546 0.141566 0.046568 0.193291 0.304390 0.416845 0.479624 0.470384 0.479797 0.479524 0.259088 0.086221 0.000000 0.000000 0.000000 0.000000 0.018937 0.000000 0.000000 0.000000 0.000000 0.043482
0.000000 0.000000 0.000000 0.000000 0.000000 0.000000 0.000000 0.000000 0.000000 0.000000 0.000000 0.000000 0.000000 0.000000 0.000000 0.000000 0.000000 0.000000 0.000000 0.000000 0.000000 0.000000 0.000000 0.000000 0.000000 0.000000 0.000000 0.000000 0.000000 0.000000 0.000000 0.000000 0.000000 0.015153 0.038947 0.144215 0.354701 0.479981 0.479949 0.479864 0.479909 0.231022 0.058593 0.043452 0.143311 0.209519 0.257369 0.332333 0.479637 0.479443 0.479973 0.400090 0.280148 0.186630 0.021424 0.000000 0.047950 0.000000 0.000000 0.000000 0.000000 0.038424 0.139884
0.000000 0.000000 0.000000 0.000000 0.000000 0.000000 0.000000 0.000000 0.000000 0.000000 0.000000 0.000000 0.000000 0.000000 0.000000 0.000000 0.000000 0.000000 0.000000 0.000000 0.000000 0.000000 0.000000 0.000000 0.000000 0.000000 0.000000 0.000000 0.000000 0.000000 0.000000 0.003302 0.050441 0.207966 0.392008 0.419693 0.479986 0.479961 0.479840 0.286756 0.100089 0.049939 0.041716 0.038233 0.235997 0.345234 0.450165 0.479570 0.479867 0.479837 0.479554 0.479474 0.479340 0.256012 0.065275 0.231533 0.100467 0.000000 0.000000 0.000000 0.004790 0.118450 0.148013
0.000000 0.000000 0.000000 0.000000 0.000000 0.000000 0.000000 0.000000 0.000000 0.000000 0.000000 0.000000 0.000000 0.000000 0.000000 0.000000 0.000000 0.000000 0.000000 0.000000 0.000000 0.000000 0.000000 0.000000 0.000000 0.000000 0.000000 0.000000 0.000000 0.000000 0.000000 0.027727 0.089331 0.253594 0.479354 0.479978 0.479892 0.407784 0.047890 0.075708 0.019163 0.026219 0.028970 0.098470 0.210137 0.337200 0.451569 0.479879 0.479847 0.479766 0.479804 0.479879 0.448368 0.122671 0.028212 0.266160 0.166809 0.013676 0.000000 0.000000 0.000000 0.032763 0.174389
0.000000 0.000000 0.000000 0.000000 0.000000 0.000000 0.000000 0.000000 0.000000 0.000000 0.000000 0.000000 0.000000 0.000000 0.000000 0.000000 0.000000 0.000000 0.000000 0.000000 0.000000 0.000000 0.000000 0.000000 0.000000 0.000000 0.000000 0.000000 0.000000 0.000000 0.000000 0.000000 0.012481 0.048723 0.216770 0.291596 0.036748 0.076361 0.011655 0.014269 0.020330 0.023011 0.046232 0.136307 0.273590 0.431598 0.479988 0.479833 0.479885 0.479718 0.479745 0.479852 0.364300 0.210295 0.241231 0.217164 0.181224 0.163296 0.136408 0.051409 0.030957 0.119825 0.320056
0.000000 0.000000 0.000000 0.000000 0.000000 0.000000 0.000000 0.000000 0.000000 0.000000 0.000000 0.000000 0.000000 0.000000 0.000000 0.000000 0.000000 0.000000 0.000000 0.000000 0.000000 0.000000 0.000000 0.000000 0.000000 0.000000 0.000000 0.000000 0.000000 0.000000 0.000000 0.000000 0.056941 0.091430 0.147355 0.060547 0.020722 0.000000 0.000000 0.000000 0.006636 0.047168 0.159354 0.362038 0.443781 0.479979 0.479886 0.479929 0.479892 0.479700 0.479726 0.479785 0.473970 0.479405 0.479977 0.479985 0.305093 0.163588 0.194347 0.219248 0.268784 0.417142 0.479981
0.000000 0.000000 0.000000 0.000000 0.000000 0.000000 0.000000 0.000000 0.000000 0.000000 0.000000 0.000000 0.000000 0.000000 0.000000 0.000000 0.000000 0.000000 0.000000 0.000000 0.000000 0.000000 0.000000 0.000000 0.000000 0.000000 0.000000 0.000000 0.000000 0.000000 0.000000 0.000000 0.027874 0.065148 0.062571 0.027568 0.000000 0.000000 0.000000 0.000000 0.000000 0.048255 0.217807 0.479966 0.479954 0.479845 0.479826 0.479932 0.479781 0.479695 0.479695 0.479829 0.479979 0.479989 0.479960 0.479986 0.345281 0.259517 0.269946 0.278908 0.335493 0.399750 0.259936
0.000000 0.000000 0.000000 0.000000 0.000000 0.000000 0.000000 0.000000 0.000000 0.000000 0.000000 0.000000 0.000000 0.000000 0.000000 0.000000 0.000000 0.000000 0.000000 0.000000 0.000000 0.000000 0.000000 0.000000 0.000000 0.000000 0.000000 0.000000 0.000000 0.000000 0.000000 0.000000 0.020401 0.036554 0.026409 0.000000 0.000000 0.000000 0.000000 0.000000 0.000535 0.071747 0.188588 0.479978 0.479955 0.479928 0.479890 0.479789 0.479751 0.478566 0.477840 0.479911 0.479599 0.426757 0.479443 0.407709 0.359728 0.372260 0.318271 0.271556 0.296527 0.273710 0.039008
0.000000 0.000000 0.000000 0.000000 0.000000 0.000000 0.000000 0.000000 0.000000 0.000000 0.000000 0.000000 0.000000 0.000000 0.000000 0.000000 0.008203 0.009627 0.000000 0.000000 0.000000 0.000000 0.000000 0.000000 0.000000 0.000000 0.000000 0.000000 0.000000 0.000000 0.000000 0.000000 0.000361 0.027404 0.000858 0.000000 0.000000 0.000000 0.000000 0.002289 0.038050 0.076840 0.149626 0.479987 0.479942 0.479785 0.479737 0.479730 0.479739 0.478517 0.479770 0.452373 0.479609 0.479966 0.479953 0.479897 0.479893 0.479933 0.479938 0.479913 0.479904 0.399642 0.119172
0.000000 0.000000 0.000000 0.000000 0.000000 0.000000 0.000000 0.000000 0.000000 0.000000 0.000000 0.000000 0.000000 0.000000 0.000000 0.000345 0.019303 0.022063 0.000000 0.000000 0.000000 0.000000 0.000000 0.000000 0.000000 0.000000 0.000000 0.000000 0.000000 0.000000 0.000000 0.000000 0.000000 0.000000 0.000000 0.000000 0.000000 0.000000 0.000000 0.000000 0.008048 0.078806 0.196578 0.479988 0.479954 0.479759 0.479733 0.479729 0.479747 0.479567 0.478348 0.479975 0.479837 0.479849 0.479785 0.479772 0.479829 0.479865 0.479852 0.479774 0.479765 0.479878 0.244300
0.000000 0.000000 0.000000 0.000000 0.000000 0.000000 0.000000 0.000000 0.000000 0.000000 0.000000 0.000000 0.000000 0.000000 0.000000 0.000096 0.008546 0.005329 0.000000 0.000000 0.000000 0.000000 0.000000 0.000000 0.000000 0.000000 0.000000 0.000000 0.000000 0.000000 0.000000 0.000000 0.000000 0.000000 0.000000 0.000000 0.000000 0.000000 0.000000 0.000000 0.019348 0.116299 0.347385 0.479987 0.479957 0.479810 0.479731 0.479737 0.479741 0.479769 0.479837 0.479830 0.479842 0.479844 0.479776 0.479749 0.479824 0.479843 0.479828 0.479922 0.479587 0.381668 0.224113
0.000000 0.000000 0.000000 0.000000 0.000000 0.000000 0.000000 0.000000 0.000000 0.000000 0.000000 0.000000 0.000000 0.000000 0.000000 0.004218 0.009178 0.010063 0.000000 0.000000 0.000000 0.000000 0.000000 0.000000 0.000000 0.000000 0.000000 0.000000 0.000000 0.000000 0.000000 0.000000 0.000000 0.000000 0.000000 0.000000 0.000000 0.000000 0.000000 0.000036 0.048297 0.095328 0.224793 0.479975 0.479929 0.479776 0.479799 0.479746 0.479741 0.479757 0.479767 0.479766 0.479765 0.479758 0.479754 0.479740 0.479804 0.479401 0.340723 0.197906 0.143559 0.083622 0.030317
0.000000 0.000000 0.000000 0.000000 0.000000 0.000000 0.000000 0.000000 0.000000 0.000000 0.000000 0.000000 0.000000 0.000000 0.010100 0.030514 0.028564 0.029543 0.012333 0.000000 0.000000 0.000000 0.000000 0.000000 0.000000 0.000000 0.000000 0.000000 0.000000 0.000000 0.000000 0.000000 0.000000 0.000000 0.000000 0.000000 0.000000 0.000000 0.000000 0.020584 0.098010 0.304885 0.261214 0.479931 0.430263 0.434430 0.479750 0.479795 0.479754 0.479741 0.479756 0.479778 0.479794 0.479771 0.479727 0.479734 0.479602 0.393473 0.209155 0.121374 0.025244 0.009910 0.000000
0.000000 0.000000 0.000000 0.000000 0.000000 0.000000 0.000000 0.000000 0.000000 0.000000 0.000000 0.000000 0.000000 0.012016 0.088771 0.198192 0.134289 0.062600 0.021865 0.000000 0.000000 0.000000 0.000000 0.000000 0.000000 0.000000 0.000000 0.000000 0.000000 0.000000 0.000000 0.000000 0.000000 0.000000 0.000000 0.000000 0.000000 0.000000 0.000000 0.028104 0.125084 0.185321 0.206726 0.260598 0.421342 0.479939 0.479945 0.479831 0.479789 0.479778 0.479769 0.479754 0.479754 0.479736 0.479808 0.477530 0.479990 0.414093 0.284296 0.152477 0.022965 0.000000 0.000000
0.000000 0.000000 0.000000 0.000000 0.000000 0.000000 0.000000 0.000000 0.000000 0.000000 0.000000 0.000000 0.000000 0.010387 0.191794 0.479338 0.427144 0.115263 0.003355 0.000000 0.000000 0.000000 0.000000 0.000000 0.000000 0.000000 0.000000 0.000000 0.000000 0.000000 0.048571 0.000000 0.000000 0.000000 0.000000 0.000000 0.000000 0.000000 0.000000 0.028289 0.045084 0.058113 0.078606 0.080219 0.411755 0.479990 0.479955 0.479844 0.479843 0.479792 0.479761 0.479771 0.479800 0.474696 0.427881 0.361177 0.301662 0.293736 0.257884 0.117265 0.006766 0.000000 0.000000
0.000000 0.000000 0.000000 0.000000 0.000000 0.000000 0.000000 0.000000 0.000000 0.000000 0.000000 0.000000 0.000000 0.000851 0.034653 0.084636 0.035769 0.009018 0.000000 0.000000 0.000000 0.000000 0.000000 0.000000 0.000000 0.000000 0.000000 0.000000 0.000000 0.000000 0.000000 0.000000 0.000000 0.000000 0.000000 0.000000 0.000000 0.000000 0.000000 0.014814 0.022287 0.016072 0.026336 0.077329 0.194865 0.192857 0.479967 0.479946 0.479912 0.479784 0.479808 0.479814 0.479657 0.439122 0.339265 0.254624 0.191137 0.135173 0.101157 0.023812 0.000000 0.000000 0.000000
0.000000 0.000000 0.000000 0.000000 0.000000 0.000000 0.000000 0.000000 0.000000 0.000000 0.000000 0.000000 0.001346 0.033317 0.130304 0.228676 0.058912 0.042941 0.026794 0.000478 0.000000 0.000000 0.000000 0.000000 0.000000 0.000000 0.000000 0.000000 0.000000 0.000000 0.000000 0.000000 0.000000 0.000000 0.000000 0.000000 0.000000 0.000000 0.000000 0.000000 0.000000 0.036187 0.144189 0.057104 0.153873 0.130456 0.479980 0.479942 0.479819 0.479808 0.479735 0.479847 0.475426 0.422244 0.219878 0.123570 0.049911 0.045443 0.035927 0.011573 0.000000 0.000000 0.000000
0.000000 0.000000 0.000000 0.000000 0.000000 0.000000 0.000000 0.000000 0.000000 0.000000 0.012496 0.046065 0.116295 0.406716 0.479963 0.479971 0.479940 0.479978 0.336336 0.184098 0.027786 0.006539 0.000058 0.000000 0.000000 0.000000 0.000000 0.000000 0.000000 0.000000 0.000000 0.000000 0.000000 0.000000 0.000000 0.000000 0.000000 0.000000 0.000000 0.000000 0.000000 0.004064 0.031284 0.050027 0.090379 0.118315 0.479987 0.479949 0.479810 0.479616 0.479637 0.393302 0.388628 0.190242 0.062634 0.039604 0.031910 0.036017 0.034260 0.038144 0.000000 0.000000 0.000000
0.146928 0.160450 0.080416 0.000000 0.000000 0.000000 0.000000 0.000000 0.000000 0.000000 0.044845 0.323965 0.308608 0.479983 0.479974 0.479952 0.479932 0.479951 0.479981 0.424817 0.336591 0.138865 0.068951 0.027110 0.002924 0.000000 0.000000 0.000000 0.000000 0.000000 0.000000 0.000000 0.000000 0.146083 0.000000 0.000000 0.000000 0.000000 0.000000 0.000000 0.000000 0.000000 0.027517 0.063461 0.080199 0.269902 0.479989 0.479957 0.479781 0.479609 0.473352 0.240726 0.063338 0.020543 0.016792 0.018670 0.022077 0.026001 0.023863 0.031423 0.002837 0.000000 0.000000
0.314460 0.479984 0.223297 0.007485 0.000000 0.000000 0.000000 0.000000 0.000000 0.000000 0.028484 0.437761 0.479985 0.479956 0.479946 0.479930 0.479751 0.479932 0.479933 0.479961 0.479977 0.222773 0.052998 0.010085 0.000000 0.000000 0.000000 0.000000 0.000000 0.000000 0.000000 0.000000 0.000000 0.000000 0.000000 0.000000 0.000000 0.000000 0.000000 0.000000 0.000000 0.000000 0.025063 0.070097 0.087271 0.072328 0.479988 0.479956 0.479903 0.456871 0.437156 0.274486 0.051657 0.020101 0.001736 0.000000 0.000000 0.005744 0.016916 0.018320 0.016066 0.000000 0.000000
0.396503 0.194784 0.163833 0.037616 0.000000 0.007978 0.000000 0.000000 0.000000 0.000000 0.020059 0.092538 0.479969 0.479890 0.479781 0.479735 0.479677 0.479891 0.479933 0.479941 0.479957 0.356527 0.108594 0.023206 0.012508 0.002904 0.000000 0.000000 0.000000 0.000000 0.000000 0.000000 0.000000 0.000000 0.000000 0.000000 0.000000 0.000000 0.000000 0.000000 0.000000 0.007986 0.042458 0.103865 0.090870 0.042140 0.479990 0.479967 0.479972 0.431441 0.413369 0.151101 0.050717 0.018080 0.000000 0.000000 0.000000 0.000000 0.000737 0.000000 0.000000 0.000000 0.000000
0.462457 0.272708 0.263265 0.151956 0.075448 0.108502 0.008241 0.044557 0.045257 0.023087 0.017895 0.076635 0.182913 0.479863 0.479780 0.479703 0.479618 0.479688 0.479762 0.479909 0.479939 0.479459 0.479339 0.385533 0.149248 0.083736 0.049146 0.042405 0.030312 0.000000 0.000000 0.000000 0.000000 0.000000 0.000000 0.000000 0.000000 0.000000 0.000000 0.000000 0.015713 0.044289 0.060725 0.059016 0.103823 0.036543 0.479977 0.479975 0.479980 0.405892 0.152118 0.054078 0.031270 0.009484 0.000000 0.000000 0.000000 0.000000 0.000000 0.000000 0.000000 0.000000 0.000000
0.479979 0.479914 0.479447 0.337875 0.214974 0.208349 0.086450 0.133091 0.245084 0.318845 0.272549 0.152582 0.374125 0.425346 0.479936 0.479912 0.479627 0.479573 0.479651 0.479707 0.479924 0.479945 0.479960 0.479981 0.479178 0.404651 0.213800 0.186488 0.082258 0.015065 0.000796 0.000000 0.000000 0.000000 0.000000 0.000000 0.000000 0.000000 0.013875 0.051016 0.080217 0.063271 0.053524 0.081272 0.037635 0.032416 0.378752 0.479977 0.479985 0.223999 0.168896 0.074212 0.031821 0.003378 0.000000 0.000000 0.000000 0.000000 0.000000 0.000000 0.000000 0.000000 0.000000
0.479976 0.479892 0.479480 0.428599 0.380138 0.455380 0.367789 0.314339 0.404203 0.442381 0.479192 0.478205 0.479509 0.425229 0.479956 0.479936 0.479684 0.479612 0.479679 0.479743 0.479727 0.479917 0.479937 0.479957 0.479970 0.479987 0.379935 0.134680 0.071776 0.028384 0.000000 0.000000 0.000000 0.000000 0.000000 0.000000 0.000000 0.008685 0.054435 0.082450 0.040254 0.036843 0.037624 0.037958 0.038263 0.037276 0.479888 0.479975 0.479932 0.139182 0.283016 0.205815 0.069500 0.016577 0.000000 0.000000 0.000000 0.000000 0.000000 0.000000 0.000000 0.000000 0.000000
0.479867 0.479849 0.479514 0.473084 0.446584 0.479269 0.479363 0.445322 0.458046 0.479942 0.479857 0.479887 0.479943 0.479988 0.479969 0.479943 0.479920 0.479624 0.479992 0.459126 0.479690 0.479628 0.479862 0.479847 0.479944 0.405668 0.164846 0.036062 0.028060 0.025722 0.015124 0.000000 0.000000 0.000000 0.000000 0.000000 0.000000 0.023323 0.107540 0.069965 0.047182 0.034730 0.038104 0.037934 0.041771 0.353052 0.479988 0.479989 0.479989 0.409006 0.329044 0.418430 0.204026 0.082029 0.025340 0.000000 0.000000 0.000000 0.000000 0.000000 0.000000 0.000000 0.000000
0.479815 0.479794 0.479842 0.461179 0.468945 0.479408 0.479983 0.479949 0.479898 0.479855 0.479818 0.479795 0.479815 0.479821 0.479894 0.479940 0.479933 0.479656 0.478346 0.479647 0.374929 0.241676 0.193702 0.140272 0.035334 0.034808 0.030049 0.026100 0.050427 0.012517 0.000008 0.000000 0.000000 0.000000 0.000000 0.000000 0.000000 0.025355 0.094185 0.103573 0.292213 0.297482 0.124841 0.455025 0.479986 0.479988 0.479614 0.425034 0.337457 0.423762 0.431306 0.424554 0.373421 0.171408 0.152085 0.047475 0.005201 0.000000 0.000000 0.000000 0.000000 0.000000 0.000000
