geotop_simulations/templates/TEST_Venosta_3D_034_template/rec/SoilTemperature0000L0006.old.asc
ncols         252
nrows         194
xllcorner     598250.000000
yllcorner     5144500.000000
cellsize      250.000000
NODATA_value  -9999.0
[rows 28 to 55 of 194, columns 62 to 123 of 252]
7.483804 7.455135 7.700392 7.985405 8.190795 8.369930 8.554206 9.233438 11.561072 11.547145 11.446919 18.082864 17.883573 16.911744 10.070887 10.204330 9.922051 9.877926 10.110422 10.230726 7.797888 8.134656 8.084028 10.856676 10.944605 11.164579 9.136353 15.459755 12.158526 9.372242 11.058950 12.921638 12.911875 8.425945 6.605430 6.317164 6.153670 8.261767 8.056486 7.941514 7.694575 6.691029 8.383408 7.150226 7.139229 7.154969 8.574546 10.789099 10.838366 8.918465 4.972128 4.587168 6.805073 8.147928 9.472726 9.564130 9.241712 4.400229 6.628763 6.315583 5.457894 5.639484
12.811551 7.663109 7.064121 7.239708 7.551679 7.948504 8.360261 14.272441 9.956434 11.565960 11.472469 11.341043 18.078303 17.872454 8.831199 8.799912 8.688543 8.468860 8.350658 8.373260 6.620450 8.471939 7.502386 13.676197 13.902168 13.787697 13.289345 12.494862 5.556542 5.275356 5.314486 5.254773 5.590828 5.798344 7.270065 7.278590 7.070259 6.899077 9.348751 9.015572 8.519450 6.934649 6.502099 11.236971 10.702583 9.300248 8.591154 9.512693 9.416716 8.727721 7.823086 6.548036 5.625937 7.092388 7.839717 7.613267 7.569241 4.655854 4.767965 4.019697 5.609762 5.527037
6.655489 6.597653 8.027915 8.032135 8.170190 8.848171 8.468838 9.462292 10.000951 11.519511 11.440436 11.299250 11.198310 18.078487 18.126709 15.808765 15.919549 10.971206 7.999458 7.992953 9.811257 14.915496 14.854085 14.411036 13.759295 7.898064 7.523492 6.452805 6.277481 6.090170 5.975748 6.054268 6.290983 6.620154 6.555580 8.557839 8.641304 8.591793 8.452976 8.232190 8.572258 9.263109 8.633163 6.948959 7.121605 10.922160 9.523529 9.023883 8.270317 7.399942 6.229305 5.834886 5.915410 6.246639 5.894528 5.926733 6.359351 6.433416 6.883283 6.981766 5.520248 5.647809
8.617318 7.603161 9.470827 9.684794 8.648731 9.022938 9.426185 9.709045 9.900115 11.390935 11.360332 11.222030 11.050706 10.887042 17.689122 15.402193 15.519779 15.289884 15.190606 8.509566 8.860135 7.850412 10.357785 12.538863 12.308801 8.329777 10.155269 10.278791 8.285499 7.558833 7.646470 7.687460 8.092790 7.987206 8.029205 7.632565 7.619397 6.773428 7.607058 8.954550 7.239407 7.677688 6.687680 6.141206 5.559654 5.811044 9.490950 7.508044 6.667749 5.606319 4.818406 4.756967 5.414460 5.359255 4.945373 5.433044 6.010716 5.942080 6.466090 6.453541 5.313128 4.684557
7.046840 8.271704 7.719477 7.232422 8.401613 7.776420 9.556840 8.713848 9.035630 9.828680 11.230232 11.086998 10.925723 10.784085 10.673834 14.893908 14.416272 9.698782 9.112970 7.858038 7.492615 7.227818 6.926960 7.504676 7.378064 7.577982 7.864271 6.766120 6.683568 6.400673 6.326360 6.380380 5.882455 5.842509 5.323029 4.816085 4.522282 7.190010 7.609933 8.314031 8.442371 7.233410 6.724566 6.311083 6.259225 9.907469 8.318679 5.743788 5.326302 4.610438 3.952091 4.473259 5.552694 4.646920 3.785228 4.474236 4.886864 4.795311 5.667870 5.665359 4.431127 3.533983
6.971662 8.597642 8.091237 8.307830 7.654950 7.935995 6.709403 8.789133 8.637006 6.853945 11.019236 10.895265 10.733214 10.591523 10.123990 12.532496 8.129171 7.744522 7.483673 6.107427 11.692264 10.246432 5.696294 5.716349 5.517846 6.551999 6.636798 5.627068 5.639856 5.843014 5.792480 4.234722 5.865160 4.982154 5.901890 5.172115 4.691345 5.852763 5.464242 5.587181 7.410844 6.812359 6.528021 6.294650 5.946732 9.350770 7.554441 6.489383 4.751595 3.715777 5.466220 8.086125 8.717830 8.402210 6.549263 4.676377 3.259678 3.685057 5.317477 5.193310 4.070743 2.754047
5.523075 5.425427 5.312917 4.253182 4.462701 4.826821 4.997480 5.128944 5.670779 6.403431 10.629113 10.618634 10.433107 10.277389 9.902266 11.964682 6.018780 5.487257 4.998266 4.408723 10.805690 3.146701 7.879626 6.982165 8.359220 10.271473 2.807277 3.114645 2.659907 2.493223 2.348288 3.020116 2.286386 4.313849 4.813460 3.231460 4.475806 3.431000 1.958056 9.053602 11.154666 3.439222 3.411074 3.125091 2.817884 1.759930 0.601781 7.881172 5.743633 5.784735 8.267158 9.174236 9.403100 8.914375 7.238296 5.491735 3.187156 3.354328 4.591896 3.724057 2.392785 -0.002394
5.245549 5.243085 5.095727 3.872111 4.208277 4.567429 4.798370 5.168034 5.639116 6.084548 4.176271 10.196962 10.071992 9.914114 9.891934 15.740225 5.852555 5.271436 4.702209 3.973081 9.790112 2.849888 7.457598 7.125727 8.083959 2.526225 2.573263 2.697515 2.799967 2.642171 2.800122 2.691346 1.940327 3.147361 4.695970 3.136688 2.762071 3.708833 2.473758 8.128826 8.360466 10.829010 2.853712 2.680986 2.109144 0.919262 0.426425 7.730492 7.654885 8.365062 9.387772 10.100410 10.450460 9.487220 6.007048 4.266253 3.811616 3.102569 0.947715 -0.687865 -0.679508 -0.539895
4.930251 4.918870 4.789219 4.661614 3.810141 4.273226 4.578053 5.090665 5.533391 5.880009 5.989227 7.755542 9.618438 9.460678 9.402975 15.140284 10.846885 5.085090 4.466776 3.698615 3.485642 2.902140 2.523027 8.484996 2.644527 2.500234 2.313948 2.570007 3.045621 3.021375 3.207699 2.883213 2.217748 2.070707 3.905776 4.231792 3.932361 3.459821 2.735884 1.640473 7.120264 8.459332 1.499141 2.054463 1.218316 8.221515 7.751269 6.980364 7.605539 9.042412 10.065068 10.971809 10.660855 9.439025 5.761158 4.342706 4.404714 3.207314 -0.584893 -0.443075 -0.388984 -0.341085
4.494990 4.406501 4.200207 4.101798 3.399369 3.914294 4.370714 4.824336 5.242224 5.653671 11.171777 7.247029 9.165242 9.055226 8.922263 14.230378 5.800502 5.373855 4.110254 3.383011 3.550471 3.007270 8.515854 9.082220 2.794132 2.549012 2.240232 2.459359 3.040620 3.166911 3.364849 9.685484 9.693636 1.491809 2.742590 3.896030 3.599327 3.289937 2.762693 2.241187 7.969725 8.299984 9.549250 9.818199 0.467730 0.586816 9.096638 7.028780 7.732788 8.836667 10.290291 11.299538 8.402871 6.255235 4.269242 3.917929 3.765583 -0.006379 -0.349572 -0.011071 -0.009962 -0.264646
3.466296 3.530619 3.686230 3.744988 3.059667 3.610538 4.095494 4.512400 4.908933 5.353808 5.805303 6.795078 8.688340 8.630772 8.498776 13.471169 5.453046 5.010790 3.783788 3.105984 2.415639 3.021055 9.364815 10.734188 3.336361 8.937529 2.412315 2.259649 2.494407 2.787996 3.233986 3.008741 10.562312 1.609508 1.710539 3.487785 3.267454 3.006368 2.501570 2.209183 8.981173 8.875820 9.554081 9.172639 0.377726 0.456018 8.285488 6.902482 8.601460 9.084794 10.416162 11.449140 7.621621 4.081227 2.693149 1.126494 -0.017450 -2.193795 -0.257827 -1.366568 1.478315 3.425002
2.912032 9.205211 3.220189 3.375494 3.667721 3.168902 3.687866 4.143890 4.595790 5.043126 5.482551 6.249280 8.216649 8.194736 8.089247 13.006189 5.277877 4.845329 3.614866 2.980293 3.688627 3.714826 11.916389 12.464687 11.916258 3.475357 2.713024 1.981876 2.112697 2.447986 10.202903 11.113363 2.839591 1.950340 1.329298 2.702483 2.851903 2.491467 2.180083 8.772659 9.544629 8.439656 8.017570 0.498599 0.283978 -0.005159 5.539483 5.634103 8.646185 9.817586 10.910416 11.080244 6.976625 3.895529 2.675959 -0.049918 -0.595875 -0.467296 -0.017165 -0.031736 3.664752 4.602628
10.468076 9.936704 10.134402 3.118006 3.289719 3.554241 3.150328 3.673120 4.204215 4.691272 5.176561 5.763475 7.764116 7.780487 7.730898 12.825790 5.176988 4.776485 3.541856 3.101030 2.813229 4.030313 3.898516 3.943435 3.828168 3.656991 3.413849 2.390048 1.806311 1.818724 8.763673 9.313075 9.386646 1.658055 1.270347 2.158242 2.479368 2.210396 9.414827 9.115670 8.924788 6.829224 5.742652 5.677651 5.749829 5.383437 5.304077 7.034476 9.039647 10.282391 11.046722 9.786556 5.772492 3.467522 0.938884 -0.609400 -0.417671 -0.405632 -0.023468 1.776287 4.804342 5.450080
3.274676 9.853227 9.148622 9.617283 2.881643 3.216806 2.700496 3.242186 3.783425 4.315470 4.883402 5.342688 7.347196 7.402561 7.372351 12.447237 11.972245 4.812508 4.631900 3.202962 2.856522 2.561198 2.372880 3.797691 3.560408 3.434596 3.437001 2.994049 2.015506 7.109567 7.074002 6.974988 7.347072 8.732923 10.143848 2.226905 2.870136 2.624439 10.650884 9.969043 9.178253 7.609765 4.935220 4.001558 4.174891 6.093034 9.316894 9.646880 10.254903 11.083089 11.404405 9.399233 4.429193 2.409255 -2.083962 -0.512039 -0.010847 -0.215552 -0.001772 4.340565 5.456418 6.211667
2.751507 9.390663 8.121135 7.816254 1.991889 2.631902 3.031344 2.903569 3.469943 4.009780 4.616589 4.858788 6.964306 7.032818 6.980567 12.042714 5.093732 4.835642 4.567016 4.147363 2.655777 2.195579 1.991459 1.966184 3.336258 3.239259 3.209209 3.122008 3.138967 3.036122 2.760567 2.359812 2.051767 9.531750 10.578024 2.029853 2.973708 2.692906 2.558354 2.294519 1.507435 0.472683 6.284984 4.394517 4.601488 7.187111 9.355816 10.278707 11.097970 11.817960 11.794015 0.231976 4.088796 2.799550 1.059009 -0.010454 1.939327 1.956174 3.801054 5.046925 6.101721 7.004619
8.794543 8.943246 8.497482 7.952971 8.221796 2.337709 2.738404 3.219826 3.247412 3.813674 4.424620 4.213221 6.631136 6.706970 6.616475 5.167416 4.862871 4.735193 4.143835 3.596163 9.078366 8.051062 2.265676 2.153804 2.553282 2.891413 2.719302 2.829304 2.964443 3.008580 2.993363 10.565446 3.045901 10.890610 1.851693 1.763574 1.964089 1.719216 1.826838 1.513741 0.425398 0.276005 6.388782 6.074698 6.532302 7.815452 9.149908 10.501321 11.456902 11.893214 0.741650 -0.022706 -0.039925 3.487636 3.001475 1.547334 4.122212 4.290840 4.584311 5.588659 6.758777 8.111270
6.252893 8.180774 9.290425 9.490763 9.424657 2.366258 2.695357 2.601360 3.144744 3.736433 4.324484 4.808922 4.838256 6.513259 8.504594 5.023801 4.789166 4.323081 4.126061 3.841199 3.793336 11.057038 11.228568 10.773250 2.824878 9.779074 1.927556 1.609054 1.457659 7.549942 7.777140 10.008595 11.151478 2.804041 1.912793 1.564424 1.525411 1.090830 0.767336 0.254711 -0.005991 -0.007308 5.504689 7.923435 8.733893 8.845849 8.991631 10.177265 11.384297 1.690223 0.572833 -0.027395 3.068974 1.129499 -2.497299 -0.459610 1.425212 4.794014 5.216854 6.297086 7.645701 8.917740
6.033700 8.092934 9.405657 9.897775 9.890336 2.293494 2.577721 2.484143 3.039270 3.645272 4.218973 4.678497 8.076428 6.457829 8.154896 8.177652 4.768982 8.371078 4.459135 4.213414 12.633111 13.091740 12.967505 12.001350 3.008701 9.608726 2.089620 1.333267 0.306299 5.397841 7.296626 9.319918 10.502730 2.571160 2.059276 1.776518 1.320132 0.617607 0.255076 0.140256 -0.005435 6.461749 7.844391 9.283842 9.761042 10.127101 10.357065 10.745558 11.400368 11.608026 0.801374 5.308586 3.368198 1.160495 -0.434054 -0.030128 1.406981 5.185163 5.641993 6.354889 8.043236 9.234071
9.272112 9.359110 9.709568 10.032778 2.088010 2.319395 2.580031 2.422850 3.050545 3.656450 4.186876 4.615341 5.878311 6.429730 8.103174 4.927800 4.772402 8.493505 4.106941 8.899070 12.906506 12.686056 11.589266 3.243017 3.018900 9.657533 9.787010 1.987480 1.528059 1.401606 8.186273 8.826505 9.696980 2.260985 1.902323 1.627549 1.275894 0.773476 0.391798 0.607911 8.156674 9.351336 9.735012 10.285936 10.713636 11.047354 11.531440 11.893424 11.877311 9.858840 -0.009352 -0.024311 3.868946 2.921511 1.248745 2.521784 4.624317 5.507679 5.585548 5.803666 6.596816 7.520819
9.970722 10.048590 10.070351 1.915650 2.060748 2.235295 2.039849 2.515077 3.127383 3.697914 6.923771 7.215175 4.552065 4.640979 8.216545 4.960951 4.815555 8.341394 4.274954 3.972422 3.600244 3.131784 2.649597 2.150517 3.311757 2.968700 2.600215 2.303384 2.224074 9.461517 2.255261 8.514703 9.398871 2.141185 1.583268 1.331367 0.909940 0.663720 0.790109 7.191551 8.524627 9.924530 10.521779 11.311586 11.728881 11.865066 12.171278 12.399233 12.390371 10.130871 -0.011317 4.462142 3.454299 1.139467 -0.356707 -0.071750 3.480060 4.234316 3.908675 3.888992 4.737027 6.405410
8.212049 8.768481 9.274616 1.829662 2.086143 2.229565 2.127472 2.652336 3.217890 3.667727 4.132707 4.498780 6.273555 4.781480 8.278828 8.439259 4.836849 8.666508 8.882081 4.182284 3.830107 3.371311 2.852871 2.501552 3.508369 3.067262 9.170788 2.408474 2.590151 2.906888 2.960395 2.426536 1.852313 9.167383 9.307923 0.985834 0.354707 0.676384 7.004397 6.727049 8.368075 9.875007 11.379818 12.235388 12.593717 2.867089 2.939118 2.976963 2.878592 1.174679 -0.019878 3.511820 2.218679 -0.007753 -0.481269 -0.716465 -0.009441 -0.006065 1.890786 3.491280 4.819669 6.548861
9.204324 8.965835 9.060991 1.902537 2.282694 2.484226 2.209004 2.806743 3.230250 3.708359 4.181595 4.558781 7.939280 4.961074 8.404550 8.505246 4.875957 8.688576 8.898991 8.847356 3.888956 3.499233 3.045012 2.577229 3.332804 2.972952 2.783697 2.816484 2.932978 3.003721 2.923288 2.696527 2.075591 7.608192 7.107410 0.173104 5.785030 6.312390 6.306647 7.968926 9.908174 10.862065 11.969917 12.883394 3.071842 3.243312 3.364166 3.206365 1.577564 -0.004962 -0.020455 2.952955 1.002163 -0.016671 -0.706349 1.591609 1.274677 1.304408 3.984718 5.291044 6.980539 8.204416
10.770057 10.450891 10.336182 10.589160 2.659117 2.825714 2.461761 2.865825 3.325359 3.826914 4.288372 4.674882 8.260159 5.216598 8.857343 5.224162 5.069341 8.440408 4.488839 4.091428 3.757508 3.406737 2.976017 2.440424 1.815690 2.722714 2.712042 2.615534 2.794719 2.902719 2.930911 2.799032 9.648943 1.136994 5.165634 4.334134 4.783175 6.361924 7.903490 9.604804 10.619098 11.600917 2.502418 2.937193 3.332928 3.565631 3.481466 1.500103 -0.004926 6.224380 5.049419 3.759871 3.938389 4.117732 3.464540 3.651070 3.519070 4.561035 5.311716 6.445291 7.743318 8.524010
10.460338 10.767694 2.475306 2.707318 2.894130 2.125799 2.540319 2.969551 3.444644 3.937323 4.403509 4.824070 8.681327 6.741846 12.341028 5.491368 5.320373 5.086596 4.566728 3.970282 3.429786 2.986728 2.578954 2.116104 1.694796 2.981339 3.661933 3.659619 3.561262 3.576744 3.402429 3.073843 10.084665 8.342181 6.950423 7.585983 9.143785 10.016115 10.466665 10.949403 11.482674 2.687695 2.650996 2.939788 3.490367 2.272384 1.041617 6.543565 5.897498 5.871944 5.136455 4.714267 5.092682 5.218595 4.452013 3.292731 3.368403 4.686268 5.243817 6.281232 6.985531 7.355745
9.936710 10.145023 2.109631 2.335118 2.606749 2.138548 2.583981 3.073391 3.584626 4.089581 8.677016 8.980658 9.248812 5.708797 7.773166 5.812701 10.279850 5.381031 4.866133 4.285632 3.780515 3.408035 4.392677 4.239680 4.146628 4.384454 4.448061 4.276218 4.008865 3.513416 3.504818 2.999262 10.016283 8.904612 9.592045 10.159558 10.931860 11.446203 3.104478 3.200917 12.342919 2.976540 2.891340 3.016662 2.564773 1.125211 -0.005281 4.943763 5.119745 5.247551 4.910577 4.784074 5.420727 5.150812 3.906497 2.094442 3.238940 4.183945 4.546032 5.500508 6.192984 6.841535
8.575842 8.855384 1.783365 2.029343 2.464006 2.348131 2.688585 3.270848 3.836571 4.373215 4.879125 9.624206 9.804228 7.840959 7.994693 8.034005 10.645712 10.370344 5.108449 4.629550 4.350615 4.130285 3.782403 3.411433 3.144880 4.846432 4.510107 4.424882 4.006230 3.742032 3.416453 2.854071 2.535759 2.220234 9.814585 10.595851 3.088928 3.133419 3.239777 3.340339 3.375315 3.283248 3.174448 3.416733 2.321945 6.930342 5.527991 5.339749 5.081727 4.651975 4.608336 4.496629 4.298210 3.762183 3.466220 3.979426 4.748510 5.381559 5.895130 6.111867 6.366360 7.380371
8.105481 7.775665 1.927273 2.148845 2.650046 2.455508 2.931022 3.511490 4.101971 4.643914 5.212318 5.777887 6.142894 8.096686 8.131638 6.266155 10.960021 10.793875 5.481351 5.146972 4.885256 4.527911 4.270196 3.860472 3.705831 3.447217 4.895217 4.680494 4.335854 4.022324 3.431029 2.994642 2.463734 8.372962 9.519144 10.536821 3.093263 3.255874 3.455024 3.572078 3.633488 3.641666 3.500716 2.972248 2.528424 7.835001 8.040414 8.050111 6.165982 4.633648 3.930360 3.128396 1.069171 -0.044166 3.673858 5.394876 5.628167 6.457462 7.043899 7.245091 7.569355 8.267698
10.261965 9.897649 9.661653 9.755080 10.187922 4.024069 3.324005 3.818078 4.367762 4.878368 5.499636 6.164794 6.397179 8.275390 8.305452 6.406829 6.575549 6.322474 5.959747 5.705656 5.372145 4.978316 4.359658 4.012466 4.099409 5.259863 5.115320 10.758906 4.459387 3.968925 3.298340 2.524849 8.321896 8.244429 10.053319 3.063567 3.087412 3.340033 3.626171 3.844959 3.956506 3.943557 3.916650 2.883464 2.245454 0.670489 8.324136 7.185742 5.033996 3.442722 0.823286 -0.556769 -0.541549 -0.001443 4.472315 6.057079 6.738686 7.698160 8.046481 8.077362 8.471764 0.651057
