geotop_simulations/templates/TEST_Venosta_3D_034_template/rec/SoilTemperature0000L0002.old.asc
ncols         252
nrows         194
xllcorner     598250.000000
yllcorner     5144500.000000
cellsize      250.000000
NODATA_value  -9999.0
[rows 84 to 111 of 194, columns 63 to 125 of 252]
7.751333 7.512883 8.197961 8.556721 8.811721 10.172677 10.469730 10.633495 9.272584 11.552147 11.442612 6.437889 6.423312 11.545332 11.697007 13.399114 13.342723 13.218887 11.906905 11.604180 11.284307 10.944625 9.924435 9.466664 8.964990 8.459508 8.548894 7.966794 6.809149 6.229663 5.706971 5.315047 5.097589 5.015257 5.058984 5.338387 7.032246 7.133112 6.933419 6.355311 6.215408 5.407983 4.922752 4.265634 3.434779 2.549128 1.519021 0.606302 0.004551 0.001654 -0.002796 -0.005348 -0.018390 -0.020850 0.301456 0.322614 0.302707 0.130879 -0.003688 -4.350805 -0.001004 -3.207610 -2.843567
7.475618 7.082577 8.573415 8.864038 9.151383 8.247237 9.641105 9.869378 10.147008 10.525416 10.467343 6.265041 6.359339 6.335365 11.515764 13.314250 13.220617 13.146960 12.976736 11.594990 11.378737 11.137679 10.843410 10.453253 9.887967 8.907195 8.780456 8.304543 7.850796 6.649343 6.141614 5.755236 5.550992 5.464520 5.478210 5.700919 6.481066 7.461819 6.957043 6.610398 6.117581 5.569132 4.989537 3.874519 3.059638 2.177830 1.262517 0.465584 0.001037 -0.001584 -0.004488 -0.017669 0.214291 0.159881 -0.005666 -0.005776 -0.012563 -4.279735 -1.233833 0.249726 0.321221 0.302119 0.340763
7.145654 7.564336 7.794643 8.025755 8.343038 8.643001 8.836234 9.071115 9.486417 9.835339 10.710781 10.837285 6.235537 6.258621 6.223777 6.209583 6.143462 11.226356 13.012020 11.678710 11.442312 11.228898 10.968187 10.621916 10.104941 9.306648 9.101421 8.596761 8.169635 7.680439 6.570222 6.203805 6.020823 5.921899 5.853988 6.291718 6.925458 7.001850 6.930518 6.492118 6.113557 5.424763 4.730587 3.559472 2.889753 2.163656 1.252463 0.563103 -0.002093 -0.007091 -0.009480 0.242683 0.127153 0.012217 -0.002088 -1.789447 -0.903947 -0.633733 0.139661 0.391505 0.418890 0.376255 0.135088
6.342790 6.635940 6.940455 7.287974 7.687872 8.054097 8.341161 8.585777 8.958010 9.505108 9.970962 11.192351 7.798942 6.195651 6.207892 6.176448 6.133061 6.046064 11.882069 11.652701 11.309136 11.090974 10.987831 10.824091 10.469948 9.180347 8.631144 8.950987 8.528187 8.055891 6.804466 6.529270 6.341149 6.424331 6.377338 6.909198 7.266605 7.059717 7.021266 6.560697 5.923653 5.226697 4.445121 3.651620 2.960977 2.544976 1.240931 0.320281 -0.003891 -0.009552 -0.013549 0.200251 0.082903 0.031612 0.001481 -2.102973 -2.549205 0.204576 0.375731 0.456558 0.479717 0.390048 0.623139
5.587964 5.982090 6.455044 6.982191 7.434003 7.763532 8.096862 8.408612 8.739378 9.327533 9.611974 10.672338 10.842345 6.137145 6.168132 6.128012 6.113031 6.061151 11.085230 11.611662 10.688935 10.313609 10.191799 10.952786 10.697557 10.216901 9.006498 8.488515 8.014394 7.632681 7.299690 7.020202 6.793652 8.030904 7.681665 7.295832 7.505400 7.438743 7.074682 6.509311 5.880873 5.183200 4.391466 3.598008 2.892440 2.240156 1.336157 0.255873 -0.013346 0.361760 0.239027 0.207329 0.214058 0.241533 0.272120 0.259280 0.263241 0.332972 0.421594 0.472435 0.583725 0.688306 0.747755
5.407672 5.935030 6.500673 7.216837 7.622075 7.941678 8.269619 8.602483 8.920316 9.417069 9.677813 10.646085 13.183229 7.321331 7.276709 6.098201 6.089581 6.057646 7.621468 11.708284 11.629977 10.585646 10.337775 11.099169 10.916114 10.540489 10.122525 8.907252 8.453609 9.063265 8.867606 7.888444 8.602174 8.508657 7.761163 7.688810 7.635529 7.442635 6.992007 6.400547 5.775415 5.111069 4.340406 3.558923 2.879533 2.027812 0.870503 0.056468 -0.013075 0.268305 -0.018292 -0.015800 0.421400 0.422625 0.422490 0.401859 0.372700 0.397483 0.456318 0.605091 0.844476 1.149495 1.090202
5.594451 6.047284 6.505671 7.181017 7.713355 8.096510 8.374561 8.933089 9.269390 9.698957 9.237506 10.173933 13.292650 7.739799 6.080246 6.059827 6.047280 6.039306 7.593148 12.780370 11.732933 11.673611 11.457027 11.223555 11.070878 10.784697 10.410134 10.042957 9.718198 9.473743 8.699895 8.522728 8.419118 8.334378 8.247208 8.041006 7.737727 7.260146 6.679824 6.105597 5.551944 5.001906 4.329700 3.547586 2.810429 1.882313 0.697069 0.025804 -0.013155 -0.015866 -0.019049 0.153499 0.463678 0.542864 0.562941 0.544923 0.411987 0.281453 0.622516 0.988414 1.716229 1.771435 0.035638
5.991977 5.953850 6.227441 7.074465 7.671011 8.167354 8.453020 8.608363 8.791521 9.266951 9.979612 13.510619 10.868868 11.012666 7.652119 5.988105 5.974084 5.957882 7.523826 12.586780 11.374123 11.347194 11.313365 11.188846 11.050204 10.911461 10.664844 10.326864 10.015116 9.792253 9.639535 9.029902 8.989302 8.771025 8.458276 8.054131 7.592906 6.994568 6.355681 5.748818 5.156212 4.708057 4.191140 3.470801 2.719503 1.719674 0.571002 0.072121 -0.014335 -0.017438 0.193535 0.720348 0.788752 0.839523 0.924215 0.841964 0.691082 0.585935 0.780953 1.823024 2.401465 0.064204 0.026363
6.149497 6.272613 6.370688 8.117362 8.684945 9.133629 9.493201 8.817658 9.194374 9.774528 11.189523 9.318424 8.477044 9.072744 10.766416 7.468023 7.455759 7.441310 10.822644 12.467362 12.410777 12.323454 12.256729 11.007326 10.995549 10.315527 11.993506 10.575635 10.258876 10.087385 9.513554 9.527201 9.221600 8.833924 7.468103 7.765173 6.534387 5.995928 5.414925 5.427390 4.768378 4.185717 3.743520 3.181698 2.502792 1.515521 0.426590 0.067258 0.216653 0.265002 0.745710 -0.023563 -0.018716 -0.013525 -0.012582 -0.014436 -0.023880 0.731355 1.192804 2.380806 0.097971 0.096507 -0.015708
6.314774 6.684421 6.900151 8.759148 9.243947 9.565127 8.838882 9.212530 9.028754 10.640764 5.993190 8.338913 10.239084 10.169373 10.295979 10.935196 10.580248 10.566998 10.564395 10.618298 10.659952 10.632356 10.525216 10.484099 10.742618 10.111880 10.178639 11.765074 10.493930 11.504395 9.779342 9.521300 9.137978 7.885062 7.254078 6.587985 6.769227 6.171382 5.563146 5.006257 4.423709 3.766584 3.140330 2.664925 2.139687 1.297700 0.283494 0.071991 0.552219 0.787226 1.259456 0.103308 0.097168 0.112521 0.096844 0.100863 0.078459 0.060717 0.131183 0.117458 0.124299 0.171969 0.015004
7.125100 6.803173 7.297886 9.201133 9.638898 9.921963 8.903945 9.915800 5.368195 9.205376 9.077310 8.781405 10.353357 10.286576 8.892723 9.609783 10.086516 10.226245 10.254259 10.332988 10.474394 10.541456 10.322334 9.237085 9.020976 8.574266 8.344042 8.279305 11.646839 11.382525 9.986408 9.252479 9.057017 7.812347 7.121307 7.014172 6.342785 5.702923 5.074905 4.476460 3.952667 3.340561 2.634297 1.980670 1.565949 1.013134 0.131122 0.149709 1.283115 0.200166 2.046770 0.179141 0.181578 0.211541 0.198357 0.388653 0.277792 0.205378 0.282443 0.175591 0.198537 0.543807 0.158698
7.562920 8.301601 8.936261 9.358693 9.719473 9.900071 8.918118 8.695076 9.943918 9.758757 9.561414 9.479465 9.396153 9.316946 9.351461 9.725117 9.546278 10.172705 10.341386 10.064610 10.237005 10.384355 8.450560 5.477237 8.685416 8.611876 8.389417 8.244512 11.512611 11.294788 10.922999 9.456048 8.495506 7.812219 7.547905 6.823711 6.098471 5.370348 4.708961 4.036999 3.410556 2.843046 2.234373 1.607099 1.104253 0.790718 0.764958 1.900323 0.626782 0.549842 0.598314 0.629188 0.412793 0.539258 0.676106 0.964157 0.902586 0.714528 0.475087 0.245707 0.822510 0.928164 0.784991
8.091269 8.683817 9.052486 9.334591 9.609037 9.638692 9.471568 9.254889 9.119266 8.916063 8.614958 8.474541 8.449942 8.471990 8.527841 8.790984 8.797965 9.536089 9.879409 9.778052 10.042685 10.233791 8.763596 5.437785 8.013602 8.847549 8.649751 8.464661 11.557199 9.784517 9.901660 9.422101 8.488701 8.316589 7.524317 6.741208 5.982947 5.192827 4.437729 3.714098 3.021089 2.399862 1.870184 1.350071 1.101361 1.169460 1.324963 1.194078 1.116776 1.024327 1.104181 1.235510 1.202021 0.906717 1.073389 1.448397 1.422456 1.039430 0.933458 0.556775 1.362512 1.339342 1.302084
8.375842 6.698946 5.271881 6.432623 7.623567 8.908922 8.686946 8.395561 8.144093 7.919898 7.669691 7.487198 7.494473 7.674168 7.875782 8.069486 9.195236 9.742497 9.855889 10.156750 9.608702 10.015238 10.167086 5.375813 5.346838 8.840186 8.873607 8.736278 9.831847 9.766254 9.985871 9.516659 8.882242 7.869496 7.584119 6.753270 5.961952 5.155036 4.342692 3.550673 2.834719 2.179991 1.636364 1.415515 1.450495 1.559629 1.496465 1.517150 1.581815 1.569308 1.681131 1.882287 1.897779 1.573096 1.628592 2.240028 1.838160 1.381283 1.209896 0.815319 1.497675 1.688052 1.698388
6.513302 5.142904 7.881377 6.983698 8.157966 7.846169 7.558297 7.300483 7.091748 6.785024 6.602144 6.511087 6.585242 6.929907 7.215782 7.681805 8.844752 9.224298 9.302001 9.594267 9.993467 10.468579 10.068607 5.349621 5.340556 9.797932 8.994568 8.936280 9.826203 9.706957 9.959800 9.540581 8.965931 8.255301 7.695673 6.849767 6.028220 5.207807 4.403404 3.612570 2.912946 2.421420 1.978061 1.752232 1.784737 1.413473 1.662881 1.744247 2.065124 2.196524 2.233249 2.463968 2.525091 2.274600 2.450701 2.621251 2.161990 1.632212 1.311751 0.922309 1.337080 1.862669 2.021569
4.171776 7.707503 6.752560 7.690132 7.096342 6.669867 6.369402 6.122546 5.990938 5.686506 5.499342 5.602045 5.831036 6.319068 6.672022 7.555362 8.388118 8.640638 8.743653 9.160411 9.534369 10.029817 10.603773 10.088816 5.445447 5.401666 8.662287 9.151832 9.831852 9.660414 10.210944 9.848104 8.665723 8.314796 7.285862 6.990479 6.162944 5.342545 4.565714 3.816036 3.149285 2.555294 2.085250 2.124786 1.722529 1.800341 2.134651 2.360028 2.849168 3.186404 3.210120 2.962084 4.160616 4.042445 3.288951 2.915387 2.380659 1.792343 1.378951 1.049270 1.066219 1.780696 2.091304
6.494026 6.218971 7.323927 6.741964 6.102567 5.510486 5.137477 4.991266 4.945747 4.811506 4.743319 4.896817 5.164187 5.727810 6.471074 7.196707 7.771963 8.032898 8.215004 8.736362 9.192598 9.664936 10.336784 9.955876 5.260615 5.393431 5.348553 8.260944 9.545902 10.361858 10.213603 9.887420 8.724422 8.359579 7.404642 6.702493 6.378350 5.586087 4.842002 4.146989 3.532508 2.993048 2.573496 2.313979 2.219657 2.176680 2.572369 2.898029 3.373345 3.796240 3.851045 4.565376 4.513089 3.336538 3.610730 3.140788 2.562068 1.958170 1.493118 1.354174 1.181007 1.557161 2.197992
5.765018 6.862763 6.312042 5.742593 5.278441 4.725923 4.148796 3.910431 3.915513 3.606644 3.828380 3.821457 4.602408 5.216933 5.943645 6.639389 7.164631 7.525192 7.866861 8.354882 8.902520 9.403925 10.079343 9.801535 6.580025 5.219980 5.169987 5.266825 9.128910 10.345215 10.212148 9.643241 8.821905 8.236714 7.576242 6.952096 6.279896 5.948059 5.243517 4.599263 4.040260 3.543429 3.156477 2.914493 2.800185 2.770055 2.910950 3.245385 3.747079 4.252564 4.401367 4.941077 3.873979 4.437923 3.341488 3.311254 2.775777 2.226793 1.774092 1.552256 1.575490 1.651541 2.067321
6.694477 6.025997 5.414413 4.818637 4.413123 4.041022 3.551801 2.645718 2.634589 2.761377 3.008934 3.202165 4.107312 4.784478 5.422727 6.160579 6.809589 7.230753 7.647753 8.109619 8.646454 9.190805 9.864205 9.660023 8.876378 5.189653 5.147420 5.123939 5.238488 8.102795 10.202833 9.735288 9.295887 8.441623 7.829144 7.196028 6.602328 5.998644 5.731520 5.125363 4.606611 4.154390 3.805318 3.564399 3.408071 3.378602 3.438476 3.562758 3.997293 4.566491 4.832655 4.902724 4.239181 3.967559 4.028689 3.518415 3.041360 2.601876 2.210197 2.142518 2.071227 1.880980 1.766761
6.013702 5.358989 4.744463 4.102035 3.489824 2.794062 2.824272 2.657006 2.473377 2.374879 2.530039 3.012420 3.866923 4.569694 5.117491 5.794604 6.773593 7.294122 7.640320 8.045187 8.500702 9.026348 9.697848 10.337158 9.578284 5.160720 5.128957 5.107088 5.221075 5.195519 9.905948 9.768968 9.462643 8.637450 8.112408 7.523450 6.937201 6.395615 5.862697 6.113572 5.194508 4.791269 4.470404 4.237920 4.052092 3.989693 4.050893 4.137936 4.393293 4.871371 5.604493 5.501880 4.605034 4.804090 4.551337 3.564762 3.237222 3.088824 2.754033 2.633052 2.549231 2.510328 2.463967
5.172315 4.674767 4.046014 3.506639 2.949082 2.157492 2.439355 2.579935 2.564356 2.603279 2.719447 3.071218 3.763566 4.424366 4.724210 5.461613 6.795645 7.048375 7.795011 8.170711 8.536241 7.929714 9.522387 10.196558 9.784928 5.509082 5.504670 5.087515 5.059549 5.031900 5.140481 10.086506 9.678113 9.368429 8.406746 7.925442 7.363785 6.832469 6.326394 5.847311 6.253797 5.962249 5.135749 4.918997 5.387037 5.339037 4.682837 5.459557 5.013620 5.284758 5.983427 5.841480 4.951798 4.584711 5.038952 4.797617 3.719984 3.473049 3.292924 3.259009 3.069986 3.004964 3.021508
4.443077 4.094399 3.464049 2.887722 2.196348 2.039539 2.205774 2.461010 2.627395 2.791269 2.903363 2.951444 3.318750 4.215566 4.687664 5.616735 6.734074 7.433236 7.849248 8.230773 8.599621 8.900734 9.387166 10.005993 9.655351 7.591117 5.471934 5.450587 5.039829 5.161499 5.131090 9.220372 9.947975 9.568523 8.712830 8.287085 7.801303 7.292121 6.812544 6.365333 6.770567 6.477989 5.797946 6.014166 5.908984 5.849881 5.856805 5.497808 6.071214 5.033072 6.397909 6.312563 5.381665 4.966632 5.479397 5.261166 4.275823 4.061060 4.164190 3.986519 3.644611 3.552964 3.525395
3.675337 2.913310 3.046188 2.183213 2.048987 2.174093 2.150217 2.277408 2.491823 2.677291 2.821935 2.783044 2.974170 4.104207 4.719070 5.599816 6.611912 7.239265 7.685898 8.112225 8.514305 8.609401 8.762621 9.267767 10.270789 10.061381 5.441508 5.188242 5.014295 4.994053 4.973684 4.928164 9.280817 9.196692 9.475024 9.145450 8.212187 7.753292 7.318966 6.893616 6.505339 6.209083 5.983974 5.770750 5.609976 6.381650 6.378020 5.564512 6.531352 6.555449 6.836501 6.793284 6.376446 5.408437 5.928380 5.774852 5.659049 4.678986 5.404799 4.364674 4.254669 4.157444 4.097068
2.633587 2.622053 2.194108 2.127084 2.059043 1.915456 1.692714 1.962624 2.381655 2.721767 2.959193 3.060158 3.529964 4.144779 4.734517 5.607178 6.528774 7.086359 7.442674 7.945087 8.308206 8.749420 9.218722 9.695274 10.932354 11.040756 10.999937 5.976231 4.986788 5.119551 4.964328 4.929925 4.886804 9.213805 9.065281 8.901249 9.139243 8.786827 8.392935 7.449678 7.088177 6.796043 6.578883 6.380327 6.193672 6.133044 6.169456 6.965623 7.057977 6.994777 7.383265 6.583518 6.866826 5.928278 5.748736 5.569301 6.222556 6.099481 5.959924 5.802817 5.686698 5.653241 5.651651
2.128378 2.039213 2.057055 1.853516 1.711333 1.451972 1.464276 1.987141 2.493916 2.825269 3.181459 3.537451 3.776582 4.328199 4.878586 5.723751 6.521118 7.026105 7.676630 8.153642 8.532601 8.797353 9.143954 9.677603 10.594329 10.162177 9.584302 10.236436 5.126386 4.966469 4.949706 4.923900 4.880828 4.825549 10.558656 9.637009 10.532392 10.380541 8.907153 8.601859 8.290930 7.390845 7.175846 6.986585 6.786232 6.750271 7.613961 7.670897 7.706923 7.657476 7.861692 6.990436 7.389579 7.152741 6.974789 6.174640 6.057585 6.534015 6.369590 6.190379 5.996634 5.817897 6.181779
1.916331 1.569814 1.508831 1.475127 1.447002 1.642347 2.015353 2.251416 2.506833 2.740671 3.302957 3.871084 4.222869 4.482621 5.185813 5.910636 6.656290 7.729453 8.022182 8.425400 8.667247 8.662742 9.026576 9.496402 9.768833 9.908067 10.161681 10.294170 5.120969 4.938310 4.928809 5.890372 5.867213 5.841795 4.977172 7.175248 10.449306 10.428761 10.475144 8.396784 8.763976 8.596037 7.723259 7.549875 7.365294 7.322530 8.209812 8.224130 8.208323 7.232944 9.481230 7.340640 7.914058 7.788343 7.635622 7.495507 7.408952 7.292414 7.151116 6.995480 6.798271 6.605444 6.439767
1.916718 1.645336 1.524446 1.436792 1.489767 1.935841 2.216881 2.290533 2.374265 2.702374 3.461008 4.313253 4.718758 5.144703 5.607138 6.162949 7.636722 7.931610 8.046365 7.886455 8.243589 8.478482 8.706205 9.067495 8.595199 8.747142 9.212209 9.566247 6.124325 4.917842 4.885620 7.009469 6.751280 4.976153 5.885670 5.861744 5.848283 5.740820 4.637487 4.864176 4.482834 4.883216 4.817389 4.298052 4.783242 4.729304 4.663716 5.640714 5.609482 5.615781 7.022619 5.308849 7.525324 7.537924 8.232020 8.153016 8.096061 8.016585 7.913975 7.802537 7.631260 6.769234 6.644618
1.956044 1.881325 1.700003 1.522352 1.728368 2.005003 2.105168 2.225370 2.381320 3.255415 3.829109 4.204969 4.582815 5.190799 5.805766 6.616574 7.175174 7.316696 7.435227 7.638607 7.774185 7.957471 8.194946 8.533286 8.996226 9.366413 9.808976 10.161834 9.577439 8.544890 8.773943 9.863742 9.743461 9.782260 5.833932 5.707153 5.739762 4.755539 4.701746 4.650394 4.596692 4.520828 4.464044 4.429372 4.387532 4.362987 4.345340 4.317011 5.685599 5.690832 4.258913 4.558593 4.537925 4.224454 4.214014 4.192365 4.173797 4.388153 7.688675 7.663991 7.558091 7.412368 7.314235
