geotop_simulations/templates/TEST_Venosta_3D_034_template/rec/SoilPressure0000L0000.asc
ncols         252
nrows         194
xllcorner     598250.000000
yllcorner     5144500.000000
cellsize      250.000000
NODATA_value  -9999.0
[rows 168 to 191 of 194, columns 108 to 161 of 252]
4.929249 0.000246 -48346.373665 -60810.670255 -50617.707134 -50821.011048 -77125.028231 -51683.625069 -58112.476321 -52442.067118 -43472.376658 -28583.519878 -3955.464156 -4330.885697 -4752.895208 -4561.185663 -4522.664273 -4458.009502 -4456.671216 -4311.117603 -4205.105924 -4096.286771 -4111.845844 -4123.405398 -3190.615327 -4263.475597 -4346.004982 -3990.896452 -3793.250446 -3812.986167 -3951.755771 -3924.940758 -3688.172054 -3520.243468 -3823.523181 -4296.815746 -4496.508776 -4610.174926 -4764.849624 -4719.416047 -4474.446737 -10167.397715 -37632.475642 -22807.314323 -21477.934342 -9999.0 -9999.0 -9999.0 -9999.0 -9999.0 -9999.0 -9999.0 -9999.0 -9999.0
0.000166 -58581.524403 -66940.015768 -77996.705671 -61354.014732 -68023.181197 -83241.471480 -66946.392512 -70056.644938 -63089.892644 -52014.229053 -35327.012624 -4578.845899 -4246.391574 -4497.291132 -4475.071405 -4537.722453 -4483.828389 -4407.311519 -4328.536613 -4278.594978 -4203.329992 -4142.981930 -3725.355851 133.688597 -3595.201642 -3859.995446 -3815.890179 -3899.838132 -3949.367321 -3859.435044 -3947.601411 -3759.532320 -2999.910975 -2731.195700 -3560.708827 -4332.257662 -4187.424838 -4058.040738 -4284.824045 -11550.579920 -19549.780731 -15681.124001 -27160.260478 -9999.0 -9999.0 -9999.0 -9999.0 -9999.0 -9999.0 -9999.0 -9999.0 -9999.0 -9999.0
-50526.034493 -60801.917315 -67147.904320 -62880.029368 -67584.714633 -66419.760155 -61860.633769 -42746.746967 -44502.268328 -37547.827867 -6620.208116 -4499.541611 -4567.970054 -4429.716304 -4430.510304 -4343.762290 -4457.183141 -4467.037229 -4436.633448 -4329.619423 -4339.393005 -4148.843328 -3911.941488 -3866.578332 -3695.278044 -3647.268224 -4038.318713 -4020.168236 -4012.146296 -4028.362053 -3852.064397 -3320.770345 -3092.607254 -2779.439556 -1941.415321 -2517.952935 -2936.259018 -4716.029809 -4544.467326 -19481.655746 -30784.531761 -19853.640054 -32225.698496 -36376.043265 -9999.0 -9999.0 -9999.0 -9999.0 -9999.0 -9999.0 -9999.0 -9999.0 -9999.0 -9999.0
4.486568 -49063.741794 -59295.601481 -55015.836589 -43241.350210 -40829.261375 -28959.402874 -5417.209171 -4688.453269 -4677.017527 -4664.466495 -4711.213176 -4780.539373 -4681.156507 -4564.505073 -4230.156769 -4341.567246 -4470.845079 -4483.435556 -4454.091559 -4403.780323 -4266.719766 -3959.512484 -3791.210727 -3631.215007 -3497.583017 -4044.114614 -4051.248754 -4005.020587 -3737.743803 -3324.359770 -2905.153285 -3283.162431 -3215.167014 -1132.249939 -2794.461743 -4057.937645 -5520.179252 -33703.127691 4.522832 -22164.377009 4.544961 -9999.0 -9999.0 -9999.0 -9999.0 -9999.0 -9999.0 -9999.0 -9999.0 -9999.0 -9999.0 -9999.0 -9999.0
-46007.837486 -28187.654627 -47668.797769 -41622.390387 -31706.690331 -7987.743515 -4559.061020 -4614.856061 -4733.169867 -4812.905321 -4784.580003 -4767.651346 -4804.995825 -4771.832463 -4233.498772 -4206.399892 -4326.550857 -4597.594487 1424.462538 -3326.265223 -4555.454355 -4381.122103 -4099.055286 -3870.238916 -3639.270087 -3473.060101 -3898.920274 -4196.551033 -4049.987666 -3843.380088 -3452.244266 -3844.671663 -5090.088997 -1488.451799 -22088.246971 4.293133 4.226561 4.416776 4.490167 4.345673 4.299036 4.841153 -9999.0 -9999.0 -9999.0 -9999.0 -9999.0 -9999.0 -9999.0 -9999.0 -9999.0 -9999.0 -9999.0 -9999.0
-60140.612771 -60392.031255 -53354.955303 -50312.767068 -41219.520813 -29924.173567 -4989.509807 -4551.435634 -4312.323430 -4379.487653 -4345.890225 -4338.963952 -4354.539077 -4315.371101 -4274.899689 -4262.863289 -4527.413108 -4652.099110 -4721.514165 -4761.983830 -4324.139362 -4205.191138 -4029.997133 -3788.629789 -3466.218246 -3327.750314 -3908.718086 -4351.704451 -4189.968828 -3951.116954 -3671.208327 -6715.570739 -18346.898890 -9744.150715 -12301.022166 -9999.0 -9999.0 -9999.0 -9999.0 -9999.0 -9999.0 4.798247 -46075.239294 -41618.533788 -1556.364034 1888.861335 -9999.0 -9999.0 -9999.0 -9999.0 -9999.0 -9999.0 -9999.0 -9999.0
-51302.578769 -62357.606218 -61184.715676 -46807.403718 -46482.072717 -45133.909997 -26817.005211 -4215.998855 -4293.426216 -4461.469433 -4454.770831 -4454.810030 -4426.537647 -4365.330998 -4363.078369 -4536.194391 -4601.673565 -4492.789090 -4448.145412 -4367.805637 -4395.705348 -4274.673674 -4095.541003 -4031.057445 -3810.919321 -2932.656398 -3957.470951 -3953.433564 -4114.920060 -3951.533497 -4826.475867 -22610.864509 -28824.412454 -56942.164176 -9999.0 -9999.0 -9999.0 -9999.0 -9999.0 -9999.0 -9999.0 -9999.0 -9999.0 -9999.0 -9999.0 -9999.0 -9999.0 -9999.0 -9999.0 -9999.0 -9999.0 -9999.0 -9999.0 -9999.0
-44388.684142 -57959.359935 -68778.774458 -71473.356117 -56503.833516 -54201.986071 -39675.282097 -27428.193541 -4375.091714 -4228.900392 -4441.727529 -4555.533438 -4521.297167 -4122.339567 -4238.238464 -4537.328513 -4832.419670 -4857.803879 -4382.548110 -4196.258923 -3988.273745 -3772.532746 -3283.886565 -3250.546213 -3382.740850 -2606.844609 -3046.357740 -3226.560146 -3844.665564 -4100.279603 -5142.204402 -33773.564004 -50814.874676 -9999.0 -9999.0 -9999.0 -9999.0 -9999.0 -9999.0 -9999.0 -9999.0 -9999.0 -9999.0 -9999.0 -9999.0 -9999.0 -9999.0 -9999.0 -9999.0 -9999.0 -9999.0 -9999.0 -9999.0 -9999.0
-33326.614764 -49018.980039 -60168.680196 -62570.227695 -67473.014068 -69357.558849 -52656.063263 -41835.549235 -18301.513399 -4172.698133 -4403.673633 -4526.052942 -4582.623323 -3248.412526 -3843.876946 -4364.023850 -4447.960355 -4346.960737 -4109.356341 -4080.737778 -3681.105887 -2774.891678 -4876.186376 -4261.112368 -2952.677576 -2543.485172 -3111.129054 -3250.296339 -3801.170206 -4075.965445 -8640.568757 -46092.576560 -40266.206910 -9999.0 -9999.0 -9999.0 -9999.0 -9999.0 -9999.0 -9999.0 -9999.0 -9999.0 -9999.0 -9999.0 -9999.0 -9999.0 -9999.0 -9999.0 -9999.0 -9999.0 -9999.0 -9999.0 -9999.0 -9999.0
-43602.868970 -61943.391211 -50224.371210 -42389.644681 -47441.946516 -49742.367583 -53407.401995 -45186.819562 -4512.218449 -4631.790054 -4778.763914 -4836.272406 -4363.694591 -4139.653579 -3890.818061 -4447.290683 -4382.126635 -4231.153901 -4209.151647 -3636.981142 -3142.013914 -5698.804631 -6118.456125 -4181.880483 -3572.359945 -3835.682936 -5350.953525 -10371.678664 -7190.722766 -9827.006072 -38597.749094 -42527.139173 -9999.0 -9999.0 -9999.0 -9999.0 -9999.0 -9999.0 -9999.0 -9999.0 -9999.0 -9999.0 -9999.0 -9999.0 -9999.0 -9999.0 -9999.0 -9999.0 -9999.0 -9999.0 -9999.0 -9999.0 -9999.0 -9999.0
-56789.155349 -62331.194183 -45066.606150 -25332.270266 -6948.875204 -5861.879612 -4532.541219 -4419.505512 -4434.291003 -4657.175805 -4823.868055 -4365.897304 -3943.938927 -3726.240082 -4432.621013 -4352.910700 -4184.001091 -4189.197036 -3116.691033 -3351.535136 -6169.550724 -6620.325424 -7422.358976 -3218.724739 -3449.767704 -4042.263064 -4698.967796 -20049.649504 -25986.162860 -39490.844510 -39802.932037 -9999.0 -9999.0 -9999.0 -9999.0 -9999.0 -9999.0 -9999.0 -9999.0 -9999.0 -9999.0 -9999.0 -9999.0 -9999.0 -9999.0 -9999.0 -9999.0 -9999.0 -9999.0 -9999.0 -9999.0 -9999.0 -9999.0 -9999.0
-33573.885448 -37038.550366 -33688.005645 -6467.581848 -4327.664131 -4537.813388 -4624.277436 -4613.907943 -4619.163132 -4209.363456 -4358.397695 -4360.857940 -3403.267415 -4407.739942 -4245.664008 -4282.598914 -3866.993937 -3557.113580 -3858.008153 -7478.863178 -4803.446318 -4329.362086 -1892.508198 -1090.855498 -1200.673874 -2123.700474 -5200.103854 -13216.319934 -28710.283264 -9999.0 -9999.0 -9999.0 -9999.0 -9999.0 -9999.0 -9999.0 -9999.0 -9999.0 -9999.0 -9999.0 -9999.0 -9999.0 -9999.0 -9999.0 -9999.0 -9999.0 -9999.0 -9999.0 -9999.0 -9999.0 -9999.0 -9999.0 -9999.0 -9999.0
-4663.435341 -4679.384713 -4600.054280 -4179.523183 -4361.932356 -4538.784104 -4601.545001 -4659.560368 -4701.261289 -4736.940245 -4471.404854 -4384.608254 -4071.238882 -3572.958953 -3438.779303 -3062.496981 -3885.167610 -3401.892230 -6966.892685 -5867.191164 -3844.891543 -1650.966816 -1337.447651 -1919.971869 -1495.292914 0.000684 -2935.665454 -8036.917503 -9999.0 -9999.0 -9999.0 -9999.0 -9999.0 -9999.0 -9999.0 -9999.0 -9999.0 -9999.0 -9999.0 -9999.0 -9999.0 -9999.0 -9999.0 -9999.0 -9999.0 -9999.0 -9999.0 -9999.0 -9999.0 -9999.0 -9999.0 -9999.0 -9999.0 -9999.0
-4467.617395 -4556.256266 -4468.098062 -4347.952351 -4360.737374 -4181.574097 -4247.349313 -4285.642606 -4254.142432 -4045.692492 -4071.982303 -3988.375329 -3614.353292 -3247.607447 -3274.364762 -2632.776004 -3447.510233 -4751.582762 -7931.953083 -2767.946943 -1795.623528 -1116.527790 -22680.914243 1.817529 3.193284 8.004379 0.000318 -9999.0 -9999.0 -9999.0 -9999.0 -9999.0 -9999.0 -9999.0 -9999.0 -9999.0 -9999.0 -9999.0 -9999.0 -9999.0 -9999.0 -9999.0 -9999.0 -9999.0 -9999.0 -9999.0 -9999.0 -9999.0 -9999.0 -9999.0 -9999.0 -9999.0 -9999.0 -9999.0
-1651.502669 -2578.729810 -2836.148987 -4187.996313 -4116.575806 -3506.489197 -3426.093050 -3550.155385 -3573.273098 -3440.615510 -3681.518184 -3660.560643 -3388.979669 -7096.408068 -6099.119845 -3275.452950 -3223.126877 -5832.400150 -1795.719169 -993.201091 0.000377 0.005618 2.212087 8.416939 9.067028 14.126466 -9999.0 -9999.0 -9999.0 -9999.0 -9999.0 -9999.0 -9999.0 -9999.0 -9999.0 -9999.0 -9999.0 -9999.0 -9999.0 -9999.0 -9999.0 -9999.0 -9999.0 -9999.0 -9999.0 -9999.0 -9999.0 -9999.0 -9999.0 -9999.0 -9999.0 -9999.0 -9999.0 -9999.0
3.627275 0.030598 0.006095 -4020.612794 -5670.718636 -12741.353827 -10309.317799 -5960.657645 -4569.977863 -3886.613699 -3649.398117 -4109.136540 -11741.819184 -13518.193773 -8655.326604 -2532.739292 -1279.692007 -1153.833549 -1639.556047 0.012812 5.943578 5.814159 4.710262 4.826204 4.851358 6.153886 -9999.0 -9999.0 -9999.0 -9999.0 -9999.0 -9999.0 -9999.0 -9999.0 -9999.0 -9999.0 -9999.0 -9999.0 -9999.0 -9999.0 -9999.0 -9999.0 -9999.0 -9999.0 -9999.0 -9999.0 -9999.0 -9999.0 -9999.0 -9999.0 -9999.0 -9999.0 -9999.0 -9999.0
7.183170 6.215860 4.535702 0.000166 -11512.987562 -19399.654632 -24645.906272 -12709.351681 -5601.000668 -4183.006926 -4667.176901 -12661.346765 -13980.687323 -7506.496444 -6489.405272 -31911.321854 -31298.612738 -38449.211640 4.326791 4.404255 4.616891 4.831129 4.793018 4.915244 -9999.0 4.938987 -17376.320813 -730.344537 1980.802235 -9999.0 -9999.0 -9999.0 -9999.0 -9999.0 -9999.0 -9999.0 -9999.0 -9999.0 -9999.0 -9999.0 -9999.0 -9999.0 -9999.0 -9999.0 -9999.0 -9999.0 -9999.0 -9999.0 -9999.0 -9999.0 -9999.0 -9999.0 -9999.0 -9999.0
4.874979 0.647333 -36279.304630 -21415.702459 -10256.959529 -23132.535782 -28355.763476 -23284.984470 -13347.976305 -7162.439468 -14279.479297 -14054.772667 -5586.771595 -6465.908931 -20464.550069 -45194.381856 1.821657 4.475283 4.451266 4.564674 4.707207 4.830731 4.965810 -9999.0 -9999.0 -9999.0 -9999.0 -9999.0 -9999.0 -9999.0 -9999.0 -9999.0 -9999.0 -9999.0 -9999.0 -9999.0 -9999.0 -9999.0 -9999.0 -9999.0 -9999.0 -9999.0 -9999.0 -9999.0 -9999.0 -9999.0 -9999.0 -9999.0 -9999.0 -9999.0 -9999.0 -9999.0 -9999.0 -9999.0
-51758.730705 0.013654 -49883.596184 -17794.543366 -7682.490023 -15359.640562 -22682.673414 -19015.587894 -15456.370047 -10035.171432 0.000051 0.000148 0.000250 0.000407 0.018293 0.032372 5.799731 4.469217 4.468903 4.777202 -9999.0 -9999.0 -9999.0 -9999.0 -9999.0 -9999.0 -9999.0 -9999.0 -9999.0 -9999.0 -9999.0 -9999.0 -9999.0 -9999.0 -9999.0 -9999.0 -9999.0 -9999.0 -9999.0 -9999.0 -9999.0 -9999.0 -9999.0 -9999.0 -9999.0 -9999.0 -9999.0 -9999.0 -9999.0 -9999.0 -9999.0 -9999.0 -9999.0 -9999.0
4.886701 6.584926 2.088934 -49244.030459 -10011.556121 -3168.279116 -7384.414873 -16658.755220 0.000292 0.000034 4.317184 4.343723 4.873131 6.266806 7.589559 6.926585 5.741205 4.503488 4.832449 -9999.0 -9999.0 -9999.0 -9999.0 -9999.0 -9999.0 -9999.0 -9999.0 -9999.0 -9999.0 -9999.0 -9999.0 -9999.0 -9999.0 -9999.0 -9999.0 -9999.0 -9999.0 -9999.0 -9999.0 -9999.0 -9999.0 -9999.0 -9999.0 -9999.0 -9999.0 -9999.0 -9999.0 -9999.0 -9999.0 -9999.0 -9999.0 -9999.0 -9999.0 -9999.0
4.449307 4.605640 4.654897 4.630434 -29975.619760 0.003286 0.000409 0.000150 5.131796 4.378773 4.352942 4.480046 4.605255 4.790164 5.098330 5.536600 5.723345 4.884181 -9999.0 -9999.0 -9999.0 -9999.0 -9999.0 -9999.0 -9999.0 -9999.0 -9999.0 -9999.0 -9999.0 -9999.0 -9999.0 -9999.0 -9999.0 -9999.0 -9999.0 -9999.0 -9999.0 -9999.0 -9999.0 -9999.0 -9999.0 -9999.0 -9999.0 -9999.0 -9999.0 -9999.0 -9999.0 -9999.0 -9999.0 -9999.0 -9999.0 -9999.0 -9999.0 -9999.0
4.538902 4.698834 4.722190 4.609129 4.652744 5.770636 6.328196 4.514827 4.335348 4.472610 4.784642 -9999.0 -9999.0 -9999.0 -9999.0 -9999.0 6.899349 -44712.482990 -1721.049272 -4176.971103 -15206.563469 3242.876018 -9999.0 -9999.0 -9999.0 -9999.0 -9999.0 -9999.0 -9999.0 -9999.0 -9999.0 -9999.0 -9999.0 -9999.0 -9999.0 -9999.0 -9999.0 -9999.0 -9999.0 -9999.0 -9999.0 -9999.0 -9999.0 -9999.0 -9999.0 -9999.0 -9999.0 -9999.0 -9999.0 -9999.0 -9999.0 -9999.0 -9999.0 -9999.0
4.721917 4.868036 4.869214 4.739778 4.686416 5.146305 -9999.0 -9999.0 -9999.0 -9999.0 -9999.0 -9999.0 -9999.0 -9999.0 -9999.0 -9999.0 -9999.0 -9999.0 -9999.0 -9999.0 -9999.0 -9999.0 -9999.0 -9999.0 -9999.0 -9999.0 -9999.0 -9999.0 -9999.0 -9999.0 -9999.0 -9999.0 -9999.0 -9999.0 -9999.0 -9999.0 -9999.0 -9999.0 -9999.0 -9999.0 -9999.0 -9999.0 -9999.0 -9999.0 -9999.0 -9999.0 -9999.0 -9999.0 -9999.0 -9999.0 -9999.0 -9999.0 -9999.0 -9999.0
4.513981 4.773362 -9999.0 -9999.0 -9999.0 -9999.0 -9999.0 -9999.0 -9999.0 -9999.0 -9999.0 -9999.0 -9999.0 -9999.0 -9999.0 -9999.0 -9999.0 -9999.0 -9999.0 -9999.0 -9999.0 -9999.0 -9999.0 -9999.0 -9999.0 -9999.0 -9999.0 -9999.0 -9999.0 -9999.0 -9999.0 -9999.0 -9999.0 -9999.0 -9999.0 -9999.0 -9999.0 -9999.0 -9999.0 -9999.0 -9999.0 -9999.0 -9999.0 -9999.0 -9999.0 -9999.0 -9999.0 -9999.0 -9999.0 -9999.0 -9999.0 -9999.0 -9999.0 -9999.0
