geotop_simulations/templates/TEST_Venosta_3D_034_template/rec/SoilTemperature0000L0004.old.asc
ncols         252
nrows         194
xllcorner     598250.000000
yllcorner     5144500.000000
cellsize      250.000000
NODATA_value  -9999.0
[rows 140 to 167 of 194, columns 126 to 188 of 252]
1.024220 3.656237 3.002396 2.516377 1.855655 1.044396 -0.494856 0.774712 1.984706 2.252019 2.810899 3.734509 3.561810 2.857402 2.702188 3.159719 3.668065 3.998287 4.473601 5.287566 2.753537 3.139214 3.798101 4.557209 5.505329 8.380101 8.786942 8.707537 8.350268 6.856868 6.999910 6.148388 5.216006 4.434827 3.864765 3.188055 2.674850 2.420267 2.104099 1.461824 1.477524 0.822810 0.567905 3.777180 3.742785 3.224471 -0.003925 2.536147 1.845780 1.863346 1.762612 1.586944 1.549521 1.791935 1.836942 1.778267 1.911188 2.074496 2.720991 -9999.0 -9999.0 -9999.0 -9999.0
0.388444 4.752626 4.585845 3.798207 2.930947 2.227775 2.924739 3.091753 2.916735 2.231400 2.530874 3.879943 5.145331 4.878044 3.984404 3.450423 3.694710 4.509011 5.876418 7.378631 8.346815 3.501725 4.078628 4.782403 5.677987 6.185089 8.606141 8.878777 7.187968 7.512330 6.704416 5.792944 4.872331 4.029105 3.416504 2.831496 2.283483 1.717756 1.302169 0.743921 0.228992 0.044426 0.014259 1.681046 1.540180 1.426358 1.573254 1.776877 1.551646 1.615745 1.452953 1.150180 1.054463 1.413654 1.569333 1.626933 2.047187 -9999.0 -9999.0 -9999.0 -9999.0 -9999.0 -9999.0
0.056936 0.043654 0.026733 2.592257 2.262398 3.111665 4.022497 3.935132 3.739446 3.836685 3.968461 4.872781 6.006912 6.389250 6.525979 6.711450 6.859340 7.420161 7.906411 8.192228 3.914135 3.994562 4.435835 4.907906 5.476453 6.022834 8.612674 7.058640 7.150424 6.709787 6.477713 5.538670 4.722602 4.072071 3.519445 2.930699 2.305935 1.642872 0.482706 0.091141 1.564157 1.371683 1.146603 1.080909 1.074867 1.125891 1.191196 1.461063 1.334173 1.423947 1.312781 0.566615 0.620306 1.728585 -9999.0 -9999.0 -9999.0 -9999.0 -9999.0 -9999.0 -9999.0 -9999.0 -9999.0
-0.005176 -0.010334 -0.017254 -0.014928 1.676374 3.908457 5.095805 4.482097 4.391218 4.840990 5.624292 6.366861 6.790376 7.309554 2.962351 7.807499 8.037941 3.574514 3.795402 4.053684 4.004568 4.468936 4.924731 4.990089 5.116985 6.071405 7.487124 6.994127 6.880715 7.116946 6.315904 5.545036 4.912259 4.346037 4.167842 3.493837 2.806900 2.014548 0.761520 1.912128 2.041045 2.044705 1.787423 1.432245 1.407518 1.724173 1.729678 1.499223 1.304317 1.305804 1.136064 0.752676 -9999.0 -9999.0 -9999.0 -9999.0 -9999.0 -9999.0 -9999.0 -9999.0 -9999.0 -9999.0 -9999.0
-0.029450 -0.041522 -0.051895 -0.018216 3.103989 4.789864 5.656531 4.801047 4.846502 5.457749 6.429698 7.397263 8.058022 8.503717 3.317315 3.646549 9.138035 4.056296 4.295700 4.087372 4.483822 4.907273 5.319905 5.180715 4.792307 6.383160 7.679830 6.933236 7.449555 6.706069 5.916254 5.286163 4.727037 4.139095 3.487343 2.920799 2.872426 2.278926 1.758833 1.339049 0.823640 0.239680 0.016613 1.615150 1.589928 1.959799 1.577175 1.270930 1.146270 0.650080 -3.685371 0.177465 -9999.0 -9999.0 -9999.0 -9999.0 -9999.0 -9999.0 -9999.0 -9999.0 -9999.0 -9999.0 -9999.0
0.281567 -1.164837 -1.083822 1.820315 4.107054 5.595645 6.103199 5.258960 5.728170 6.016394 6.682891 7.672342 2.512269 3.078051 3.563778 4.029232 4.336775 3.985371 4.311202 4.622945 4.986137 5.422622 5.822913 5.905425 5.185552 6.661116 7.837452 7.054376 7.185572 6.317451 5.372757 4.623113 3.613790 3.100350 2.661293 2.138556 5.458770 2.455966 2.136354 1.782940 1.027968 0.052268 1.794584 1.467950 1.373276 1.277828 0.440799 0.601717 0.179626 -0.667099 -0.105154 -0.079552 -9999.0 -9999.0 -9999.0 -9999.0 -9999.0 -9999.0 -9999.0 -9999.0 -9999.0 -9999.0 -9999.0
-1.817385 -2.099949 1.729636 2.287466 3.460480 5.799445 7.248063 6.665580 7.270919 7.062490 6.246216 6.471627 7.363668 2.716877 3.577874 4.281472 4.217379 4.541662 4.844824 5.119147 5.456746 5.894091 6.359877 6.718937 9.044732 7.049355 11.933853 7.610190 6.876970 5.986156 5.019447 4.093909 3.626058 2.558902 2.030569 4.123527 4.665915 1.205677 2.105699 1.609046 0.776971 0.195579 2.024529 1.765565 1.524263 -0.014606 -2.487006 -0.000310 0.192494 -9999.0 -9999.0 -9999.0 -9999.0 -9999.0 -9999.0 -9999.0 -9999.0 -9999.0 -9999.0 -9999.0 -9999.0 -9999.0 -9999.0
0.582198 2.602694 3.372207 2.480695 2.509317 4.411892 7.691110 8.278445 8.227356 8.566125 7.973178 7.010460 7.019047 7.956722 2.997561 4.246702 4.648467 5.047241 5.343020 5.628079 5.935081 6.242153 6.783712 10.301014 9.929093 7.660328 10.373522 7.134953 6.288573 5.496007 4.601531 3.664993 2.814515 1.733734 3.011296 3.688206 3.337449 3.843628 0.456198 0.516829 0.306354 0.041387 2.278419 1.771408 1.522601 1.443755 -9999.0 -9999.0 -9999.0 -9999.0 -9999.0 -9999.0 -9999.0 -9999.0 -9999.0 -9999.0 -9999.0 -9999.0 -9999.0 -9999.0 -9999.0 -9999.0 -9999.0
3.227336 3.759130 3.632350 3.256368 2.832235 4.324244 7.245740 9.131841 9.352338 9.498312 9.427651 9.179212 8.752946 9.033740 2.729856 3.980865 5.076578 5.599600 5.891132 6.179336 6.428661 9.939315 10.075579 7.676065 7.915725 7.786332 7.330406 6.550603 5.598075 4.835660 3.844181 3.206918 2.188348 1.065519 2.023071 2.158065 2.583360 2.727933 3.010763 0.037724 3.545667 2.820461 1.987006 1.470127 1.624429 -9999.0 -9999.0 -9999.0 -9999.0 -9999.0 -9999.0 -9999.0 -9999.0 -9999.0 -9999.0 -9999.0 -9999.0 -9999.0 -9999.0 -9999.0 -9999.0 -9999.0 -9999.0
3.908162 4.528728 4.553079 5.006930 5.149236 4.529270 5.530171 8.080711 2.274328 3.392980 9.908798 10.076604 10.126442 10.469297 4.632425 4.807605 5.626706 10.127085 6.437661 6.719688 10.263565 10.287100 7.597090 9.088156 10.861537 7.509144 6.894741 6.073792 5.139183 4.338646 3.435258 2.852040 2.091927 1.381977 2.632147 2.152428 1.795090 1.833852 1.824133 1.936732 1.747588 1.717906 1.678070 1.717462 2.252418 -9999.0 -9999.0 -9999.0 -9999.0 -9999.0 -9999.0 -9999.0 -9999.0 -9999.0 -9999.0 -9999.0 -9999.0 -9999.0 -9999.0 -9999.0 -9999.0 -9999.0 -9999.0
3.593750 5.317162 5.991258 6.505059 7.065021 5.313656 2.988493 3.863552 6.979932 9.815374 4.304177 4.710113 4.979569 4.614755 5.198465 5.742817 6.403729 6.836634 7.087576 10.727240 7.445772 7.619634 8.512337 7.531234 7.424473 7.053847 6.496633 5.829601 8.166303 7.746473 3.898240 3.198185 4.869285 4.113085 3.468888 2.669977 1.934442 1.483568 1.369647 1.260744 1.246468 1.308756 2.173528 -9999.0 -9999.0 -9999.0 -9999.0 -9999.0 -9999.0 -9999.0 -9999.0 -9999.0 -9999.0 -9999.0 -9999.0 -9999.0 -9999.0 -9999.0 -9999.0 -9999.0 -9999.0 -9999.0 -9999.0
2.697392 5.460215 6.931841 7.948650 8.198497 8.166140 6.851508 5.198776 5.292545 6.935915 4.031917 5.263644 5.221892 5.506336 5.982540 6.538269 7.059443 7.438251 7.630905 7.648710 7.592261 7.446135 7.291128 6.970187 6.744481 6.366561 5.940214 5.646780 5.238204 8.729662 7.683170 6.845145 5.633860 4.447191 3.422438 2.678354 1.759165 1.107316 0.783350 0.411847 0.220667 0.559438 -9999.0 -9999.0 -9999.0 -9999.0 -9999.0 -9999.0 -9999.0 -9999.0 -9999.0 -9999.0 -9999.0 -9999.0 -9999.0 -9999.0 -9999.0 -9999.0 -9999.0 -9999.0 -9999.0 -9999.0 -9999.0
2.331468 5.228875 7.646438 8.880076 9.234948 9.080414 8.760240 8.527474 7.771718 6.977133 3.831706 5.431928 6.055342 6.505056 6.872527 7.202600 7.460163 7.519299 7.372767 7.079708 6.919965 6.735410 6.661093 6.270437 5.813429 5.353923 4.890781 4.774399 4.810151 4.721906 4.311215 3.729057 6.030439 4.877269 3.779424 2.723858 1.331634 0.136321 -1.310363 -3.355747 1.190548 -9999.0 -9999.0 -9999.0 -9999.0 -9999.0 -9999.0 -9999.0 -9999.0 -9999.0 -9999.0 -9999.0 -9999.0 -9999.0 -9999.0 -9999.0 -9999.0 -9999.0 -9999.0 -9999.0 -9999.0 -9999.0 -9999.0
3.501398 4.625656 7.819010 2.033848 2.987769 3.629618 3.998943 4.349992 4.662135 4.650003 4.836069 5.822951 6.789329 7.441759 7.764294 7.735281 7.315488 6.578836 6.124244 6.058241 5.961835 5.486792 5.624641 5.474253 4.886692 4.391112 3.807306 2.393381 3.847345 3.841878 4.225966 3.792305 3.097575 5.408092 4.264148 2.809802 1.835273 1.682224 -9999.0 -9999.0 -9999.0 -9999.0 -9999.0 -9999.0 -9999.0 -9999.0 -9999.0 -9999.0 -9999.0 -9999.0 -9999.0 -9999.0 -9999.0 -9999.0 -9999.0 -9999.0 -9999.0 -9999.0 -9999.0 -9999.0 -9999.0 -9999.0 -9999.0
4.523961 4.760054 6.498695 9.530155 3.116077 3.867627 4.300123 4.790075 5.205241 5.502874 5.918178 6.625624 7.454598 8.072707 8.182116 7.668607 6.371925 5.453873 4.805833 5.072012 5.378271 4.776724 4.465914 4.530225 4.075066 3.607352 2.685740 2.148580 2.336475 6.063995 3.769769 3.645452 3.092206 5.468637 4.184616 2.799980 2.714883 -9999.0 -9999.0 -9999.0 -9999.0 -9999.0 -9999.0 -9999.0 -9999.0 -9999.0 -9999.0 -9999.0 -9999.0 -9999.0 -9999.0 -9999.0 -9999.0 -9999.0 -9999.0 -9999.0 -9999.0 -9999.0 -9999.0 -9999.0 -9999.0 -9999.0 -9999.0
5.146547 5.430054 5.843103 6.913788 2.408025 3.818833 4.564707 5.312115 5.811249 6.178902 6.679924 7.344929 7.938821 8.196282 7.864190 5.861808 3.974982 4.581740 4.598708 4.484178 4.732156 4.274432 2.869012 3.560255 3.200583 2.786565 3.036340 3.062197 6.846508 7.305633 3.237958 3.484379 2.842885 1.995164 3.356765 2.721625 3.505233 -9999.0 -9999.0 -9999.0 -9999.0 -9999.0 -9999.0 -9999.0 -9999.0 -9999.0 -9999.0 -9999.0 -9999.0 -9999.0 -9999.0 -9999.0 -9999.0 -9999.0 -9999.0 -9999.0 -9999.0 -9999.0 -9999.0 -9999.0 -9999.0 -9999.0 -9999.0
6.309703 6.680635 7.293424 6.544265 6.114079 2.439199 3.909204 5.319345 6.256059 6.767155 7.395572 7.952543 8.323371 8.265707 6.993159 5.194134 3.613397 3.687250 4.081277 4.020561 3.657119 3.488567 2.899230 2.398354 2.352636 2.899036 6.696746 7.135668 6.757770 5.961268 2.751085 3.206512 2.635497 1.933729 3.318406 2.904861 3.746714 -9999.0 -9999.0 -9999.0 -9999.0 -9999.0 -9999.0 -9999.0 -9999.0 -9999.0 -9999.0 -9999.0 -9999.0 -9999.0 -9999.0 -9999.0 -9999.0 -9999.0 -9999.0 -9999.0 -9999.0 -9999.0 -9999.0 -9999.0 -9999.0 -9999.0 -9999.0
7.190107 8.048753 8.423311 8.197926 6.768661 5.679340 6.368173 4.851740 6.186208 7.327247 8.049232 8.541744 8.709511 8.337607 5.578083 5.660047 4.426351 3.467631 3.339018 2.385297 3.050953 3.218035 2.678060 3.523750 4.377758 5.501297 5.792240 5.777622 5.617452 1.864859 2.459010 2.633652 2.282890 1.784847 3.140085 2.888850 -9999.0 -9999.0 -9999.0 -9999.0 -9999.0 -9999.0 -9999.0 -9999.0 -9999.0 -9999.0 -9999.0 -9999.0 -9999.0 -9999.0 -9999.0 -9999.0 -9999.0 -9999.0 -9999.0 -9999.0 -9999.0 -9999.0 -9999.0 -9999.0 -9999.0 -9999.0 -9999.0
7.523159 8.829093 9.168299 8.873204 8.327450 7.167575 6.429163 7.312537 6.601557 7.693700 8.464108 8.817094 8.106304 6.763708 5.420791 4.432432 3.303893 2.752049 2.262562 2.076054 1.914292 2.223721 3.712549 3.008268 2.555880 2.114429 2.642199 3.523933 1.755006 1.430261 3.709199 3.502929 0.978889 0.797750 2.384106 3.143090 -9999.0 -9999.0 -9999.0 -9999.0 -9999.0 -9999.0 -9999.0 -9999.0 -9999.0 -9999.0 -9999.0 -9999.0 -9999.0 -9999.0 -9999.0 -9999.0 -9999.0 -9999.0 -9999.0 -9999.0 -9999.0 -9999.0 -9999.0 -9999.0 -9999.0 -9999.0 -9999.0
7.966712 9.338981 9.941458 9.221047 8.406636 8.075547 7.366440 5.399489 6.465542 7.937511 8.617026 7.939636 6.481423 4.047596 0.040984 2.819224 3.053667 2.198229 1.057496 3.140047 2.398549 1.979138 1.764309 1.507920 0.993743 1.025945 1.220023 1.797354 2.767000 3.194492 2.886065 2.002932 1.481408 1.596393 2.704256 -9999.0 -9999.0 -9999.0 -9999.0 -9999.0 -9999.0 -9999.0 -9999.0 -9999.0 -9999.0 -9999.0 -9999.0 -9999.0 -9999.0 -9999.0 -9999.0 -9999.0 -9999.0 -9999.0 -9999.0 -9999.0 -9999.0 -9999.0 -9999.0 -9999.0 -9999.0 -9999.0 -9999.0
8.425470 9.748714 3.817062 9.822080 8.587679 8.434856 5.283938 5.630902 6.457304 7.447186 8.573800 7.340085 5.932549 1.214062 2.839913 3.680786 3.526216 3.127026 2.970244 5.474037 4.333714 2.874879 1.890172 0.940208 -0.002152 0.048730 0.606798 1.084084 1.788050 2.466307 2.386820 1.615051 1.176946 1.376625 3.044078 -9999.0 -9999.0 -9999.0 -9999.0 -9999.0 -9999.0 -9999.0 -9999.0 -9999.0 -9999.0 -9999.0 -9999.0 -9999.0 -9999.0 -9999.0 -9999.0 -9999.0 -9999.0 -9999.0 -9999.0 -9999.0 -9999.0 -9999.0 -9999.0 -9999.0 -9999.0 -9999.0 -9999.0
3.004490 3.642971 3.988832 10.520718 9.185509 8.581518 5.407117 5.770054 6.821386 7.781776 8.328226 7.970768 7.069353 6.449902 5.526841 4.200756 3.795187 4.507303 8.729898 7.478753 6.159601 4.211275 2.220481 1.112372 0.140032 -1.189199 -1.597046 0.938807 1.566083 1.619124 1.393226 1.073269 1.569211 -9999.0 -9999.0 -9999.0 -9999.0 -9999.0 -9999.0 -9999.0 -9999.0 -9999.0 -9999.0 -9999.0 -9999.0 -9999.0 -9999.0 -9999.0 -9999.0 -9999.0 -9999.0 -9999.0 -9999.0 -9999.0 -9999.0 -9999.0 -9999.0 -9999.0 -9999.0 -9999.0 -9999.0 -9999.0 -9999.0
7.884646 3.713443 4.136857 4.768833 10.170698 9.229002 5.592554 6.073804 6.911146 7.665292 8.026851 7.830008 7.342098 6.602383 5.650684 5.119077 4.917707 9.417400 8.229552 6.312192 4.577157 2.649938 1.693476 1.768643 1.859971 1.448787 1.350287 1.550775 1.430640 0.963347 0.430745 0.424455 2.060694 -9999.0 -9999.0 -9999.0 -9999.0 -9999.0 -9999.0 -9999.0 -9999.0 -9999.0 -9999.0 -9999.0 -9999.0 -9999.0 -9999.0 -9999.0 -9999.0 -9999.0 -9999.0 -9999.0 -9999.0 -9999.0 -9999.0 -9999.0 -9999.0 -9999.0 -9999.0 -9999.0 -9999.0 -9999.0 -9999.0
6.670741 3.454746 4.184452 4.773946 5.465118 5.703570 5.835680 6.227246 7.065857 7.710296 7.908318 12.406857 7.162890 6.400347 5.514714 4.732462 4.915418 9.250027 7.040377 4.779073 3.056842 2.282608 2.641917 2.825193 2.325437 2.085783 1.868036 1.621128 0.891478 -1.614989 -1.352938 0.126651 -9999.0 -9999.0 -9999.0 -9999.0 -9999.0 -9999.0 -9999.0 -9999.0 -9999.0 -9999.0 -9999.0 -9999.0 -9999.0 -9999.0 -9999.0 -9999.0 -9999.0 -9999.0 -9999.0 -9999.0 -9999.0 -9999.0 -9999.0 -9999.0 -9999.0 -9999.0 -9999.0 -9999.0 -9999.0 -9999.0 -9999.0
7.182035 3.498803 4.117962 4.721234 5.507116 5.962322 6.121081 6.363092 7.108353 7.665347 12.536724 12.569514 6.631349 5.891708 5.160343 4.604789 4.712276 8.710997 6.295555 2.370687 3.249646 3.277100 3.401400 2.898022 2.460712 1.714231 1.049083 -0.900618 -0.639068 -0.635312 -0.732550 -9999.0 -9999.0 -9999.0 -9999.0 -9999.0 -9999.0 -9999.0 -9999.0 -9999.0 -9999.0 -9999.0 -9999.0 -9999.0 -9999.0 -9999.0 -9999.0 -9999.0 -9999.0 -9999.0 -9999.0 -9999.0 -9999.0 -9999.0 -9999.0 -9999.0 -9999.0 -9999.0 -9999.0 -9999.0 -9999.0 -9999.0 -9999.0
3.647685 3.821528 4.171750 4.146893 4.718681 6.046171 6.029655 6.539332 7.090189 11.861401 12.526566 11.806634 5.484083 5.063395 4.952264 5.145807 4.862801 4.273321 3.421480 2.550658 4.089626 4.010494 3.307354 2.503273 1.369983 0.440092 -2.267032 -0.741166 -0.599495 -0.577817 -9999.0 -9999.0 -9999.0 -9999.0 -9999.0 -9999.0 -9999.0 -9999.0 -9999.0 -9999.0 -9999.0 -9999.0 -9999.0 -9999.0 -9999.0 -9999.0 -9999.0 -9999.0 -9999.0 -9999.0 -9999.0 -9999.0 -9999.0 -9999.0 -9999.0 -9999.0 -9999.0 -9999.0 -9999.0 -9999.0 -9999.0 -9999.0 -9999.0
4.065307 4.260849 4.325814 4.382390 4.924803 5.745997 6.041025 6.575960 6.897685 7.390054 12.113621 5.078676 4.618343 4.632253 4.815671 4.738639 4.430461 4.104879 3.426828 4.939587 4.365485 4.113834 3.140655 2.051455 0.789056 -3.506304 -1.576949 -0.793622 -9999.0 -9999.0 -9999.0 -9999.0 -9999.0 -9999.0 -9999.0 -9999.0 -9999.0 -9999.0 -9999.0 -9999.0 -9999.0 -9999.0 -9999.0 -9999.0 -9999.0 -9999.0 -9999.0 -9999.0 -9999.0 -9999.0 -9999.0 -9999.0 -9999.0 -9999.0 -9999.0 -9999.0 -9999.0 -9999.0 -9999.0 -9999.0 -9999.0 -9999.0 -9999.0
4.365813 4.153468 4.342711 4.677368 5.177106 5.289486 5.753761 6.308957 8.198211 12.917743 5.437012 4.853886 4.317703 3.093712 2.799659 3.022563 6.580440 3.239207 4.995856 4.382074 4.265840 4.002785 2.968930 1.953969 0.953727 0.121958 -0.001764 -9999.0 -9999.0 -9999.0 -9999.0 -9999.0 -9999.0 -9999.0 -9999.0 -9999.0 -9999.0 -9999.0 -9999.0 -9999.0 -9999.0 -9999.0 -9999.0 -9999.0 -9999.0 -9999.0 -9999.0 -9999.0 -9999.0 -9999.0 -9999.0 -9999.0 -9999.0 -9999.0 -9999.0 -9999.0 -9999.0 -9999.0 -9999.0 -9999.0 -9999.0 -9999.0 -9999.0
