geotop_simulations/templates/TEST_Venosta_3D_034_template/rec/SoilPressure0000L0003.asc
ncols         252
nrows         194
xllcorner     598250.000000
yllcorner     5144500.000000
cellsize      250.000000
NODATA_value  -9999.0
[rows 72 to 95 of 194, columns 162 to 215 of 252]
-1707.721518 -2236.305923 -2775.156333 -2969.222278 -3129.229935 -3218.200489 -3396.304712 -4080.253946 -4100.478270 -4114.946435 -4047.952532 -3971.862292 -3954.852676 -3936.618536 -3918.013162 -3840.627233 -3893.852683 -3894.460934 -3882.862427 -3900.089454 -3887.512618 -3849.104025 -3823.907724 -3842.439074 -3876.118474 -4434.959817 -4412.467917 -3876.447810 -3842.681374 -3811.003161 -3766.053644 -3747.980146 -3694.483889 -3638.257988 -3527.055151 -2901.048348 -2403.280396 -1870.045206 -1525.252004 -1377.934759 -1291.999199 -841.184426 -667.612637 -487.669207 -299.846397 -10.251924 -9652.857071 -6091.078688 -7246.910984 -7281.040941 -2710.231957 -532.979747 -970.652075 -72.599351
-1845.409176 -2069.994085 -2401.094075 -2738.687496 -2984.014915 -3990.642847 -4028.566824 -4059.762155 -4070.979120 -4007.090982 -3893.797861 -3856.036835 -3842.858863 -3827.515720 -3765.858882 -3666.968612 -3779.303920 -3760.489803 -3740.280602 -3789.885424 -3800.252972 -3771.040392 -3731.367112 -3751.728591 -3956.617518 -4052.722977 -4212.380689 -4339.909262 -4359.455729 -3828.845883 -3782.425459 -3760.508779 -3703.724649 -3596.219324 -3464.242171 -3120.584326 -2485.589951 -1910.877559 -1319.381739 -1588.609765 -1080.737976 -615.183712 -754.429021 51645.146713 102249.955509 -35850.261825 -23154.608841 -6164.911961 -120.410401 -327.185273 -10039.200480 -3403.915773 -3793.468810 -3967.697961
-1745.755855 -1807.313865 -1924.500890 -2173.352879 -2424.135117 -2736.942781 -3951.927599 -3986.983850 -3936.023349 -3831.716733 -3790.532620 -3748.298870 -2326.801502 -3653.308940 -3282.330548 -3323.490775 -3590.465408 -3655.095676 -3663.369224 -3673.679059 -3699.722266 -3717.263878 -3731.719976 -3764.945356 -3714.069217 -3570.181714 -3617.041169 -3699.216574 -3719.642744 -3750.396727 -4274.491095 -4270.921202 -4191.906996 -3562.497610 -3399.553830 -3091.977970 -2547.914771 -2152.359203 -1677.774040 -2016.293415 -943.387706 -532.860654 -21.431100 24452.596579 94763.411661 -32774.208805 -243968.953939 -2682.316691 -4242.531903 31.393339 -32677.335493 -8203.352400 -4488.945611 -11792.490934
-1619.716646 -1519.861992 -1621.671344 -2010.135236 -2526.381547 -2778.481583 -3911.729998 -3855.056196 -3732.929406 -3700.386411 -3721.450824 -3634.943361 -2460.547582 -2469.345310 -3680.002552 -3652.017196 -3356.964993 -3661.793882 -3651.759138 -3651.940063 -3657.351247 -3785.929944 -3800.620142 -3720.225122 -3658.154580 -3394.444158 -3400.664025 -3839.329442 -3878.489722 -3950.512465 -4101.241205 -4200.522402 -3638.703723 -3546.610422 -3432.428976 -3268.871867 -3040.256557 -3143.866441 -2839.002938 -1550.078800 -637.749374 -293.776894 7.030666 24367.066945 59396.721169 -117099.709085 -377531.422875 -26294.495238 -297654.494517 -7220.100875 -16783.129908 -33400.706959 -30103.797604 -53822.186646
-1681.787086 -1568.981038 -1668.989766 -2308.460500 -2674.546769 -3857.006469 -3845.642650 -3681.658082 -3493.623516 -1910.253229 -2064.314887 -2358.180018 -2508.165198 -2324.930917 -3751.962167 -3671.704402 -3669.388359 -3443.827537 -3597.091631 -3677.604549 -3641.202874 -3831.275661 -3793.767260 -3639.330043 -3595.025815 -3174.559284 -3225.253704 -3413.100146 -3650.748223 -3328.111880 -3117.297522 -3495.787694 -3654.788532 -3612.272261 -3563.550059 -3496.793214 -3331.081098 -2746.327617 -2080.655599 -894.513048 -495.281758 -232.505398 11.479162 27517.348559 35608.015208 -68383.653459 -374474.720415 -486737.286436 -57.608618 -92509.229296 -16536.738576 -55147.558413 -50348.165988 -40064.050280
-1958.330902 -2259.327768 -2292.542211 -2547.038658 -2948.010785 -3794.461241 -3553.938675 -3114.324937 -1673.384149 -1689.485687 -1830.568488 -2019.115947 -2046.624225 -3485.567463 -1951.047689 -3380.797936 -3543.002329 -2220.500386 -2503.819225 -3763.195595 -3820.820066 -3810.935968 -3701.180339 -3405.805873 -3448.939353 -2879.341397 -2808.206489 -2881.671774 -2854.676607 -2565.959485 -1506.089697 -2290.659719 -3545.830947 -3619.285566 -3555.666321 -3483.417105 -3324.425349 -1825.903689 -999.639340 -571.832366 -307.905152 15.798381 -78.523948 32681.650685 52743.236244 580.948078 -60646.355901 -91754.514703 -10.916425 -22365.116978 -21640.845388 -61192.867980 -55238.188278 -49818.530648
-2095.438045 -2376.293046 -2464.439426 -2676.243120 -3717.294389 -2760.958930 -2469.116153 -1564.036214 -1593.981351 -1642.815972 -1687.232155 -1672.181634 -1604.091965 -1626.995342 -1658.879792 -1658.318122 -1894.996277 -2454.370825 -2747.703196 -3806.896373 -3803.532725 -3743.792919 -3281.670936 -3167.125591 -3120.073425 -2487.207271 -2455.291893 -2521.583161 -2553.583181 -1994.415736 -1041.351927 -1127.607713 -2228.222002 -3320.858860 -3484.412318 -3282.847424 -1750.148854 -937.479977 -655.677097 -439.515096 -298.849034 25.662021 -1241.940948 47177.430626 53304.142548 90600.123502 52636.605865 -27743.521245 10.125880 -79627.659925 -2769.740644 -14265.370746 -71279.870954 -54359.322589
-1602.256503 -1707.616855 -1880.034687 -2405.000675 -973.670025 -1674.883375 -1879.194550 -1686.992496 -1762.543518 -1702.214515 -1616.019756 -1498.351006 -1344.797859 -1396.342690 -1416.860786 -1536.623837 -1788.191408 -2293.942609 -2476.222941 -3734.952385 -3708.074288 -3143.101538 -2939.245364 -3320.456544 -3348.575769 -2419.638582 -2509.890276 -2281.571936 -2057.767585 -1621.216463 -1171.205083 -1282.711085 -1029.651549 -1425.562738 -2066.352887 -1763.933109 -1290.429758 -1020.421586 -751.273107 -535.543466 -518.076602 -532.555224 -2154.370499 48641.978889 76050.197937 88273.214147 80647.456274 -279817.120823 -368756.953229 -421196.253130 -26761.024880 -4878.281549 -66850.464623 -50569.653481
-1434.852207 -1533.599395 -1121.205676 -796.607188 -739.435233 -1291.715153 -1314.286389 -1443.502937 -1533.085362 -1476.864034 -1504.677043 -1354.898952 -1149.002935 -1214.452467 -1330.158779 -1580.198577 -1986.605596 -2262.697804 -2550.416238 -3663.731277 -3427.644894 -2556.700860 -2110.695087 -2579.030967 -3010.178417 -2913.920746 -2963.876180 -2655.267970 -1458.323463 -1257.063647 -1081.610295 -1021.226048 -878.553604 -780.376691 10947.460770 267.653404 -1276.678964 -1014.988698 -813.608711 -697.663122 -922.628371 -519.739307 -1959.284376 17742.469763 33173.517646 72311.128729 -289294.032297 -321058.857765 -380435.442383 -220778.589090 -6833.274216 -43573.011131 -50694.192619 -50011.680652
-1081.813956 -1156.996974 -682.614872 -615.385354 -924.424439 -1168.339777 -1219.487279 -1277.997054 -1375.660541 -1550.636494 -1406.822037 -1164.685334 -950.043039 -1077.060597 -1451.384663 -1703.547354 -2084.161563 -2548.749622 -3665.642324 -3616.614228 -2726.683262 -2118.449606 -1835.352548 -2362.929599 -1691.832259 -1669.395333 -1695.339965 -2061.346408 -1171.538470 -1074.145695 -946.795486 -825.441298 -715.005434 -607.786308 -1019.679876 2871.190138 -1556.704252 -1184.320805 -1057.745243 -953.172185 -704.324994 -390.495452 -99.857024 17.840813 12266.637268 63545.512983 198848.330019 41425.067691 -330975.585447 -9981.985611 -70669.429428 -53246.427616 -51793.620712 -50775.731868
-690.311376 -829.837499 -500.566925 -567.348962 -646.268263 -644.778950 -1005.287315 -1268.307410 -1267.545375 -1720.227721 -2205.718822 -2229.066619 -2152.235815 -2052.258801 -2226.165303 -2154.808359 -2454.200409 -3638.350452 -3620.717159 -2235.000763 -2146.835669 -1752.027574 -2546.319210 -1809.036928 -1909.874325 -1626.035030 -1478.954685 -1593.522491 -1614.137377 -1078.435814 -890.165536 -781.739341 -683.993470 -657.619379 -742.931896 7076.256182 -1967.031369 -1538.429159 -1416.047275 -1275.035922 -966.234894 -571.887187 -433.779368 16.603088 -244.876418 78682.006290 74712.543985 -412577.525777 -19908.979353 -73654.338130 -54781.097341 -53523.216476 -49839.310827 -46631.787697
-526.189013 -582.915343 -319.911264 -436.152633 -406.372594 -299.661495 -629.397278 -719.426153 -730.193428 -1554.159217 -2191.247467 -2170.440775 -2067.832326 -2081.869383 -2252.606035 -2414.226068 -3595.715682 -3592.540419 -3368.206156 -1841.167015 -1460.474056 -1606.680367 -1741.850021 -1762.602549 -1688.866551 -1381.972962 -1340.940553 -1375.659572 -1071.839430 -1406.645129 -770.089119 -713.965037 -702.798147 -585.140705 -592.132055 -1006.362166 -2082.705346 -1976.050941 -1700.959766 -1281.274565 -868.707893 -601.054536 -550.618069 -282.988444 9806.159208 71571.278491 -16204.845660 -46605.599160 -72422.147287 -52466.499178 -50403.573996 -50076.445090 -49003.528870 -51256.618702
-442.169772 -495.454912 12.036382 -294.373322 -198.724707 -40.749169 -586.772631 -1035.504590 -1429.152788 -1633.441301 -1727.452841 -1806.796346 -2003.455894 -2153.481561 -2316.765579 -3510.390678 -3523.717431 -3499.862499 -1854.326517 -1476.391824 -1461.450781 -1394.120687 -1308.630994 -1594.318180 -1405.810291 -1295.682062 -1170.736677 -1224.351994 -1265.924283 -988.045958 -660.170033 -616.045543 -667.479682 -609.886464 -563.037830 -609.850842 -1065.392762 -2130.087068 -1828.949734 -1475.064891 -1013.728462 -737.507148 -345.567694 -1322.779940 41227.580165 97863.256787 -307962.504288 -31646.627274 -54968.716026 -50243.193339 -49768.729783 -49487.056007 -51178.814684 -54446.805378
-705.936436 -422.165651 -301874.435229 -159155.627635 -150196.487970 -384.516238 -648.587181 -1650.786615 -1914.680869 -1916.899053 -1794.626160 -1688.243689 -1919.466024 -2094.370816 -2231.808459 -3423.819200 -3383.161853 -2093.398733 -1506.137555 -1355.210044 -1514.082645 -1440.870421 -1393.842508 -1329.206997 -1208.944301 -1143.901765 -979.943655 -1005.985387 -1177.606144 -1184.977741 -721.831208 -602.234098 -646.962352 -639.275271 -611.117425 -441.729414 -523.041137 -868.949012 -2212.270435 -1814.005160 -1354.464524 -665.059606 -371.401294 -2184.301216 81884.083046 62906.334406 -7971.537489 -63301.764241 -53481.391619 -53796.612140 -52603.411196 -51010.685866 -54092.044847 -58003.124845
-903.656295 -464.789848 -369.302500 -523.384317 -1034.980787 -1250.229351 -1477.991193 -1601.161902 -1834.915224 -1955.489055 -1760.629561 -1735.236549 -1899.906036 -2058.016413 -2139.127072 -3317.559447 -3273.387942 -767.172157 -1009.059175 -1140.186709 -1434.364374 -1259.520595 -1178.108798 -878.288680 -758.984971 -790.784893 -902.971127 -1050.381572 -1082.008356 -1076.349379 -685.221591 -601.461423 -611.334758 -592.858715 -565.659517 -139209.854938 -281104.607127 -599.038722 -2136.234412 -2099.200589 -1323.617733 -677.310902 -329.472373 -2206.644624 98048.317665 19402.676187 -7471.880598 -31642.472870 -57400.096606 -55924.002335 -52777.551367 -55380.644872 -61479.080281 -61843.199330
-919.422723 -870.999460 -844.806109 -1024.304851 -1124.788770 -1352.852296 -1513.713183 -1506.777498 -1723.821830 -1701.000157 -1647.286097 -1732.123188 -2750.852984 -2822.243888 -2985.334945 -1900.802804 -769.438071 -751.459513 -966.898334 -954.865332 -945.063325 -944.180811 -822.137850 -725.209414 -659.937818 -708.544331 -825.934450 -894.441775 -907.435315 -651.723293 -623.408727 -703.767614 -735.672269 -536.956593 -460.304997 -94968.575090 -288115.770878 -477.116842 -205.523051 -1839.353614 -1090.495342 -585.179302 -334.071171 -1577.698600 62588.823435 91529.225736 -264025.198964 -23397.213047 -59372.866500 -57554.931077 -52387.405640 -60005.939114 -66290.882942 -73370.517542
-583.650209 -517.506326 -486.816314 -661.474442 -721.041557 -1001.764210 -1358.286807 -1436.703865 -1499.407854 -1569.991852 -1566.396043 -1995.189929 -1917.419167 -1271.354405 -1380.579345 -1325.680282 -728.968739 -796.556029 -898.536580 -925.469806 -853.837593 -771.979091 -636.031323 -638.752803 -645.824111 -659.577755 -711.015704 -773.433421 -775.790730 -603.971386 -1244.811799 -1146.608895 -670.036059 -503.989017 -77668.898783 -160757.323557 -58366.411943 -411.359830 9372.991927 1130.187896 -863.104032 -402.538131 19.345811 -1532.894352 92117.029317 140396.010157 -337387.818486 -22026.133790 -61909.020348 -58384.799303 -55509.872221 -73853.641630 -33423.334753 -9324.686719
-6.313729 -40.405590 -287.337955 -410.396128 -619.432168 -889.876664 -1184.362938 -1365.109883 -1367.840995 -1495.484540 -1603.975341 -1595.031569 -1034.750732 -1189.410534 -1165.032505 -1064.919207 -683.787508 -593.558662 -707.446715 -766.216171 -698.912388 -636.364866 -634.783490 -622.399911 -557.957804 -546.619186 -610.951231 -689.175390 -753.632991 -804.814358 -1406.486360 -1021.917364 -595.888242 -640.150303 2207.369531 -208843.302101 -276270.531628 -438.739646 906.658674 16846.606027 749.813603 -351.198220 26.286550 -2218.336448 62238.716285 149068.615821 -327048.716448 -19189.956533 -65494.831982 -60209.998276 -60183.908915 -77373.752809 -42985.279763 -374679.072222
-108306.433820 -75933.742258 -330.972971 -533.898899 -669.628371 -772.634920 -1001.587000 -1201.833342 -1266.074569 -1290.558959 -1338.685165 -1329.462430 -1194.579875 -1108.401039 -896.386029 -740.086840 -588.242091 9470.601250 7801.377388 -588.381058 -463.757324 -421.223093 -672.909176 -760.811646 -735.273997 -577.076302 -569.926585 -604.535861 -757.464237 -877.416334 -830.054696 -790.055295 -628.267699 -524.097570 -768.557374 -815.757526 411.246517 -263.540618 -382.836259 7708.981942 22983.646305 -371.828002 23.708932 25.520686 999.174383 129937.578384 -128145.103794 -113288.388469 -27927.464091 -73494.652310 -72074.234425 -56783.456585 -266366.098559 -398459.768547
-105769.164095 -549471.546804 22.214814 -555.249589 -655.989974 -702.468828 -817.793507 -972.373913 -1118.186181 -1144.318503 -1181.557443 -1206.068511 -1080.711270 -923.781951 -796.383830 -683.389280 -594.252002 -531.713456 -489.487046 -403.425698 -296.695430 -269.574544 -595.205666 -889.139199 -837.917562 -760.793746 -724.329763 -714.517402 -796.059489 -862.484686 -835.669232 -749.840584 -650.196880 4053.116930 -1613.848021 -558.988827 -541.096752 -596.415493 -380.637021 -411.807530 6659.319963 9895.434463 -148.153978 22.704639 -1941.226254 131084.213341 88749.390869 -151980.512748 -354764.121178 -78981.606909 -68228.626007 -209033.201383 -381308.530375 -376422.969311
-244614.280991 12.464622 -410.467622 -507.614848 -582.784694 -642.039537 -698.214125 -861.080192 -1039.702204 -1108.066728 -1141.640480 -1049.999380 -852.021792 -771.230050 -696.803806 -650.002054 -540.480271 -522.621600 -482.711090 -524.073794 -710.865191 -859.149955 -711.891373 -837.564920 -1024.462532 -940.061701 -1059.385248 -896.668365 -825.076646 -745.686372 -746.546988 -725.019932 -665.827665 -891.584230 11769.879569 -571.461067 -563.028894 -551.622852 -428.434203 -439.788532 -487.656201 5116.957437 16.273141 21.824586 -36.860866 95746.105163 151146.831107 93308.683765 -92195.151316 -377829.954264 -370287.968495 -375386.568494 -368083.778961 -348713.383015
10.440381 -448.928988 -526.492891 -576.063960 -634.799884 -692.609852 -775.774786 -854.712557 -954.429406 -1004.071012 -914.724940 -808.616717 -738.698143 -675.740280 -623.097033 -536.294459 -475.852244 -592.498956 -741.434060 -1134.197886 -945.568138 -1015.559374 -914.182023 -1110.853693 -1246.884761 -1126.191076 -1112.080272 -1194.651948 -1125.164499 -858.107471 -793.093803 -767.123080 -737.951656 -757.783757 -917.487026 -1697.744961 -646.412406 -552.242017 -524.386959 -480.548789 -164377.571157 -4066.286998 -171.469399 21.312510 25.199907 26213.281722 184562.393629 154259.589320 90028.887427 -33294.118675 -221914.717806 -353786.630903 -340623.960880 -229788.084925
-475.633630 -516.383334 -549.302807 -622.620640 -672.291568 -725.963086 -863.777975 -950.223896 -937.391887 -1134.374181 -1424.010928 -1308.570658 -828.078390 -608.536002 -498.481234 -428.398459 -416.149240 -649.376920 -724.888536 -998.897860 -1171.399394 -1218.610827 -1300.822286 -1302.783624 -929.911756 -797.399342 -946.755523 -927.930322 -974.232591 -1213.493167 -1161.903651 -974.338316 -658.634648 -734.791652 -737.961313 -2118.561013 -1195.446554 -652.579755 -535.947580 -577.361013 -177871.674392 -58503.477094 -321.355931 25.892389 24.954438 26.346621 74.495961 57046.650223 236991.750675 151587.662602 -1551.725791 -101122.088084 -176227.860532 -295201.073970
-538.540701 51304.148657 43380.303784 52044.891675 -705.010679 -771.066880 -924.505868 -912.711232 -778.686343 -1135.612301 -1378.950493 -1210.692262 -851.175199 -1112.495052 -692.432348 -540.530735 -495.777610 -607.791322 -663.326540 -770.363919 -950.107189 -1345.799612 -944.453003 -1003.095780 -858.362419 -860.068263 -782.751485 -937.773560 -903.947147 -973.286290 -962.987132 -798.217944 -666.976040 -694.918540 -754.936184 -669.155189 -646.689532 -626.249667 -597.561955 -710.761506 -84675.302690 17650.370927 -485.133854 -221.978711 26.615354 29.310756 28.325382 -269.633764 38416.458284 516666.648441 202296.618948 59142.384097 -84468.087850 -11833.725475
