geotop_simulations/templates/TEST_Venosta_3D_034_template/rec/SoilPressure0000L0000.old.asc
ncols         252
nrows         194
xllcorner     598250.000000
yllcorner     5144500.000000
cellsize      250.000000
NODATA_value  -9999.0
[rows 96 to 119 of 194, columns 162 to 215 of 252]
-13807.536465 -3510.379742 -3964.558696 -5309.175537 -4991.115165 -1498.561486 -2844.172721 -1867.696812 -1459.363640 -6119.105436 -12588.948783 -6542.562278 -3441.640098 -7571.342604 -12849.507633 -21939.975967 -1148.415513 -1774.162448 -1108.404455 -1875.802657 -5346.812969 -4449.228629 -2131.489891 -2587.166922 -2458.805350 -1646.781490 -1733.519786 -3129.848407 -2731.078167 -2438.217336 -1772.683229 -1539.717675 -1180.681173 -952.369203 -1156.660866 -914.766688 -758.417890 -791.582509 -730.320816 -642.770050 -2269.208787 -537.096894 -545.971208 -524.411436 0.552777 0.997348 0.979398 8.557952 5.749134 3.909908 4.001759 4.296549 4.098696 5.427143
-4954.525722 -1402.394473 -2594.808056 -4965.165809 -1449.463681 -1053.696592 -1056.247822 -1152.435818 -1260.219442 -4640.463175 -4715.715901 -4475.106621 -3279.983794 -2373.276604 -9989.658984 -12353.213519 -8608.254185 -2988.749882 -2958.489379 -1553.496928 -1847.480406 -2303.572404 -3871.678500 -1557.833168 -1357.833051 -1224.325712 -1161.336344 -1350.255119 -3396.047902 -3950.897506 -1561.026624 -1638.198571 -1188.674274 -782.232223 -698.554806 -730.422365 -742.997196 -736.286898 -643.078349 -603.466225 -637.094432 -619.791426 -561.755268 -542.434347 -580.739982 -585.130780 -422.070945 21.415206 0.990188 4.800207 3.824425 4.146365 4.043417 4.928191
-1081.461089 -876.750516 -1270.659511 -1435.739589 -1828.778911 -888.569762 -1294.131619 -1203.648802 -1343.331865 -1683.491492 -1817.804942 -2079.586567 -3927.422484 -4045.368514 -3094.711578 -3824.322651 -16290.015277 -20607.635005 -4046.947721 -1489.419407 -1482.186274 -5138.303726 -8404.745573 -2671.223325 -1257.046662 -1050.471389 -1424.058948 -1230.318990 -2055.603989 -2027.796048 -1654.500129 -1724.428148 -903.363981 -781.391463 -662.338220 -647.148855 -632.712642 -607.149935 -553.287818 -565.989827 -569.225057 -585.723217 -653.310924 -659.854753 -637.329875 -571.755162 -428.930276 18.642485 21.452687 0.959811 4.045696 3.971430 3.952797 4.740747
-1089.858793 -735.606925 -2837.359529 -4719.660788 -1512.967632 -894.140706 -809.427298 -826.600857 -818.558908 -1335.879213 -3081.343093 -2665.532110 -1975.869961 -6644.865213 -4391.304113 -5807.559747 -7722.319790 -8457.140123 -3362.318603 -1393.488325 -1226.271836 -1652.640713 -3470.421634 -3291.323055 -2626.655086 -1087.962800 -1256.336339 -1807.118543 -1846.753641 -2663.113669 -2933.847951 -1589.557172 -1087.570605 -717.994311 -677.528772 -626.470144 -602.807647 -555.739969 -490.217887 -517.626863 -563.462410 -586.529123 -567.500788 -595.287043 -629.718242 -682.891238 -697.623917 15.447233 21.672659 19.889969 0.906743 3.027902 4.444646 5.548393
-1004.191927 -552.548679 -1393.893743 -1940.104636 -2368.917807 -994.878509 -640.886089 -665.666713 -731.351831 -1015.228709 -2863.438967 -2649.117647 -2457.747798 -3767.461257 -2707.393866 -2448.661838 -24780.827771 -21440.685511 -16111.755347 -2204.918071 -1408.228057 -1528.499832 -2852.681650 -2779.659376 -3055.952052 -1312.861576 -991.525516 -1541.639450 -2971.935552 -3145.217454 -3078.120606 -2606.731914 -1130.793491 -950.271453 -771.794694 -630.849949 -594.893128 -571.248054 -472.339796 -500.467945 -528.234334 -526.951794 -545.781703 -563.038541 -566.780253 -568.324147 -605.528354 15.975001 0.925792 0.966410 -538.011507 -531.309711 0.981591 0.994461
-828.460644 -570.627617 -832.582530 -2665.497006 -2210.868894 -1948.227975 -697.598383 -606.110636 -736.100566 -1155.881931 -2809.845720 -3214.296205 -2836.871446 -2803.537246 -2924.891873 -4171.652622 -3725.417862 -3550.278959 -3556.599352 -3781.960250 -2050.815350 -1737.581056 -2885.283500 -2636.512446 -2692.381140 -2474.043823 -1641.808522 -3252.314648 -3574.242212 -3222.556063 -3112.628933 -2873.851398 -1502.867612 -1112.685008 -922.893557 -711.749156 -611.991887 -593.352649 -513.311996 -506.239960 -528.557784 -527.206950 -533.851315 -553.300286 -559.684611 -546.510110 -560.103170 0.991229 -356.219826 458.603963 837.199274 663.473702 544.423248 486.890717
-923.885546 -789.834607 -655.173646 -2316.200274 -2864.160331 -2774.315294 -924.248094 -682.951232 -799.847563 -3204.291948 -3112.231631 -3134.310934 -3334.126845 -3176.361108 -3025.782545 -3389.079134 -3435.564188 -3531.100094 -3432.284600 -3031.296231 -2587.782046 -1744.274456 -2841.810093 -2846.835087 -3130.872278 -3041.262359 -3623.798079 -3455.123000 -3139.593366 -3250.299160 -3254.653005 -3150.265984 -2325.318907 -1478.023667 -1088.670982 -823.621289 -812.941088 -650.324693 -564.897396 -538.397858 -546.728656 -549.599645 -499.084518 5218.456301 8772.878274 4878.413857 245.631728 4049.774685 3870.980536 1498.347733 9.581665 8.419991 5.598035 7.097991
-730.026163 -781.700331 -720.748022 -2918.442026 -3099.869913 -3053.607296 -2575.968012 -803.459922 -2244.458995 -3264.400666 -3285.533552 -3298.993649 -3414.837080 -3370.457758 -3335.922376 -3282.910046 -3324.660374 -3378.273443 -3540.599493 -3392.661484 -2915.139019 -1770.234282 -2551.106560 -3050.274988 -3238.230140 -3866.483494 -3778.004584 -3709.931223 -3615.026073 -3108.665470 -3313.647168 -3284.564952 -3031.785040 -2589.799109 -1584.864782 -1206.750929 -1115.256137 -761.350599 -627.453423 -585.975179 -572.845230 9111.606070 21387.138384 33091.979206 32020.450501 3756.878779 3454.133933 618.601735 3.357707 6.234802 7.936678 8.006594 6.148920 7.244108
-652.246509 -673.432717 -803.409135 -3082.990750 -3163.509403 -3152.969421 -2817.388169 -1359.467368 -3121.270700 -3357.331600 -3396.820915 -3384.711587 -3860.187335 -3456.124104 -3408.539211 -3358.511174 -3403.590432 -3435.171682 -3394.111186 -3529.602277 -3393.090413 -2678.950720 -1789.454270 -3046.052455 -3287.274075 -3380.036848 -3914.456750 -3826.014161 -3663.188212 -3089.042301 -3309.879195 -3397.510995 -3258.992323 -3051.242962 -2698.687659 -2336.188235 -1068.093616 -871.831566 -698.554345 -632.400595 890.851286 8749.019684 8545.561596 43853.487327 40333.257458 24175.044589 2814.723712 -404.051269 2.217639 5.431524 7.996090 8.545261 7.223042 7.660558
-642.950220 -635.760648 -1168.895227 -3102.831186 -3212.924806 -3190.418369 -3000.729769 -2952.390983 -3380.273984 -3526.524607 -3496.430548 -3912.123640 -4027.983332 -4085.821221 -4120.907847 -4166.459428 -3435.659026 -3425.528107 -3590.500749 -3571.903606 -3530.840470 -3100.913419 -2856.218718 -3061.255301 -3229.184799 -3469.703084 -3422.139286 -3274.125674 -3335.229873 -3297.173116 -3326.764929 -3433.497310 -3397.376042 -3263.076008 -3140.617313 -2564.655873 -1395.643254 -976.342092 12.687599 1009.728638 4678.535852 8738.709758 22522.662734 33780.325112 29848.540436 17939.916920 2040.389474 -514.459833 -73.189639 4.924927 7.947144 9.218765 8.257020 7.515728
-633.170418 -628.797453 -1119.797080 -3133.358340 -3281.589645 -3275.633359 -3176.592718 -3229.811048 -3508.206716 -3515.443906 -3525.748187 -3521.930524 -3482.485314 -3505.358619 -3527.365715 -3648.961274 -3641.035854 -3469.381923 -3457.378504 -3473.057086 -3465.270455 -3420.355950 -3319.750645 -3045.111965 -3105.913617 -3469.492936 -3461.951682 -3367.330149 -3414.411478 -3427.852081 -3434.921087 -3360.683597 -3363.741111 -3268.217512 62.157518 3175.688279 10091.686491 9778.975541 9973.561024 8424.356773 5079.837059 7214.043010 9830.538369 12396.963853 4861.605009 -601.437795 -579.319758 -557.782165 -410.188321 4.768901 7.444787 9.716424 9.251077 6.593898
-657.653025 -675.880313 -1156.702744 -3158.638468 -3282.488100 -3357.754182 -3375.202751 -3397.297272 -3501.847715 -3614.603105 -3556.594388 -3558.860784 -3544.184018 -3589.520230 -3678.210041 -3667.088083 -3651.072284 -3563.302504 -3569.917977 -3576.228287 -3574.655318 -3658.709676 -3545.332590 -3375.287074 -3201.992125 -3466.118415 -3357.736810 -3332.062696 -3508.551409 -3523.147209 -3449.600374 -3420.536799 -516.607542 2040.480214 12645.963252 20777.437121 21977.697275 17108.449296 12963.951180 1841.003203 467.991222 -706.591860 -684.769617 -623.151124 -582.357254 -663.520866 -543.907008 -520.674543 -560.296311 0.000105 5.848843 9.562087 9.409423 6.600048
-684.377123 -746.373600 -1352.862072 -3169.958461 -3302.228826 -3399.637167 -3451.919725 -3490.374083 -3572.696240 -3571.431917 -3622.479454 -3629.313676 -3638.724408 -3670.660780 -3675.788913 -3623.331938 -3677.611344 -3719.688175 -3684.905636 -3672.379473 -3654.734549 -3692.910673 -3675.493826 -3556.767169 -3439.671662 -3474.047726 -3426.175071 -3454.261819 -3482.952650 -3484.399340 -3233.868928 0.956297 0.994042 152.820005 5330.945884 26618.301256 23071.611541 3779.499899 0.973821 -541.662287 -715.101584 -840.003733 -797.221271 -715.046106 -649.074395 -618.967600 -599.430329 -577.289951 -534.251777 -461.702897 0.940983 8.270247 9.663689 7.277491
-716.934742 -819.984941 -1628.741081 -3077.431990 -3274.935005 -3432.759352 -3500.106770 -3530.065001 -3533.524684 -3595.290468 -3671.093048 -3693.376106 -3714.541821 -3726.758375 -3720.707444 -3703.044021 -3725.145089 -3789.638011 -3786.395978 -3766.313327 -3741.493619 -3708.248393 -3691.953992 -3696.666013 -3553.588667 -3510.929277 -3533.772491 -3535.936484 -3539.952406 0.928467 3691.111981 4932.823763 5359.672024 3963.198973 552.953612 15740.296708 2663.116044 -633.162643 -1473.827332 -811.546136 -874.220697 -767.458989 -735.293711 -685.720210 -638.431119 -600.137058 -583.902248 -550.807161 -513.616897 -440.547134 -419.762441 0.979521 10.886634 8.914389
-764.386391 -992.685297 -2990.978294 -3059.356129 -3292.262608 -3418.090774 -3494.883928 -3572.255172 -3619.804819 -3671.738907 -3696.808689 -3730.000295 -3747.374135 -3742.848953 -3731.667948 -3745.019174 -3782.638959 -3855.432948 -3810.020742 -3804.486180 -3795.414199 -3763.817404 -3742.566729 -3744.810842 -3709.648387 0.997600 54.079971 71.587217 86.119876 623.520000 2590.792313 2593.981217 2218.126373 29.048932 1022.034384 577.695901 -3060.224209 -2161.999651 -1525.062044 -806.521273 -680.131360 -697.793598 -698.905354 -669.272213 -630.869546 -600.093891 -583.663516 -534.235684 -511.825399 -435.538942 -403.264665 0.978532 12.115872 10.291420
-829.032210 -2963.510980 -3074.454328 -3072.852246 -3301.295369 -3440.891620 -3504.076813 -3549.899156 -3621.154099 -3682.815102 -3734.634085 -3761.310873 -3774.867645 -3753.186312 -3759.856354 -3802.170798 -3899.962210 -3916.494226 -3904.632266 -3855.827149 -3851.897616 -3815.074371 -3754.932797 97.838138 124.913432 110.289867 75.382694 49.068198 35.589899 21.628471 8.823386 -3478.708409 -3421.617084 -3289.945516 -3115.771086 -2985.391879 -3224.062504 -2782.496867 -1742.882746 -1099.089853 -803.400891 -644.099408 -684.911266 -711.043030 -631.021717 -596.618096 -567.853060 -531.249468 -461.114496 -449.452781 -457.763188 0.970740 12.900587 11.386985
-556.224710 -1262.023402 -1137.745622 17.385795 482.943568 11.809255 598.095444 43.800489 -3636.068242 -3711.296717 -3752.897581 -3776.479826 -3806.500284 -3819.686539 -3831.189437 -3817.942662 -71.994036 0.157903 -44.089938 41.554792 80.332110 137.048409 183.493287 102.741385 49.977364 33.495489 20.994222 8.047936 0.508828 -3548.773884 -3495.041894 -3394.755697 -3285.781883 -3361.088721 -3272.385611 -3147.797666 -3060.937527 -2978.072262 -1528.630280 -1017.523623 -777.083877 -585.824909 -686.494037 -673.123356 -628.724213 -580.294883 -567.285807 -541.493025 -441.296149 -373.331359 -492.189046 0.959010 12.052761 11.102585
16369.002524 14566.810719 8276.218758 5301.963515 4198.041139 4252.116318 22717.965054 20081.618577 26085.157081 15729.204276 7739.393801 3836.170888 5743.993140 21632.833307 28731.935741 29340.786374 18943.108020 4445.650876 2612.115557 991.981543 26.520681 -3702.211666 -3835.033275 -3815.094162 -3757.581425 -3695.370832 -3648.339456 -3605.006967 -3568.639024 -3505.179651 -3600.280911 -3339.588364 -3174.076576 -3264.267811 -3197.826902 -3065.531790 -2917.669116 -2746.389967 -2300.301456 -891.662690 -688.525506 -525.911708 -611.048877 -626.138004 -598.017878 -586.871004 -560.088092 -511.801596 -420.351861 -467.076876 -355.290123 16.282834 10.664256 10.348808
24723.342284 24298.135837 2905.656786 4489.262791 4370.867111 33948.948903 34989.331185 18157.907778 50220.634724 33508.462784 25875.162054 15420.693953 42875.968705 47359.612343 45584.300758 38599.553983 6536.289154 580.063750 587.692803 98.288049 -3872.832413 -3850.103296 -3838.131157 -3798.251162 -3734.579229 -3676.916421 -3624.754836 -3592.448589 -3566.545535 -3481.254421 -3541.341914 -3458.832850 -3326.598780 -3247.018461 -3167.821850 -2993.345914 -2786.169576 -2456.538935 -1585.737843 -1329.183113 -610.310983 -482.797779 -502.755146 -559.598589 -619.597188 -579.706741 -556.816457 -462.535590 -806.477808 3.585423 0.973661 12.870533 10.206012 10.192068
21295.076575 21178.695881 17996.535517 17152.631732 20867.324890 29253.918926 33342.678693 38589.530259 52212.506616 63578.630543 82356.357450 61770.825051 57924.905563 56735.411927 45235.386568 40985.391407 23625.119799 6902.983164 -699.640660 -3898.689572 -3878.283574 -3853.785570 -3826.617596 -3785.429999 -3723.219627 -3664.190406 -3612.156028 -3573.456548 -3686.630116 -3606.365725 -3489.605192 -3554.753866 -3421.061526 -3143.796888 -3130.409047 -2981.806863 -2695.860703 -2346.454329 -1560.117908 -1113.268613 -527.099828 -428.795989 -450.067763 -578.748005 -619.531287 -662.017537 -542.259023 -536.559034 1.578782 2.829820 0.951035 11.984044 10.112153 10.331509
17370.666383 17385.595458 15808.047450 14343.313171 16776.701036 21211.137602 26212.774542 33248.533349 45460.753181 62077.448835 63615.606196 58410.243406 59007.231808 67374.241175 20795.331161 27175.528937 10857.787525 149.166467 -3907.291628 -3897.068595 -3872.700448 -3842.666799 -3812.606349 -3771.635514 -3700.845241 -3601.073669 -3521.142933 -3643.691659 -3601.696656 -3527.488233 -3636.191314 -3530.611613 -3358.526199 -2929.404296 -2976.939288 -2913.364912 -2641.149860 -2333.494860 -1672.432817 -1129.913142 -450.711698 -341.650387 -598.797839 -612.377791 -763.009453 -591.494095 -468.442121 -261.945715 -444.533280 3.281843 0.901935 12.024972 10.003824 10.526744
1372.914966 4686.992092 5472.922758 5804.395809 7898.471325 11266.457791 16720.737935 21180.245247 12065.619053 44016.044038 46648.379362 46127.941796 44527.143901 19370.140759 15724.270221 13925.867170 813.571355 -3919.845042 -3916.750144 -3899.257189 -3871.800398 -3838.000199 -3801.545242 -3761.594384 -3692.166260 -3716.162772 -3612.302424 -3575.074874 -3520.972614 -3651.988750 -3593.895789 -3506.666780 -3404.294338 -3101.385623 -2390.436636 -2671.486966 -2391.976482 -2188.238264 -1579.392166 -1144.375036 -402.233897 -217.350478 -147.799898 -768.614948 -1630.227714 -901.833849 0.255670 0.645651 2.538488 4.197914 0.880857 12.681799 10.531854 11.200533
-1736.617474 -2850.661216 -3114.160862 113.580491 284.214455 449.386337 2189.614565 5575.731548 4240.486459 24210.047174 24593.714724 23119.769730 20117.302290 11921.381816 302.100821 0.627970 -3924.098107 -3924.231290 -3923.264468 -3907.763660 -3881.275481 -3840.950621 -3790.827968 -3765.328730 -3728.240466 -3754.880118 -3622.501331 -3549.766543 -3464.164110 -3383.102659 -3314.092867 -3166.668135 -3043.002266 -2440.027519 -1397.852052 -1926.445660 -1439.231138 -1766.746651 -1328.220910 -1115.485312 -356.491773 2.412465 3.524041 0.691349 1.260696 -1740.522302 3.155974 3.424886 4.228584 4.480478 0.896743 11.776727 11.378884 11.184374
-1835.057915 -2797.817448 -3155.204413 -3344.778128 -638.772052 -3604.524181 -1536.709174 -1051.018135 -2657.904272 -3659.078762 -3670.938976 -3647.868887 -3676.488115 -3941.839348 -3929.952800 -3895.257520 -3924.256191 -3948.101145 -3917.986054 -3890.157173 -3819.616405 -3859.113193 -3828.036494 -3759.364142 -3775.033536 -3808.204258 -3629.142491 -3492.011091 -3372.142904 -3293.974321 -3241.927302 -3121.818340 -2948.232108 -1742.624780 -1095.885145 -1229.937560 -940.039122 -1219.849822 -1231.279282 -994.431077 -327.169401 4.613979 4.742483 3.918703 3.919638 3.604928 3.995847 4.374093 4.443356 4.785523 0.915821 9.423936 11.244098 10.586929
