geotop_simulations/templates/TEST_Venosta_3D_034_template/rec/SoilPressure0000L0000.asc
ncols         252
nrows         194
xllcorner     598250.000000
yllcorner     5144500.000000
cellsize      250.000000
NODATA_value  -9999.0
[rows 120 to 143 of 194, columns 162 to 215 of 252]
-2548.133571 -2855.697263 -3270.810250 -3359.988519 -695.761516 -3638.670950 -3665.663072 -3746.349751 -3772.279404 -3587.964196 -3763.888072 -3623.274867 -3737.158078 -3900.412735 -3903.925342 -3785.385137 -3758.220507 -3824.463417 -3876.975404 -4014.486481 -3901.577913 -3763.362427 -3743.466998 -3788.120621 -3858.853910 -3850.505259 -3703.773626 -3504.321236 -3346.911243 -3243.964680 -3178.630520 -3101.984040 -2892.043348 -1448.068987 -1092.466604 -991.647622 -827.622132 -1144.778301 -1102.897307 -954.513878 -471.043438 4.680391 6.816126 4.828721 3.894602 4.112876 4.059119 4.409041 4.321210 4.348169 5.903772 0.937204 10.234991 9.494867
-2330.357812 -2650.401492 -3184.334991 -3475.653921 -3523.628166 -3644.786229 -3701.182206 -3770.784674 -3734.360264 -3694.496660 -3627.653203 -3775.741583 -3778.770181 -3818.917151 -3873.314134 -3716.036794 -3669.133343 -3715.931819 -3905.666758 -4025.086425 -3928.343069 -3737.527906 -3633.588115 -3661.197206 -3777.919845 -3824.262172 -3749.765467 -3596.614369 -3457.144428 -3323.550176 -3138.159630 -2923.577145 -2571.193549 -2309.602657 -990.435121 -815.556836 -728.892141 -978.458837 -1051.171263 -947.358209 -916.795561 0.000434 7.732958 6.277850 3.361855 2.855170 4.374246 4.442057 4.320329 4.214857 4.536470 0.954174 9.432145 9.258162
-2434.727276 -2733.924956 -3023.665914 -3392.911002 -3659.508745 -3623.728806 -3837.532742 -3777.525558 -3705.249383 -3622.405881 -3508.994362 -3670.705706 -3836.437647 -3802.679558 -3814.834644 -3641.830544 -3621.900859 -3612.838084 -3625.901265 -3971.192210 -3940.693329 -3752.009270 -3557.639423 -3504.037298 -3684.639122 -3767.070662 -3733.300764 -3604.395118 -3497.768454 -3390.023689 -3191.120832 -2883.529973 -2016.115614 -1728.380548 -848.455271 -735.642877 -977.634312 -912.546578 -966.583880 -916.658588 -910.212791 0.901038 7.161088 6.702493 7.932605 7.593964 3.804531 4.665335 4.362251 4.072646 4.065118 10.225060 9.343092 8.229016
-2654.162409 -2862.370643 -2915.775890 -3228.183936 -3552.045242 -3651.489466 -3856.890766 -3781.697681 -3681.200257 -3604.019699 -3404.135881 -3454.052661 -3785.208552 -3794.678656 -3744.792527 -3624.038584 -3614.431916 -3542.888849 -3372.307971 -3875.737537 -3931.983026 -3780.785534 -3552.622090 -3350.798200 -3523.272889 -3682.508448 -3643.368318 -3551.342007 -3445.187981 -3321.066901 -3232.919951 -2963.619622 -1626.749004 -1041.324917 -789.470519 -652.952249 -880.230772 -741.921961 -789.884066 -874.550813 -646.019873 7.458170 9.052025 7.849514 9.479377 9.168834 7.768271 5.526043 2.770936 -284.340674 3.696673 7.698799 7.568379 5.825943
-2789.685204 -2786.819676 -2880.318083 -3313.382968 -3569.468363 -3869.084238 -3854.164741 -3772.394260 -3656.640572 -3563.215371 -3365.475823 -3307.417029 -3694.123066 -3770.730171 -3691.756665 -3568.710251 -3580.610546 -3523.411686 -3197.884675 -3776.561703 -3875.337616 -3771.395789 -3566.782188 -3207.218058 -3284.394762 -3172.896850 -3632.183908 -3519.890975 -3333.595526 -3158.480323 -3120.406009 -2755.267887 -1341.358140 -921.308013 -819.521608 -638.038032 -717.875052 -1224.638786 -1320.404639 -925.253517 -756.425481 0.960507 9.759994 9.612182 10.085667 10.124180 8.704061 6.291724 5.877668 0.000179 -253.804511 4.802409 5.493790 4.455416
-2699.979070 -2706.625941 -2540.353181 -3439.385547 -3608.496281 -3883.591108 -3821.105737 -3741.221818 -3632.956944 -3494.846882 -3300.978407 -3256.190322 -3522.058539 -3711.131730 -3680.067096 -3465.659507 -3418.965804 -3422.989435 -3126.034285 -3602.520606 -3758.991898 -3700.178586 -3521.897543 -3130.360356 -2958.064861 -2136.451185 -3013.253685 -3612.196690 -3471.081915 -3254.169064 -3123.604143 -2694.056698 -1608.356465 -949.876549 -810.843244 -726.317866 -715.954455 -1097.161007 -1656.690343 -1037.052739 -1424.576256 0.978206 10.627538 9.961106 10.603704 10.202343 11.946905 10.044087 7.557675 -241.413834 -237.536156 -101.756071 1.691562 0.355920
-3034.461190 -3398.345562 -3010.769781 -3505.169695 -3880.015226 -3900.593176 -3808.942197 -3710.056593 -3610.050871 -3440.820949 -3247.464159 -3150.978791 -3241.733476 -3564.976254 -3655.855841 -3474.161638 -3280.258420 -3283.527496 -3135.756099 -3482.301821 -3661.703102 -3636.014494 -3462.824215 -3159.012563 -2710.521346 -1026.695528 -1500.012975 -2546.549933 -2418.839068 -3216.155348 -2734.767398 -2675.881672 -1669.518272 -1284.242674 -936.604797 -882.184366 -989.615840 -859.461614 -991.158077 -952.101109 -2960.800820 7.589430 10.780523 10.580306 10.943122 11.054542 13.873846 14.610149 11.382167 -168.764954 -242.993989 -161.518654 0.899033 0.811450
-3911.851389 -3542.824941 -3404.456998 -3628.308871 -3936.652535 -3927.702573 -3840.034555 -3712.204822 -3584.194911 -3441.798732 -3273.511437 -3172.247166 -3124.976742 -3346.888113 -3554.119502 -3480.662337 -3273.135575 -3215.315561 -3072.181726 -3385.433815 -3570.968875 -3558.102754 -3405.517327 -3141.433946 -2591.761254 -1207.674592 -1093.504839 -1049.914838 -945.515773 -1085.259848 -956.317203 -860.955653 -979.196947 -1183.343768 -1050.566584 -933.782938 -770.365757 -933.084205 -911.147875 -887.411697 -2069.939419 2.624400 8.476617 9.696757 10.267680 10.904581 13.709393 17.031110 16.155592 0.670578 -218.368018 -145.159011 0.232761 -9999.0
-2311.766943 -3156.267756 -3547.832884 -3694.430765 -3955.855874 -3924.665964 -3865.019256 -3763.603278 -3606.597095 -3456.271552 -3326.265847 -3213.924260 -3171.497897 -3217.540583 -3387.238231 -3366.413625 -3262.257005 -3200.571088 -2969.561812 -3318.986285 -3450.612121 -3396.932967 -3236.870725 -2902.372501 -1673.973731 -1139.259702 -1059.982162 -955.536097 -771.401290 -704.246491 -721.600172 -850.194624 -1303.449816 -1146.483970 -1108.198089 -858.904904 -757.706089 -777.834629 -814.683379 -779.954586 -612.729816 -303.651222 3.915337 7.508555 9.690980 11.310281 12.781282 15.729722 19.826487 1.486143 -9999.0 -9999.0 -9999.0 -9999.0
-3083.484888 -2664.012144 -3699.027007 -3780.834062 -3994.305544 -3902.337346 -3840.208198 -3781.347118 -3630.497838 -3461.171283 -3289.633663 -3211.103305 -3185.794003 -3171.891383 -3220.349012 -3164.952477 -3120.803984 -3082.866971 -2814.929635 -3213.901041 -3395.657982 -3354.475211 -3200.669153 -3120.198609 -1484.820797 -1092.516195 -1075.820855 -956.087551 -801.605443 -674.240437 -647.564873 -589.624645 -1010.772761 -3892.664582 -7378.545446 -858.641590 -774.678807 -844.114608 -893.378088 -788.583554 -611.967105 -391.209224 2.352935 6.677727 9.835803 12.724995 13.100122 15.053192 24.632674 -9999.0 -9999.0 -9999.0 -9999.0 -9999.0
-3498.456869 967.779063 -3774.706533 -3889.573765 -4071.640039 -3980.115524 -3887.710798 -3789.972035 -3676.107757 -3535.371216 -3312.092961 -3094.887924 -3274.907152 -3172.879897 -3184.912549 -3098.075326 -2950.907744 -2966.912193 -2585.143172 -3040.354259 -3285.735687 -3257.245301 -3177.783496 -3006.927216 -2857.954975 -1150.684584 -1136.915311 -1006.482798 -870.907483 -772.883663 -859.037125 -899.721028 -1958.734726 -4472.673384 -851.058676 -861.603851 -790.827132 -9999.0 -9999.0 -9999.0 -9999.0 -9999.0 -9999.0 6.108086 9.755589 16.210948 18.050314 9.928661 21.052465 -9999.0 -9999.0 -9999.0 -9999.0 -9999.0
-3463.208003 -3698.030925 -3801.439399 -3880.526792 -3958.618549 -3944.453861 -3966.750499 -3851.708297 -3755.419680 -3661.505572 -3472.879943 -3308.169458 -3155.253717 -3244.735711 -3017.501031 -3185.740894 -3071.559554 -2873.917779 -1953.931916 -2706.922625 -3321.728838 -3213.997611 -2928.822037 -2866.712372 -3013.097236 -1996.284403 -1374.418665 -1380.902143 -1493.122986 -944.644532 -968.567331 -1385.420379 -809.974722 -772.897713 -797.064119 -818.073727 -779.570849 -9999.0 -9999.0 -9999.0 -9999.0 -9999.0 -9999.0 -9999.0 -9999.0 -9999.0 -9999.0 -9999.0 -9999.0 -9999.0 -9999.0 -9999.0 -9999.0 -9999.0
-3605.051394 -3704.217157 -3763.724771 -3927.705384 -3980.330549 -3960.625999 -4006.196190 -3899.513355 -3797.417707 -3751.838095 -3620.220522 -3352.612943 -3207.620452 -3245.697569 -3204.750191 -3137.827884 -3192.604227 -3038.376487 -1391.703146 -2102.797044 -3313.168723 -3007.293962 -2641.701297 -3088.763221 -2949.076085 -2539.857486 -1204.879182 -1042.106598 -1637.166036 -917.925372 -1112.211814 -1001.352753 -835.799338 -758.798103 -756.716632 -775.437462 -757.712053 -9999.0 -9999.0 -9999.0 -9999.0 -9999.0 -9999.0 -9999.0 -9999.0 -9999.0 -9999.0 -9999.0 -9999.0 -9999.0 -9999.0 -9999.0 -9999.0 -9999.0
-3641.817383 -3731.469468 -3949.388736 -3805.627996 -3765.396322 -3928.904291 -4027.155515 -3952.976629 -3872.841901 -3797.135986 -3722.902296 -3570.900275 -3631.349106 -3452.966934 -3225.291950 -3094.122908 -3241.172960 -3138.387973 -1326.225064 -1278.830575 -3089.621444 -3265.320786 -3186.306298 -2879.481500 -2977.912350 -3289.179156 -1718.597769 -2435.327693 -1873.589284 -1522.576728 -1230.111864 -1071.677100 -885.485040 -792.147482 -783.972579 -761.215999 -730.871559 -9999.0 -9999.0 -9999.0 -9999.0 -9999.0 -9999.0 -9999.0 -9999.0 -9999.0 -9999.0 -9999.0 -9999.0 -9999.0 -9999.0 -9999.0 -9999.0 -9999.0
-3882.880127 -3939.446736 -3949.565121 -3794.577892 -3517.062820 -3686.703580 -3728.527485 -3656.511331 -3471.257955 -3371.562463 -3777.381291 -3684.251331 -3780.936541 -3753.803967 -3726.376806 -3282.501731 -3955.156174 -3293.086769 -3158.712662 -2731.728007 -1101.534948 -3249.725923 -2897.835129 -1653.897954 -1719.828917 -5536.726036 -3051.282430 -2758.397472 -2074.621057 -1601.416193 -1314.728138 -1162.566697 -1081.651004 -1037.142729 -1122.455934 -9999.0 -9999.0 -9999.0 -9999.0 -9999.0 -9999.0 -9999.0 -9999.0 -9999.0 -9999.0 -9999.0 -9999.0 -9999.0 -9999.0 -9999.0 -9999.0 -9999.0 -9999.0 -9999.0
-3953.253474 -3955.235473 -3949.426388 -3830.172786 -3428.064944 -3496.579728 -3754.858853 -3508.221365 -3332.227012 -2770.090758 -3404.192537 -3314.992899 -3605.322716 -3804.860251 -3690.916601 -3438.680770 -3332.922730 -2858.089231 -2670.553625 -1291.713279 -965.458460 -2992.531232 -3097.310790 -3321.375504 -2036.176815 -3660.624028 -3869.124940 -3853.339256 -3602.057152 -3327.436451 -2804.126210 -2962.265108 -9999.0 -9999.0 -9999.0 -9999.0 -9999.0 -9999.0 -9999.0 -9999.0 -9999.0 -9999.0 -9999.0 -9999.0 -9999.0 -9999.0 -9999.0 -9999.0 -9999.0 -9999.0 -9999.0 -9999.0 -9999.0 -9999.0
-3862.642546 -4019.763534 -4029.396320 -3894.066913 -3455.946265 -3424.301145 -3609.287130 -3659.260552 -2934.904436 -1684.016053 -2855.062127 -2785.650017 -2352.101389 -3160.221638 -3230.048928 -3418.753713 -4110.729112 -3148.169141 -1586.475878 -2088.727112 -1079.714639 -3573.918184 -3497.114948 -4501.593872 -3378.101254 -4102.037679 -4431.866518 -3966.984847 -9999.0 -9999.0 -9999.0 -9999.0 -9999.0 -9999.0 -9999.0 -9999.0 -9999.0 -9999.0 -9999.0 -9999.0 -9999.0 -9999.0 -9999.0 -9999.0 -9999.0 -9999.0 -9999.0 -9999.0 -9999.0 -9999.0 -9999.0 -9999.0 -9999.0 -9999.0
-3502.246654 -3849.038803 -4018.186762 -3951.943513 -3543.179268 -3319.714704 -3487.005638 -3417.146755 -1770.208036 -2603.910241 -1075.480996 -2919.642818 -3020.663976 -2398.767139 -1417.067183 -2476.286406 -5345.284683 -2860.843093 -1334.146041 -1910.682889 -1831.100645 -3170.927247 -6001.583858 -5494.935677 -3531.007618 -9999.0 -9999.0 -9999.0 -9999.0 -9999.0 -9999.0 -9999.0 -9999.0 -9999.0 -9999.0 -9999.0 -9999.0 -9999.0 -9999.0 -9999.0 -9999.0 -9999.0 -9999.0 -9999.0 -9999.0 -9999.0 -9999.0 -9999.0 -9999.0 -9999.0 -9999.0 -9999.0 -9999.0 -9999.0
-3288.506746 -3426.483041 -3734.952178 -3919.008093 -3668.852185 -3363.071230 -3475.131681 -3092.099124 -3169.462287 -918.922326 -744.300654 -1354.809250 -1770.717845 -1062.551784 -928.239644 -978.891525 -1544.287076 -1743.490946 -962.883049 -1267.484765 -1421.440088 -3083.104514 -4718.131230 -7708.592856 -3576.394452 -9999.0 -9999.0 -9999.0 -9999.0 -9999.0 -9999.0 -9999.0 -9999.0 -9999.0 -9999.0 -9999.0 -9999.0 -9999.0 -9999.0 -9999.0 -9999.0 -9999.0 -9999.0 -9999.0 -9999.0 -9999.0 -9999.0 -9999.0 -9999.0 -9999.0 -9999.0 -9999.0 -9999.0 -9999.0
-3402.870390 -3211.365066 -3167.144969 -3821.861705 -3475.317134 -2802.732299 -2595.667977 -3291.294362 -2405.303580 -826.912005 -636.148912 -1994.519388 -1604.424521 -1022.438873 -727.350211 -747.270833 -1114.805496 -1232.403426 -838.523722 -1027.992091 -1311.934638 -3157.990165 -12765.811728 -3606.221593 -9999.0 -9999.0 -9999.0 -9999.0 -9999.0 -9999.0 -9999.0 -9999.0 -9999.0 -9999.0 -9999.0 -9999.0 -9999.0 -9999.0 -9999.0 -9999.0 -9999.0 -9999.0 -9999.0 -9999.0 -9999.0 -9999.0 -9999.0 -9999.0 -9999.0 -9999.0 -9999.0 -9999.0 -9999.0 -9999.0
-3520.717274 -3316.838530 -2973.107264 -2858.142229 -3277.275212 -2962.086868 -3301.247253 -2691.528148 -2387.586368 -702.608196 -771.211945 -1045.945281 -1188.089483 -911.595076 -654.953309 -702.511913 -848.708882 -1213.966511 -973.120542 -1135.224085 -1419.089563 -2111.562970 -4378.044807 -9999.0 -9999.0 -9999.0 -9999.0 -9999.0 -9999.0 -9999.0 -9999.0 -9999.0 -9999.0 -9999.0 -9999.0 -9999.0 -9999.0 -9999.0 -9999.0 -9999.0 -9999.0 -9999.0 -9999.0 -9999.0 -9999.0 -9999.0 -9999.0 -9999.0 -9999.0 -9999.0 -9999.0 -9999.0 -9999.0 -9999.0
-3654.096616 -3228.972530 -2750.741412 -2782.398902 -2626.590341 -3707.120998 -3491.969806 -1540.110405 -1254.549523 -518.545759 -304.633276 -656.619823 -998.673374 -841.779009 -627.228431 -633.741088 -804.064509 -961.296212 -1113.615694 -1293.147131 -1716.282411 -9999.0 -9999.0 -9999.0 -9999.0 -9999.0 -9999.0 -9999.0 -9999.0 -9999.0 -9999.0 -9999.0 -9999.0 -9999.0 -9999.0 -9999.0 -9999.0 -9999.0 -9999.0 -9999.0 -9999.0 -9999.0 -9999.0 -9999.0 -9999.0 -9999.0 -9999.0 -9999.0 -9999.0 -9999.0 -9999.0 -9999.0 -9999.0 -9999.0
-3908.669518 -3634.525480 -3413.207387 -2025.994159 -3204.073158 -2614.937746 -1949.680466 -1631.821988 -1299.181120 -978.497822 2.059749 -437.655111 -752.108304 -622.498202 0.000543 -391.054939 -1212.288895 -845.418618 -9999.0 -9999.0 -9999.0 -9999.0 -9999.0 -9999.0 -9999.0 -9999.0 -9999.0 -9999.0 -9999.0 -9999.0 -9999.0 -9999.0 -9999.0 -9999.0 -9999.0 -9999.0 -9999.0 -9999.0 -9999.0 -9999.0 -9999.0 -9999.0 -9999.0 -9999.0 -9999.0 -9999.0 -9999.0 -9999.0 -9999.0 -9999.0 -9999.0 -9999.0 -9999.0 -9999.0
-4132.712595 -3955.498842 -3362.012640 -10007.752527 -9711.961918 -7001.701326 -4317.185633 -2257.506686 -1444.393722 -969.965750 4.918567 -133.614326 -518.578043 2.933857 6.810879 -286.547437 -9999.0 -9999.0 -9999.0 -9999.0 -9999.0 -9999.0 -9999.0 -9999.0 -9999.0 -9999.0 -9999.0 -9999.0 -9999.0 -9999.0 -9999.0 -9999.0 -9999.0 -9999.0 -9999.0 -9999.0 -9999.0 -9999.0 -9999.0 -9999.0 -9999.0 -9999.0 -9999.0 -9999.0 -9999.0 -9999.0 -9999.0 -9999.0 -9999.0 -9999.0 -9999.0 -9999.0 -9999.0 -9999.0
