geotop_simulations/templates/TEST_Venosta_3D_034_template/rec/SoilPressure0000L0001.old.asc
ncols         252
nrows         194
xllcorner     598250.000000
yllcorner     5144500.000000
cellsize      250.000000
NODATA_value  -9999.0
[rows 144 to 167 of 194, columns 108 to 161 of 252]
-1619.531093 -3831.337655 -52139.805627 -107025.772199 -94751.696564 -49273.567618 -44215.700171 -38774.929977 -343.710551 -663.618276 -987.016987 -1248.657961 -2494.388573 -2235.232550 -2263.058534 -2663.807019 -1880.924967 -3648.508634 -3200.207164 -6127.092665 -11561.750332 -24978.370344 -8715.226465 -3774.858247 -4089.418667 -4263.070963 -4177.456473 -3976.835499 -3879.128342 -3944.429255 -4146.189757 -4313.048248 -4208.213852 -4259.765071 -4602.962414 -4257.555506 -4252.330272 -4052.317583 -4081.988458 -4125.300049 -4124.148205 -3899.898738 -3714.811838 -3945.894136 -4269.974315 -4282.338599 -4651.902511 -4652.180067 -4487.411036 -4371.900213 -4241.323175 -4138.839246 -4113.812751 -4020.504394
-2888.772771 -41038.625138 -110602.301756 -89175.258163 -69560.512009 -74233.664296 -120337.847354 -3828.770488 -898.178235 -688.905260 -1535.377288 -2313.785766 -1580.426316 -1258.304589 -1732.277796 -2160.440528 -1140.168473 -741.717539 -327.135834 -157300.155440 -144902.447922 -23639.888967 -3522.194509 -3602.805934 -3950.993264 -4324.223615 -4354.298296 -3980.731616 -3938.741500 -4045.304778 -4077.928425 -4149.969063 -4206.853938 -4273.569755 -4304.131167 -4056.838308 -4107.036532 -4127.890494 -4163.017252 -4228.546331 -4229.103707 -4083.946470 -3827.539637 -4007.611817 -4405.242681 -4403.451515 -4716.497226 -4645.282890 -4351.810687 -4125.932517 -3938.810238 -3856.452596 -3809.052710 -3556.147760
-1411.594914 -565051.265465 -86166.893519 -99188.029093 -58908.147808 -64952.368477 -104223.285244 -140.391364 -2.087341 -8.386622 -1112.487618 -2521.522135 -2072.125197 -1188.694286 -1141.849673 -1338.277751 -909.137408 -204.360632 -282031.453322 -330909.342084 -11472.576659 -3170.320168 -3521.277105 -3650.611444 -3968.227395 -4211.047146 -4548.584586 -4262.808568 -3937.829842 -3846.940162 -3941.874395 -4036.224755 -4172.206477 -4266.368960 -4030.720174 -4105.418000 -4161.837750 -4180.875101 -4199.006058 -4246.134261 -4293.585135 -4266.202336 -4884.385852 -4105.839296 -4985.975771 -4744.302784 -4770.537056 -4729.004876 -4441.631522 -4074.992167 -4094.791679 -3832.022188 -3635.051077 -2869.969578
-378846.518258 -112963.463102 -158659.027552 -104181.239654 -55878.570715 -59798.229423 -74347.682651 -654610.137046 -40925.704525 -342790.170149 -471338.875744 -3291.618398 -3677.007005 -1009.478259 -1046.918971 -1186.463965 -1825.829209 -413359.247430 -3077.855115 -56225.614230 -44630.060614 -41631.422671 -17179.151646 -2968.921622 -3765.050401 -4152.560212 -4263.427850 -4619.066211 -4399.607113 -4036.519952 -3876.290040 -3857.286688 -4047.102397 -4228.075790 -4059.014851 -4156.025658 -4202.054825 -4221.725752 -4224.694118 -4217.871535 -4289.981432 -5234.918398 -5065.164472 -4335.755565 -4836.115546 -4786.527568 -4677.402427 -4688.272412 -4546.402463 -4224.052968 -3985.082776 -3646.500349 -3534.170944 -3659.844472
-86687.427679 -82739.270218 -163277.576313 -71711.283966 -56148.056319 -56239.986866 -92719.444069 -383687.200195 -593773.363855 -229820.536904 -476494.028728 -4734.824148 -2671.989620 -492.208769 -950.642208 -1773.842818 -6417.862269 -6141.109009 -50389.160035 -6994.219671 -9204.742547 -23986.632497 -13269.633750 -2627.463567 -3387.141610 -4083.908756 -4204.607453 -4733.765600 -4713.277091 -4594.473645 -4338.644269 -4107.598541 -4046.043733 -3819.119008 -4106.239315 -4225.082834 -4254.746018 -4271.792939 -4252.891197 -5175.387976 -5157.774799 -4373.319813 -4458.108803 -4621.347201 -4841.254361 -4800.370989 -4556.591781 -4525.464092 -4357.568444 -4348.106909 -3952.841043 -3449.251251 -4313.036766 -4311.154048
-147256.900859 -99716.672033 -71944.455591 -65304.548333 -17257.140253 -8516.570490 -135023.605631 -54924.963785 -32204.416770 -34499.097531 -1722.158731 -2182.408458 -1529.863689 -48.103901 -17.873699 -996.322398 -1607.047136 -41310.118832 -4582.971194 -4146.377861 -4157.240728 -4060.450333 -3792.207306 -3283.563915 -3310.567736 -3700.211246 -3804.085759 -4105.013390 -4312.335460 -4483.179330 -4460.525477 -4420.443168 -4341.088274 -4314.919098 -4184.094266 -5356.404884 -4295.056312 -4309.161664 -5244.517570 -5206.763396 -4338.137181 -4914.640225 -4804.815234 -4796.406150 -4905.446863 -4846.616728 -4585.618429 -4439.896851 -4302.448711 -4297.409402 -4164.434425 -3960.385521 -4143.961895 -12030.079599
-72954.671304 -60946.217665 -60949.903114 -65277.697707 -18015.215522 -76668.727181 -2379.292244 -55940.028399 -278055.941018 -223802.769820 -118936.301947 -130786.366020 -164145.613285 -178979.441528 -148052.564367 -134239.436585 -3616.126863 -1283.358076 -3231.333967 -4057.710155 -4233.531842 -4210.222365 -4357.871220 -3674.525137 -2370.414595 -2555.130660 -3461.142233 -3950.354306 -4309.013521 -4404.621432 -4444.103108 -3987.074379 -4078.251082 -4162.929338 -4293.061974 -4354.339567 -4367.072708 -5343.729890 -4352.250241 -4368.477609 -4792.910967 -4454.258509 -4649.619439 -4811.203557 -4876.057556 -4882.300842 -5069.466610 -5020.757203 -4490.961691 -4458.961743 -4650.995402 -4460.974200 -4186.976922 -5622.268035
-65470.928944 -60600.989147 -61298.115075 -66579.782887 -45860.887875 -21637.878213 -344708.281491 -97271.854698 -100997.975264 -74230.392707 -69769.820819 -92586.218857 -111310.823772 -103199.347787 -71372.841402 -69205.027728 -118132.376513 -965.245270 -1298.853777 -3345.002395 -3648.796224 -4266.055883 -4486.219035 -4450.932636 -4055.861868 -3464.331768 -3309.462646 -3422.273479 -4182.001118 -4489.584084 -4228.202178 -4151.768406 -4173.057711 -4242.645508 -4334.518947 -4403.219330 -4422.192872 -4389.923116 -4371.779176 -4376.700696 -4430.033616 -4441.994569 -4595.356637 -4703.919170 -4704.410174 -4773.218770 -4682.587532 -5249.117637 -5140.714752 -5015.818155 -4819.884882 -4552.326571 -4014.042224 -6323.391343
-77185.730858 -61615.770398 -62095.572841 -64582.260166 -71710.087854 -95525.717666 -90961.552425 -93386.676913 -97674.344870 -71748.606369 -66107.722209 -92105.577492 -97701.844715 -78813.236069 -151765.717103 -53030.391411 -935.940556 -1078.746698 -915.782614 -2912.998354 -3563.161502 -4059.485299 -4368.089609 -4547.002140 -4700.592776 -4685.545276 -4516.264477 -3944.709073 -4085.576499 -4455.828718 -4409.242354 -4399.951447 -4340.700977 -4314.669008 -4333.887681 -4309.188346 -4247.150313 -4153.312095 -4183.391284 -4230.933373 -4407.815756 -4449.585527 -4485.174983 -4531.039603 -4383.445471 -4368.516187 -4488.076427 -4602.765385 -4623.017964 -4570.489022 -4885.259652 -4682.647409 -3998.830683 -5188.966635
-63997.349923 -78144.317771 -65022.038498 -64630.363428 -67001.326264 -70097.864851 -69200.622898 -68623.019165 -66653.159448 -66227.452908 -65276.277693 -85508.752392 -39859.400250 -6180.313145 -1432.853977 -2589.323267 -6694.883883 -12307.337092 -3979.837138 -2845.763864 -3732.217626 -3954.656838 -4263.260311 -4417.643675 -4528.771538 -4629.203199 -4667.019657 -4535.463712 -4403.145720 -4398.000909 -4613.714725 -4672.341109 -4564.913743 -4390.813617 -4188.022421 -3789.091599 -3627.009219 -3771.047214 -3958.992866 -3889.175677 -4212.426529 -4477.917862 -4460.553683 -4486.904970 -4188.193825 -3677.218747 -4132.670021 -4289.098838 -4553.449608 -4591.954245 -4535.018198 -4807.686748 -4407.469026 -4675.192165
-38957.896049 -41144.835455 -77660.551347 -67035.569243 -62256.754260 -67371.093275 -70432.133896 -73113.274874 -68030.375942 -60000.498117 -61988.954007 -48058.111351 -17444.502107 -3162.642514 -4318.558057 -38695.147239 -5869.107821 -4088.395664 -3798.594758 -3548.932688 -3511.882601 -3967.146546 -4253.028026 -4411.457294 -4543.735519 -4684.140139 -4780.568919 -4810.846614 -4764.406279 -4796.159652 -4878.843063 -4827.137214 -4626.019088 -4313.033144 -3707.670258 -3154.131571 -2969.396911 -3483.939046 -4009.170821 -3900.679343 -3982.048329 -4428.332274 -4522.558218 -4562.628683 -4107.914197 -3792.304812 -3811.065187 -4166.418943 -4373.334472 -4544.245755 -4500.568961 -4756.135033 -4589.067434 -4468.567514
-191414.289935 -185609.001669 -86984.598760 -74090.608229 -69293.572162 -68395.513822 -64982.535393 -65600.610078 -61933.196368 -85774.755394 -9966.060988 -626271.690149 -712.532122 -1742.261335 -5344.196518 -9364.400888 -4109.467007 -4208.902916 -4017.286807 -3795.407891 -3505.060069 -3591.988438 -3992.962741 -4344.706021 -4542.267400 -4752.437146 -4884.492514 -4958.887720 -5110.369201 -5116.773085 -4958.463529 -4681.552653 -4417.390745 -3346.874174 -1862.857582 -2772.128818 -3194.567668 -3467.348200 -4008.035264 -4038.707005 -3879.325081 -4288.458968 -4440.442016 -4353.583710 -4365.237251 -4200.545420 -4117.013885 -4345.837832 -4102.400582 -4526.047188 -4444.958112 -4280.513060 -4393.194069 -4481.866176
-627717.712895 -217128.559640 -92843.166243 -89890.703386 -72685.489422 -67183.030107 -80289.462311 -77791.357805 -5408.015494 -33187.397932 -8106.561953 -36.892997 -2030.800881 -6346.611555 -9002.835133 -4432.881419 -3964.705586 -4198.544657 -4246.185427 -4048.697929 -3921.740672 -3684.430298 -3722.636910 -3850.454525 -4284.887847 -4675.035883 -4958.670142 -5246.739899 -5326.062768 -5271.994487 -5025.996417 -4678.896590 -4042.030378 -3028.977757 -1873.614105 -2407.314902 -3211.572116 -3531.247398 -4014.060343 -4136.755209 -4103.471906 -4100.662852 -4222.071062 -4408.570330 -4605.396850 -4429.705865 -4129.133682 -3569.385198 -3919.247898 -4499.901424 -4439.102103 -4332.526953 -4435.804365 -4384.724643
-91225.156364 -263765.792738 -194105.735105 -126796.830949 -71428.710013 -80931.102285 -86425.190353 -44741.326885 -39014.200097 -4474.820326 -5024.000280 -11496.638893 -21057.739380 -23242.608542 -9369.338074 -3815.856239 -3928.631926 -4139.454961 -4287.814446 -4239.300759 -4197.199574 -4305.637495 -4161.897736 -4051.976440 -4315.372728 -4511.967492 -4879.796944 -5407.126532 -5573.351229 -5495.220795 -5181.105352 -4743.611913 -4045.873813 -3553.790069 -3144.886508 -2788.907110 -3078.980848 -3500.939444 -3938.374069 -4202.277885 -4241.169150 -3819.372190 -4206.657887 -4198.472136 -4174.109848 -4121.857058 -3998.913849 -3325.499387 -4069.939441 -4306.863996 -4351.857576 -4355.924728 -4437.963011 -4582.581404
-110409.901375 -381675.494820 -189287.250546 -80574.830912 -79396.336849 -47218.537031 -78415.890392 -53661.797948 -3736.478813 -2969.807949 -9970.866904 -38865.806840 -50887.809876 -40196.075233 -4887.121744 -3862.908362 -4026.614374 -4096.165461 -4231.764288 -4285.013362 -4303.024327 -4532.891539 -4773.799540 -4742.878003 -4585.343698 -4791.665676 -5195.582418 -5537.925396 -5616.158655 -5443.078907 -4897.617449 -4421.533833 -3479.883025 -2995.089154 -2576.403083 -2647.663838 -3477.257369 -3551.121241 -3599.678974 -3952.558754 -3663.252627 -3334.708101 -3338.909004 -1933.824098 -2397.770479 -2817.578949 -3810.859322 -3318.166549 -3424.487499 -3409.645696 -3986.922045 -4154.205034 -4515.012215 -4446.639051
-111973.842793 -514655.660674 -199850.946728 -79482.940202 -54337.558159 -58463.090616 -17410.179541 -1467.261052 -10676.753660 -31662.816120 -33080.451896 -38582.467038 -47479.881287 -44990.466850 -31668.515451 -3798.598564 -4159.091761 -4175.870754 -4172.852891 -4247.818150 -4344.122508 -4569.106108 -4841.576809 -5055.890726 -5006.026385 -4872.066110 -5101.780446 -5637.773123 -5493.052208 -4871.494082 -4348.112318 -2876.520616 -1716.353642 -2050.793612 -2761.676831 -2710.601029 -2907.692323 -2977.076439 -2837.904667 -2978.036616 -3498.750165 -5308.967920 -725.730620 -765.626277 -988.470158 -1981.057115 -2757.373795 -3088.168877 -3161.837580 -2799.082330 -3952.600954 -7699.419397 -4794.437665 -9999.0
-94886.631898 -569001.311970 -227072.243973 -80709.320059 -54320.665576 -44250.666512 -10156.588414 -26108.888497 -10051.149935 -8576.001214 -10271.710222 -24304.119701 -45440.662480 -47316.831722 -43310.721838 -4021.521119 -4240.306148 -4262.961806 -4184.538739 -4237.998625 -4414.126058 -4569.960413 -4812.615403 -5109.145639 -4885.569643 -4960.929819 -5060.635157 -5149.521249 -5338.503186 -4634.854475 -3803.271880 -2187.879260 -2839.062348 -3355.126536 -3675.775458 -4054.423362 -4143.622905 -4113.428103 -3982.899094 -3254.160258 -6301.362778 -1347.481222 -39257.541460 -17565.977503 -1167.875926 -1491.663042 -3314.775781 -2623.229682 -2579.043759 -3469.991692 -11962.555020 -18109.642711 -4522.267232 -9999.0
-118754.557983 -541186.069000 -228068.553121 -138077.791589 -48683.311952 -38117.387992 -18615.146083 -40445.814028 -13534.939087 -4475.171176 -4242.756565 -4352.883490 -5444.909538 -12685.511602 -10805.845062 -6839.860780 -4127.630668 -4228.398012 -4140.071425 -4289.739553 -4386.132545 -4534.508225 -4762.865070 -4988.133038 -4820.333936 -4900.402067 -5249.611886 -5313.959848 -5147.658338 -4717.217741 -4418.862063 -4433.133473 -4337.476626 -4200.440547 -4120.169410 -4557.421744 -4924.124523 -4772.259179 -4657.012679 -4231.242602 -8391.139202 -2668.281161 -22303.049355 -169638.046042 -236072.673679 -1671.317755 -4014.648043 -1922.884877 -1904.145885 -1537.210266 -27338.014999 -9999.0 -9999.0 -9999.0
-122732.361140 -598179.842326 -275693.747179 -295901.303640 -33519.552423 -24018.051604 -44403.557799 -39480.211172 -11046.650803 -4388.350268 -4394.261453 -4518.003842 -4575.292188 -4584.400733 -4487.040333 -4119.558488 -4133.069973 -4082.781159 -4096.417554 -4262.206724 -4369.198111 -4505.579378 -4746.050118 -4949.651481 -4795.784536 -4932.012817 -5230.413957 -5200.720555 -4989.352782 -4748.234672 -4713.113136 -4709.267824 -4585.667832 -4538.673935 -4600.350908 -4868.875369 -4747.954595 -4702.179492 -4476.976526 -4082.809465 -30846.225203 -46094.742033 -53493.834669 -59239.865972 -41201.659386 -24465.746445 -3542.711885 -1197.507425 -1751.110259 -2234.331174 -37709.434315 -9999.0 -9999.0 -9999.0
-125303.516882 -440354.404814 -320822.431253 -401484.495043 -21252.792969 -42795.009305 -43635.601671 -34007.448244 -5936.657003 -4416.382505 -4473.057267 -4605.788509 -4748.750352 -4736.499166 -4694.533218 -4216.814530 -4447.266032 -4145.025031 -4016.066982 -4160.059387 -4340.803403 -4482.856677 -4601.847609 -4689.996886 -4761.945829 -4983.627412 -5185.769444 -5164.332716 -4945.192434 -5228.889263 -4709.638183 -4662.771834 -4532.763911 -4421.197469 -4605.624352 -4772.127144 -4672.983105 -4553.950111 -4345.391360 -5194.175668 -7297.188808 -18404.866953 -48167.779662 -58178.700436 -34245.429197 -59754.453471 -6200.390881 -241229.022636 -197933.337641 -28894.135080 -9999.0 -9999.0 -9999.0 -9999.0
-129410.049281 -118257.721706 -345485.263912 -471634.905213 -79277.535090 -57202.604486 -50404.412598 -31459.494089 -4548.608231 -4300.607787 -4717.798870 -4212.947474 -4905.155745 -4925.015547 -4884.716620 -4329.940547 -4336.958843 -4483.664222 -4241.389301 -4166.174749 -4291.084576 -4445.658025 -4562.926206 -4650.566614 -4705.177687 -4776.241731 -4934.631708 -4949.657573 -5124.903457 -5134.047559 -4481.756936 -4403.246581 -4326.678321 -4317.765880 -4545.386888 -4937.975456 -4862.246309 -4627.392971 -4728.316994 -4713.683216 -4687.054922 -6582.122044 -38161.956717 -28101.871453 -22237.474903 -119053.949578 -78014.736912 -75997.691355 -94573.013671 -9999.0 -9999.0 -9999.0 -9999.0 -9999.0
-131090.045157 -125531.328563 -321658.897568 -179847.725827 -108250.663302 -67467.393255 -51349.302199 -39899.114456 -8030.978254 -4242.954550 -4244.265626 -4405.295784 -4418.739504 -5019.332530 -5006.701115 -4905.270989 -4366.587738 -4378.539709 -4320.643265 -4246.766918 -4266.991124 -3832.905919 -4000.422702 -4598.797222 -4466.207781 -4604.289516 -4699.405266 -3507.909252 -4846.064711 -4547.859243 -3937.261389 -3992.732632 -4262.061968 -4553.862047 -4618.564069 -4673.869430 -4762.621585 -4803.241733 -4968.168231 -4757.088265 -4621.589502 -7187.358980 -3851.653394 -17232.490318 -301416.465554 -89572.686982 -72450.215917 -70729.453686 -9999.0 -9999.0 -9999.0 -9999.0 -9999.0 -9999.0
-128921.650949 -546421.704514 -604627.133310 -593721.492650 -62192.185459 -73867.924551 -25214.845581 -39114.985675 -31712.708559 -11692.714403 -3811.255588 -4180.293652 -4426.412556 -4538.228843 -5093.163602 -5063.122080 -4416.835859 -4424.299591 -4414.620232 -4345.100451 -4279.128350 -3865.194008 -4006.169324 -4522.271830 -4280.522280 -4409.321325 -4452.651641 1588.422576 -4410.627613 -3601.911245 -3588.605199 -3906.962778 -4392.716972 -4487.850906 -4535.441463 -4714.455633 -4856.466636 -5118.988118 -5050.694063 -4865.202906 -4577.461815 -9846.684169 -15626.977622 -478693.834851 -206201.223598 -101514.979635 -9999.0 -9999.0 -9999.0 -9999.0 -9999.0 -9999.0 -9999.0 -9999.0
-550879.224933 -53988.863484 -41624.040160 -77038.642104 -35094.571551 -33953.825841 -28920.507880 -32874.899849 -49447.886027 -35948.879755 -25750.864235 -4220.854118 -4098.956413 -4556.286223 -4545.525379 -4550.364276 -4475.151163 -4444.252098 -4455.702984 -4211.079647 -4013.735665 -3955.977235 -4044.427470 -4023.015254 -4131.263167 -4263.881241 1426.775005 -4552.200328 -3799.335595 -3698.734131 -3700.398799 -3810.219107 -3826.977752 -4030.870163 -4417.334709 -4542.971830 -4940.880793 -5020.960356 -5042.473375 -4944.800114 -4665.377078 -8956.117600 -11226.849225 -26801.982490 -48106.415066 -9999.0 -9999.0 -9999.0 -9999.0 -9999.0 -9999.0 -9999.0 -9999.0 -9999.0
