geotop_simulations/templates/TEST_Venosta_3D_034_template/rec/SoilPressure0000L0000.asc
ncols         252
nrows         194
xllcorner     598250.000000
yllcorner     5144500.000000
cellsize      250.000000
NODATA_value  -9999.0
[rows 72 to 95 of 194, columns 108 to 161 of 252]
-4006.806111 -3982.185134 -3956.575888 -4654.206776 -3982.003012 -3893.083731 -3706.134282 -3534.979843 -3306.416701 -3154.344461 -3356.271992 -3604.781260 -3516.723760 -3396.510177 -3403.198633 -4026.909916 -3993.579723 -3866.149820 -14104.623724 -13770.773305 -1720.407776 -627.873710 2.950271 7.338269 -34696.649909 -1372.407863 -15211.392974 -34411.584732 -27434.403066 -5097.161223 -4515.555184 -5567.313534 -6495.316503 -34535.297990 -49746.629872 -50281.327753 -22343.809146 -5126.171902 -4393.520186 -4501.022574 -4697.191189 -4677.619885 -4300.710725 -32604.437954 -53388.899223 -50129.813757 -4081.467139 -4073.139851 -3829.738688 -3416.447268 -3398.415769 -3542.112091 -3689.293376 -3747.445124
-4009.542086 -4693.621360 -3987.589936 -4355.857252 -3948.840685 -3792.340924 -3824.378198 -3296.262283 -2467.590163 -2080.536688 -2202.727026 -2985.408831 -3552.702595 -9851.046171 -2405.345200 -3525.115294 -3930.687585 -3764.574553 -14735.192334 -26348.376342 -3270.534684 -655.438684 4.674336 10.419476 0.000312 -1009.522984 -2278.251658 -10334.069298 -7416.563264 -4160.774390 -3849.312464 -3474.456037 -3602.251206 -4476.756462 -4521.033053 -4551.714095 -4497.469957 -4590.184225 -4592.133841 -4548.295211 -4636.897487 -4265.547226 -4266.746317 -36390.612129 -61429.308371 -63469.732978 -45254.699729 -27659.372338 -5847.249056 -3461.086636 -3615.124239 -6439.102306 -11031.949190 -4469.826719
-4708.948945 -3978.810427 -4287.749706 -4034.757420 -3886.507217 -3800.288696 -3295.927871 -2970.477640 -1985.312234 -1454.361806 -3762.749360 -6623.251325 -6428.534807 -2836.087238 -1949.314411 -2191.780793 -3787.431079 -3664.265899 -7022.774796 -7457.919922 -30495.052145 0.003289 7.484095 4.881167 -57231.450947 -864.077660 -796.334311 -997.568419 -1179.081507 -1441.836428 -2588.485575 -3303.614227 -3448.820042 -4194.692905 -4735.120779 -4762.131226 -4703.956409 -4672.531137 -4668.392516 -4631.101905 -4212.943100 -4338.762499 -4418.666878 -32822.068209 -52437.183043 -58283.482193 -58589.299754 -37685.139409 -5130.010013 -2596.730076 -1634.731165 -8716.908888 -51598.036825 -16146.058809
-4677.088212 -3931.086281 -3757.419088 -3808.863395 -3931.112504 -3391.972022 -2847.885543 -4343.553900 -3749.862843 -2126.051541 -1734.447422 -6753.797589 -5711.674595 -1591.819283 -1654.704779 -1699.340363 -1445.486935 -4757.007573 -3421.686951 -7039.360342 -1229.362752 -35246.384114 0.000731 -23979.593193 -20134.094987 -2010.457838 -1135.139002 -849.569581 -805.507873 -1363.439752 -2799.836984 -2988.360835 -3768.412121 -3727.984831 -4800.455687 -4847.718603 -4827.764018 -4748.212989 -4721.667405 -4140.185846 -4217.153263 -4403.087147 -4696.042822 -4635.796571 -8671.747330 -9738.438797 -25068.690002 -42791.958682 -23040.519740 -3057.662091 -20617.473986 -23837.346943 -69272.228599 -64518.328084
-3501.892178 -3103.938318 -3005.763462 -3064.187042 -3741.519242 -3416.914092 -5043.953710 -15409.015614 -8885.917837 -1551.509952 -1201.637124 -1639.059972 -1221.130716 -1520.025971 -966.252868 -1152.953942 -1100.652395 -3090.993466 -11701.364278 -18840.654260 -3154.861451 -1706.415806 -1340.087997 -2972.756884 -5744.661825 0.000160 0.000104 -594.658155 -611.048714 -1052.626489 -2067.824213 -2738.456297 -3093.154648 -6477.028997 -3716.303030 -4207.929883 -4266.565200 -4249.798841 -4226.874393 -4146.521199 -4196.120554 -4369.089645 -4814.583155 -4779.989173 -4673.424800 -4602.569866 -7401.478204 -45971.238833 -48297.661063 -69396.437645 -76432.792848 -66340.077788 -62104.655745 -62535.547029
-3196.764986 -2696.863942 -2366.038887 -3605.824635 -2433.347179 -3550.900301 -4766.229725 -17860.983469 -15866.754012 -1729.368352 -1038.231914 -752.439916 -6136.655979 -934.546914 -744.085567 -666.654131 -638.024885 -959.864695 -15905.160856 -7722.075542 -24327.468053 -11709.160855 -2709.020168 -3772.685010 0.000195 5.211176 4.607664 0.000604 -659.447762 -1014.926520 -1984.389993 -2554.839735 -2716.409037 -1577.493474 -1678.164576 -2787.410705 -4179.988114 -4252.750633 -4266.318665 -4205.603929 -4255.994497 -4310.133152 -4670.600491 -4136.060702 -6749.522193 -4488.068099 -24099.191408 -25245.263766 -13770.612525 -16994.525578 -74577.364496 -56788.932161 -44723.473436 -42459.764472
-2992.979339 -2261.605276 -1466.621589 -2282.232942 -1575.496255 -1889.699538 -3510.398139 -21064.090195 -8034.183663 -1802.007446 -851.258256 -534.790005 -815.541116 0.000395 -559.592683 -561.129102 -527.130341 -4240.173336 -1666.651910 -15678.494954 -7970.231393 -6547.981890 0.000717 7.428985 13.694206 4.536323 4.844777 0.000032 -1787.353860 -3855.900278 -4621.166536 -1651.207435 -1598.261906 -1304.930229 -1787.032760 -1414.515770 -2218.462574 -3798.020774 -4184.993036 -4215.448963 -4262.611414 -4214.870165 -3906.515301 -4388.742688 -12461.601126 -6088.553902 -10271.783053 -3920.725902 -17895.118606 -20746.425796 -2348.906182 -31757.773225 -5956.183803 -5092.617325
-2999.813212 -1832.927878 -1980.943759 -984.948953 -708.384380 -1543.465761 -3822.740473 -3435.859436 -2558.121657 -1360.314109 -564.605468 4.283786 2.422832 5.427410 3.378590 -457.810273 -431.198300 -586.264108 -599.684719 -2577.990055 -7732.578106 -2664.439225 -1413.299087 0.001990 5.169038 4.755902 5.776214 0.000231 -4271.290261 -23427.355474 -3798.496193 -711.722777 -750.828834 -1038.395095 -1458.179551 -1349.916170 -1609.994132 -1783.205899 -3324.220052 -4090.697933 -4233.207770 -4230.291609 -3835.832206 -4466.420146 -14925.952446 -3823.099348 -14598.834750 -3096.771859 -3965.742755 -2173.160188 -4831.859572 -2140.381894 -7298.457800 -3843.412855
-3418.109539 -3283.208565 -1622.499270 -762.071078 -779.917602 -1038.107126 -873.331884 -2454.279883 -4086.211234 -8485.860259 2.834589 8.409370 7.341073 9.762506 6.946744 1.525148 -357.754446 -444.307736 -456.388583 2.649336 1.116817 -601.799619 -477.403910 -2411.945724 4.143333 4.543525 -1971.741769 -350.724678 -1149.428084 -18153.294800 -1041.776290 -457.928072 -445.065981 -3158.796228 -1021.055788 -1379.156499 -2394.488832 -1283.154359 -1922.301432 -3772.853829 -4151.694075 -4198.843041 -3496.413821 -4346.141016 -14781.715193 -4004.987585 -1169.102419 -2339.194148 -55842.957609 -57554.586240 -1111.014501 -1460.481332 -2631.267449 -4102.983250
-3954.013760 -3598.319952 -2001.477230 -1039.291862 -691.007998 -667.912264 -448.792004 -1288.527158 -4373.388351 4.056419 6.906062 11.543735 11.193700 13.196101 7.585013 3.339741 2.959437 2.364842 0.969667 -252.174507 -358.825408 0.000230 -285.553530 -866.013042 0.295624 4.634178 -5504.814171 -562.535774 -797.799498 -1326.402181 -683.508995 3.340855 3.594221 -802.460065 -1063.138166 -1858.842624 -2258.150334 -3775.480615 -3075.013084 -3575.750211 -4019.713168 -4084.030914 -2758.766861 -3486.075503 -18879.640445 -1696.930364 -1241.659948 -51404.650859 4.539353 -42528.856028 -3533.439443 -4696.454579 -2690.049348 -1389.000396
-3999.889226 -3869.322655 -3431.059934 -3101.437656 -1377.538030 -390.895176 1.641319 -369.248239 -12915.665085 -23554.432624 0.000412 0.001134 0.000557 -7147.904264 4.096073 4.494231 8.270804 8.092947 6.616288 4.579537 4.361801 5.071610 4.567149 0.919917 0.431937 5.234224 -14381.277739 -480.058825 -641.766150 -1176.462243 -737.846809 7.630040 6.363489 0.002779 -895.547655 -2462.797744 -3424.979956 -6381.885256 -11738.971577 -3689.563857 -3877.248365 -3971.695657 -2482.181632 -5570.006305 -8388.402384 -26641.045775 -5834.532069 -11075.158205 -19791.416666 -8971.903324 -70165.006597 -4636.106029 -1254.049231 -874.124035
-3979.196401 -3804.914151 -3472.720071 -2807.134965 -1301.581711 -387.078558 3.809762 4.234356 3.476375 -19574.234566 -10146.318179 -1604.385976 -819.224838 1.874595 13.339859 10.338888 11.555502 10.056634 7.956709 5.315201 7.143830 7.423361 7.409156 9.829321 14.670748 10.445277 -2600.052991 -669.794187 -1141.065496 -3502.129229 2.978772 8.538110 4.007531 -774.863232 -12938.190438 -3435.285946 -3678.099699 -9826.388102 -4707.800363 -3646.475770 -3913.069094 -3891.410104 -3552.203224 -10432.685436 -20388.472322 -36258.771802 -40519.086655 -26690.932066 -52868.744382 -27603.631229 -8857.675125 -19974.297784 -1083.507799 -753.814923
-3885.562687 -3472.120341 -3173.042955 -2311.546109 -952.089991 -426.084844 3.024762 5.466546 6.894547 5.355516 4.749698 0.034674 4.951245 8.298982 13.567533 3.663894 10.132654 10.922977 7.777097 2.581542 -1413.071131 -7152.958445 -828.322407 0.276782 6.850022 3.078327 -1070.561765 -1260.469541 -3569.997638 -12963.411815 -25634.674550 -19313.266603 -49942.781546 -28544.621259 -25508.248431 -3438.081722 -3554.941811 -34501.502337 -5721.985449 -3658.622534 -3881.207600 -3834.111150 -3716.705535 -7296.763720 -24296.267820 -9285.927267 -42660.519036 -42758.819997 -16545.523089 -2816.270295 -3077.478013 -55168.544252 -3960.862164 -2055.962883
-3753.267981 -3353.872764 -2874.274142 -2269.876934 -1098.687752 -896.093625 1.040687 0.588843 5.575597 9.781627 13.788272 15.751946 16.238353 11.705930 4.665063 -721.795848 0.000787 0.000413 -19426.353903 -954.050793 -2183.456428 -6034.898433 -1590.545628 -449.563602 0.000351 -1060.633137 -1188.256035 -2815.375904 -8971.129665 -15943.101090 -39362.539246 -25675.712158 -56549.680192 -34176.509300 -7393.927137 -3545.114302 -3625.640953 -34100.773416 -5890.744084 -3654.509171 -3870.731536 -3853.753249 -3643.348560 -5390.232008 -23132.903811 -28162.030708 -33920.447179 -21378.956549 -5978.682104 -2266.726055 -33438.131493 -40331.991584 -33955.272956 -17616.814308
-3664.444191 -3181.202023 -3042.790706 -2490.926740 -1625.503347 -4414.042925 -734.164974 -373.281007 3.217651 7.480427 11.035081 9.701547 5.196090 4.066817 -855.602392 -1297.929959 -5936.624533 -21610.663261 -18501.268940 -10058.669805 -6232.278334 -6142.448696 -2752.541222 -1249.457351 -880.274415 -1879.918237 -3326.262346 -2594.995834 -4212.704763 -8550.003007 -22489.124008 -31443.802090 -39946.083907 -17582.586671 -3509.009771 -3627.059577 -3776.153811 -5834.016764 -3744.323809 -3631.470654 -3857.974331 -3806.320541 -3589.374747 -3549.780704 -19220.841186 -24795.006981 -16719.680063 -6284.374757 -4009.199226 -3410.437361 -12769.197332 -2478.268715 -40458.406003 -43284.356526
-3757.712892 -3291.782612 -2659.533025 -2828.934956 -3776.307492 -15105.910054 -965.133141 -1057.531573 0.000189 5.426481 11.710724 12.764053 -2125.926408 -986.009624 -1029.810067 -1585.279607 -21180.004907 -8608.612714 -4770.130560 -5028.435412 -6835.893296 -14181.910066 -2526.283239 -2640.511422 -3105.406048 -4862.483381 -8009.165703 -2939.775632 -3454.877563 -4476.208254 -6481.582407 -7888.370029 -7572.817227 -3748.373144 -3565.418437 -32139.275018 -8487.832012 -3601.829096 -1195.577192 -1038.218257 -2532.294618 -3706.295787 -3534.506071 -3447.367354 -12075.294162 -21598.447286 -5021.798671 -24888.092717 -3601.871263 -3441.640684 -3471.502784 -3490.187505 -38144.685107 -26340.906294
-3635.441214 -3262.546167 -2061.115647 -6768.869147 -2859.512122 -2445.112339 -2252.935466 -2331.917614 -3029.860125 -3742.201423 -3501.336024 0.000551 -1673.650311 -1214.571950 -1507.414556 -4881.735164 -4435.554582 -3543.049256 -3452.387089 -3892.341078 -10004.078718 -12533.399335 -29191.290457 -33208.603297 -1682.114053 -4538.581488 -8493.399316 -2999.946517 -3562.289681 -3132.392081 -3381.460612 -3557.426724 -3348.346409 -3313.032905 -5685.358780 -27411.012675 -1427.827654 -2038.515931 -1040.597803 -685.766781 -1179.204671 -3531.330045 -3403.388472 -2040.115456 -2856.055122 -12400.603887 -4158.526805 -23490.338781 -4122.934384 -4234.860830 -5494.162377 -10669.109724 -3574.845266 -2553.790252
-3618.781407 -3182.455806 -2448.719859 -7499.958773 -25134.773234 -39988.643768 -31997.379423 -3523.066928 -3711.897717 -4019.642981 -3468.352731 -3642.281318 -3266.646562 -2180.782535 -3766.901972 -3082.641362 -3218.957899 -3233.993826 -3522.153659 -5878.580954 -12891.650738 -29938.719732 -31928.733439 -32304.028428 -2078.464422 -1789.557023 -15442.959219 -5476.957969 -3680.918427 -2469.213267 -2381.657955 -2661.796701 -4771.924013 -2627.412342 -2934.891845 -1920.580404 -1555.469810 -1534.269562 -924.611874 -650.930892 -787.811456 -2670.542435 -2922.076514 -2459.553775 -1908.050108 -4578.670275 -5639.776847 -20347.803871 -3262.836140 -1806.514236 -959.727732 -519.976435 0.767813 4.744805
-3650.108288 -3301.142029 -5863.370957 -9440.856930 -29727.638320 -42469.992748 -36667.804381 -24984.891344 -16354.451421 -4095.421887 -6728.895625 -13990.619856 -19455.465454 -5590.749854 -2664.294842 -3073.575947 -3328.127622 -5303.744959 -15851.274948 -7035.696609 -21839.987633 -13087.073423 -2205.853061 -1719.140115 -2010.540401 -1908.058397 -20774.982764 -22781.993659 -10216.806060 -3295.731682 -2306.728484 -2314.577891 -2720.409277 -1723.637300 -1151.795423 -3887.980283 -6540.458767 -3080.875400 -823.722897 -715.923993 -772.729038 -847.350484 -884.942825 -1214.752543 -1121.950562 -1480.462663 -3020.286596 -3490.540026 -2411.110575 -586.760072 -534.330095 0.000180 3.811309 6.727461
-3603.023295 -3308.347790 -4990.217032 -13261.993900 -35794.403416 -35787.206892 -5588.468053 -4086.530014 -3718.696926 -3564.648909 -3651.094491 -5447.405316 -13383.122427 -3669.324681 -2652.296814 -3153.743176 -3541.046794 -10928.287649 -17687.702088 -9605.619449 -10381.232307 -7063.464802 -2985.874435 -1780.859965 -1852.840561 -3219.328410 -6487.754556 -25902.858383 -7920.366118 -4539.029013 -2980.722980 -2350.850705 -5129.728311 -20157.286357 -11044.686619 -12360.492287 -5061.518847 -2190.066178 -1140.651669 -1228.783093 -785.453454 -808.409860 -811.477689 -1146.133583 -2271.082757 -4788.417697 -20282.229205 -9747.508007 -21855.285965 -31759.268072 0.000332 5.596261 6.705846 7.180369
-3528.990660 -3288.256281 -5538.146074 -31290.442471 -35160.575509 -4577.594150 -31112.009349 -26900.127134 -15239.544352 -11880.623093 -17566.744273 -28330.486544 -4040.629556 -3564.766201 -2819.269227 -2272.302278 -6196.178544 -14211.667968 -12567.463588 -15025.499069 -3181.433022 -2876.725993 -2922.298003 -2603.361969 -2572.183927 -8522.369823 -3620.163833 -24840.816637 -4678.453510 -6778.577333 -11444.690852 -29262.875845 -30257.255186 -30014.477354 -30149.580387 -28799.222169 -4587.156439 -2467.217098 -850.208780 -1050.916178 -777.704341 -822.507961 -934.887327 -1813.690100 -2695.863560 -2763.608251 -21553.239031 -32413.838055 -32786.114319 -1052.589694 4.544374 9.006892 4.844449 6.740146
-3485.466790 -3199.066746 -5627.396132 -9807.003696 -3952.812186 -3689.399462 -10335.789448 -10722.095906 -7685.739390 -7879.104640 -7938.159350 -9316.035629 -11307.820440 -6503.283421 -3209.444694 -4376.668115 -3429.265330 -7569.017348 -10431.401113 -7506.018339 -3410.725366 -7392.259254 -3876.345795 -4540.961149 -2738.392608 -10831.649621 -9501.505607 -6382.537181 -19650.364836 -18628.304871 -10468.905536 -4727.901149 -3192.090108 -2706.077670 -3133.894552 -3921.560826 -4085.464592 -2678.470968 -852.085250 -1023.742994 -854.953727 -814.400623 -1072.406431 -1614.203712 -2782.900377 -8829.129907 -18784.321179 -31642.605359 -32958.349376 -1391.030360 1.843865 7.790319 9.399895 13.633372
-3437.433540 -2963.273917 -3665.008498 -3885.972493 -3673.759219 -3844.681038 -4093.385601 -4035.482650 -3374.552465 -3232.150871 -3437.989585 -3456.340878 -3493.928978 -3496.909605 -4367.935607 -3300.372271 -3511.213393 -3268.616282 -3410.110321 -3713.672458 -3707.413085 -3311.229119 -2826.383343 -2158.235474 -1381.185138 -3480.855133 -4572.079374 -4503.848998 -17993.598402 -8883.360429 -15741.191762 -20801.646972 -9659.419664 -5055.190270 -4965.352555 -3155.226730 -2972.407578 -1615.592513 -1033.202821 -996.508228 -865.402088 -761.763601 -1063.398579 -1109.012206 -2368.238627 -12265.209193 -12690.875048 -23806.364206 -22623.801246 -9562.238211 0.000351 5.128472 6.905050 7.325466
-3570.075092 -3673.946921 -4002.648902 -3595.594098 -3563.340665 -3610.360196 -3588.253815 -3371.816729 -3368.538998 -3256.793255 -3548.588032 -3657.454502 -3670.949382 -3321.236730 -3292.372986 -3524.720518 -3632.757090 -3608.762670 -3543.880001 -3375.630225 -3121.170164 -3244.302399 -3234.236028 -2097.378537 -1451.909900 -3055.881841 -3357.669843 -3919.579255 -9132.388892 -8872.666154 -28351.034753 -25638.222945 -20593.889345 -10652.348984 -8637.442143 -3126.207299 -3305.602553 -1412.352962 -1728.629750 -873.445190 -815.318133 -714.643296 -955.937151 -1296.315088 -3791.616777 -7221.123254 -1600.414674 -4084.417538 -10189.591923 -6198.719582 4.068661 5.405462 6.077937 0.000862
