geotop_simulations/templates/TEST_Venosta_3D_034_template/rec/SoilPressure0000L0007.old.asc
ncols         252
nrows         194
xllcorner     598250.000000
yllcorner     5144500.000000
cellsize      250.000000
NODATA_value  -9999.0
[rows 96 to 119 of 194, columns 55 to 109 of 252]
-836.474293 -855.056426 -847.241232 -899.621679 -971.973221 -1003.073776 -1026.056491 -1044.278190 -1066.981772 -1085.325486 -1095.057884 -967.728869 -1037.791416 -1042.244945 -1034.619032 -1031.013411 -1028.958846 -1025.030226 -1019.787486 -1028.432528 -1040.268193 -1043.158710 -1031.308720 -1033.945812 -693.036935 -703.237167 -707.446774 -1034.203894 -1040.617498 -1045.592559 -663.347423 2518.557944 -459.611230 -497.586593 -477.009064 -462.199106 -635.361935 -1054.964456 -732.916101 -730.212507 -1035.236027 -1085.272483 -1054.802469 -1006.820752 -939.743341 -864.293808 -787.925582 -707.530468 -665.265508 -631.368389 -608.916543 -576.302050 -590.534822 -629.301259 -634.450058
-665.381953 -879.209655 -889.190718 -918.160469 -966.108795 -1010.480864 -1032.760257 -1049.167177 -1065.635235 -297.474942 2373.961214 -273.143004 -739.428600 -969.820961 -961.556499 -960.117180 -977.487913 -985.449634 -988.213564 -990.152235 -998.412956 -1017.515845 -1018.950495 -1017.524354 -1061.572946 -1076.782083 -1082.184184 -1097.532052 -1034.656716 -1044.918218 -1034.301446 2562.219065 1238.962666 -522.716058 -518.086481 -516.019997 -1054.464986 -1052.210126 -731.564643 -727.608655 -722.524583 -1021.059288 -1053.936796 -1014.812859 -960.105375 -894.083013 -806.175314 -717.497783 -681.359874 -643.306993 -607.579437 -623.011209 -654.236343 -653.621084 -632.081390
-664.274989 -668.548628 -739.569182 -745.608484 -760.111504 -777.882999 -979.065885 -984.445993 -185.061021 3269.029939 -659.317888 -704.399699 -884.686495 -870.614727 -866.923163 -878.633299 -897.254682 -903.657110 -910.450188 -913.747953 -937.083677 -973.103644 -988.657271 -1004.235057 -1045.355614 -1052.529505 -1060.634118 -1076.597064 -1098.749622 -1116.928249 -1052.535488 403.437124 1208.716451 -586.290104 -547.740029 -559.239514 -1051.721372 -1049.103428 -728.704195 -725.035938 -720.380930 -714.195981 -1052.108282 -1013.907018 -958.928120 -896.835320 -821.522941 -751.189073 -725.956662 -667.076982 -653.653424 -655.168033 -671.159971 -656.560778 -635.516201
-664.535084 -742.044128 -741.802519 -749.086216 -768.416410 -780.742144 -975.879088 -206.087352 1354.999594 -655.741630 -694.265216 -838.637311 -805.008125 -791.248244 -794.440387 -792.691467 -777.237553 -784.471417 -797.715458 -859.115250 -911.186138 -950.265656 -960.911019 -986.229560 -1007.708298 -1030.941015 -1054.006240 -1079.074738 -1094.498996 -1110.092645 -1129.230580 -1048.859652 1392.809619 908.758075 -567.154336 -609.325851 -1050.361298 -1047.542796 -1120.378637 -1111.874287 -1028.375621 -711.648746 -814.356334 -1010.823775 -959.077033 -904.818752 -836.570595 -771.563182 -742.588844 -708.019446 -677.837171 -668.794776 -682.275819 -667.059110 -676.198410
-666.941954 -745.426439 -742.604370 -754.868555 -769.255705 -965.765850 -209.831306 -162.319837 -880.236224 -604.324554 -805.874805 -783.441895 -754.838740 -728.881083 -721.323921 -721.877020 -724.208878 -752.346448 -810.625585 -856.693741 -875.253898 -900.682131 -923.631206 -937.470918 -971.969405 -1021.296848 -1047.269975 -1079.691688 -1097.524636 -1107.086847 -1122.256720 -1053.658857 1007.356709 2348.830056 1078.629056 -499.928142 -872.758901 -1122.483636 -1118.617215 -1110.077213 -1025.462433 -710.272671 -812.733189 -981.278367 -968.203689 -916.294297 -863.610912 -807.545459 -752.436588 -734.564560 -713.536771 -706.317518 -708.383252 -664.408945 -692.375562
-924.912098 -670.093884 -743.665025 -752.290832 -758.596922 7610.339234 -153.091598 -631.933781 -657.353626 -759.604295 -743.550107 -747.445667 -748.335534 -724.016922 -684.757199 -666.942810 -682.292425 -672.559027 -701.215576 -696.882118 -799.748968 -812.813383 -847.471794 -905.070342 -971.208442 -1023.121197 -1052.987442 -1078.853184 -1096.121277 -1104.730106 -1118.036795 -1050.131813 381.570871 3796.633365 2518.559325 877.668742 -540.716853 -1121.226845 -1117.299041 -722.239411 -849.523892 -1016.698639 -818.589666 -990.166417 -968.848664 -938.955935 -894.493975 -849.896731 -801.618415 -758.234187 -737.285595 -741.516084 -739.220619 -730.604263 -711.821839
-923.890067 -668.604709 -666.681141 -663.797241 4035.579484 -820.376014 -610.705507 -655.835431 -750.883763 -723.656371 -714.818102 -714.399029 -717.264775 -709.018079 -691.473731 -630.064123 -628.074189 -653.706900 -668.504317 -671.907259 -744.694809 -779.234410 -842.880383 -930.808932 -996.442732 -1033.346308 -1063.087325 -1082.418636 -1095.200163 -1106.800632 -1115.996307 -1049.272433 -856.271436 4331.755084 3529.656522 2442.095218 2000.909221 -396.289295 -1116.212754 -721.933845 -717.689293 -1021.491755 -1010.741125 -807.023363 -978.444006 -957.990349 -922.007245 -886.592153 -849.836286 -813.999348 -794.846025 -782.997589 -767.504709 -761.884549 -753.274697
-737.997663 -562.385688 -561.180628 2041.687638 -275.532863 -595.621897 -565.386083 -730.697036 -726.972100 -720.596324 -713.780646 -683.097897 -653.348816 -631.664829 -655.384267 -661.187093 -650.142267 -650.432018 -660.151005 -674.292980 -776.423216 -839.681061 -894.031314 -955.121145 -1030.441544 -1067.188437 -1083.305066 -1092.673354 -1097.577387 -1105.697407 -1113.584459 -1125.958144 -1049.183841 4790.440268 4427.324869 3815.957229 3999.186872 3173.690594 -722.487155 -721.581337 -718.294628 -845.038158 -1015.450771 -812.662107 -796.439557 -780.443317 -948.744442 -679.669240 -891.910563 -865.422018 -844.998771 -833.828890 -814.826435 -797.737508 -793.087665
-665.334447 -559.855024 469.716428 -213.159562 -596.939805 -552.815071 -684.661866 -676.390141 -687.889902 -688.839153 -677.535762 -656.362830 -644.641305 -618.344840 -655.368665 -673.494912 -691.059178 -697.267364 -697.355021 -701.541450 -832.319669 -881.116976 -911.019304 -958.187104 -1027.202448 -1018.626076 -1085.346011 -1095.430667 -1097.845233 -1025.748786 -1109.988520 -1124.937982 -1053.871676 3267.194439 4720.047833 4925.489378 5819.077316 5810.484226 1258.284516 -1111.042344 -719.508898 -716.314128 -837.456926 -1008.078717 -806.072083 -982.134262 -964.840827 -950.663169 -681.198709 -677.932018 -890.766542 -877.835095 -671.542191 -664.549569 -830.541525
-626.730067 -218.227664 -223.228548 -604.144486 -553.312319 -669.440565 -661.014176 -665.014634 -674.311611 -663.828791 -644.976611 -637.105679 -607.482024 -633.954021 -658.201223 -671.769742 -707.487206 -722.973286 -722.859918 -715.594208 -718.299721 -863.108073 -879.798115 -917.831231 -973.059537 -1015.971419 -1064.029002 -1081.216403 -1113.320872 -1111.586758 -1114.549081 -1123.197070 -1055.460560 -211.109908 4122.705350 5125.477775 6033.187093 6306.763203 4655.224839 -992.732381 -1106.949600 -717.268236 -842.988839 -830.375286 -816.050189 -801.946278 -788.945833 -778.566399 -686.795713 -683.987421 -931.946143 -682.239008 -680.183471 -669.594911 -664.433824
-213.511451 -226.203614 -597.929891 -569.034016 -692.129260 -666.594831 -651.152039 -644.722882 -644.544690 -608.727479 -622.857935 -603.801885 -623.733407 -657.266428 -656.145907 -664.298285 -690.096095 -708.268193 -712.980233 -700.876994 -696.021382 -807.751322 -832.394010 -881.639521 -940.938595 -979.160274 -1013.440861 -1043.589831 -1070.437912 -720.626590 -715.302582 -719.863547 -1124.321496 -733.166354 1401.279718 3750.430381 5142.264496 5695.754535 5620.599307 3138.314527 -1003.044180 -1030.794167 -715.401028 -711.692446 -826.212278 -813.919959 -801.376844 -791.656315 -782.826686 -775.691260 -771.466775 -767.430631 -765.929684 -676.383198 -669.282193
-223.656329 -600.455424 -550.365618 -662.461008 -647.930141 -622.301196 -605.614640 -588.616052 -575.681272 -589.672084 -593.330810 -614.500903 -636.134127 -649.159859 -633.330473 -647.992098 -670.272418 -689.063289 -702.152324 -708.690025 -799.024700 -832.298558 -863.136027 -914.917610 -971.083447 -1011.607974 -699.830130 -707.751948 -712.601249 -716.536338 -1105.307878 -1113.399574 -617.435164 -620.716837 -621.640147 734.162747 3224.892378 4402.911024 5493.302742 5000.374615 2217.296890 -1029.190253 -1027.456810 -1024.707724 -711.611146 -1071.618539 -1055.316972 -804.275845 -796.172802 -789.452752 -784.207247 -781.192531 -778.866240 -764.398219 -753.841356
-595.716428 -696.008891 -649.980747 -625.459063 -623.836233 -608.199356 -587.611751 -579.765596 -581.644121 -592.399999 -607.977159 -618.090339 -618.913381 -611.719138 -621.794959 -653.044843 -671.021234 -683.306582 -700.890869 -718.431848 -726.915783 -869.258589 -899.695171 -954.348999 -1012.819736 -1048.179254 -710.647303 -717.443991 -718.485808 -718.151710 -1107.065117 -1115.370730 -613.886649 -1118.060591 -1043.695405 -1126.002084 1568.250718 3122.376638 4327.032364 4728.611403 3879.533600 1561.541866 -597.269688 -1098.868840 -601.306847 -596.954208 -1075.715870 -1062.096553 -1048.869588 -802.671053 -797.803758 -794.949967 -789.348866 -778.791637 -993.859903
-561.549709 -670.514402 -647.756851 -636.025102 -633.102648 -657.502835 -634.665597 -634.124731 -600.527231 -575.049752 -577.961135 -601.105437 -606.740770 -653.210170 -676.704031 -664.577593 -671.491700 -677.977670 -696.472768 -713.694176 -728.817567 -739.562180 -922.533018 -968.864826 -1017.403905 -703.567083 -706.466234 -712.907881 -717.583056 -1097.288173 -1097.050278 -1102.458669 -1104.546142 -1108.282036 -1115.000683 -1118.175764 1040.064224 2167.313267 2729.793706 2511.132171 1880.262290 1742.249487 917.741671 -416.309133 -622.866953 -601.290147 -599.441768 -1014.127834 -708.266764 -1061.707791 -810.841856 -808.591249 -800.980098 -792.239683 -1028.783069
-545.863356 -645.562935 -641.364794 -630.759134 -616.112887 -693.645359 -650.108124 -653.920152 -629.252951 -627.143102 -623.557412 -610.632255 -628.738311 -682.056226 -681.550303 -677.222231 -673.855148 -680.379322 -701.404016 -849.844954 -891.620950 -917.978795 -949.116783 -983.567585 -694.996113 -700.560168 -701.603745 -707.252196 -1078.492647 -1069.501589 -1067.011185 -1082.555347 -1024.219311 -1029.089618 -1037.067856 -1041.682436 379.312761 1147.233191 615.977326 -218.779713 79.003579 448.621229 1925.462230 3922.336251 4218.065788 3955.289094 1503.593787 389.254236 856.703526 798.680112 782.296406 883.577127 1476.421554 2834.798117 5271.702778
-663.067203 -626.301662 -595.603770 -586.982122 -580.809928 -569.316829 -574.089094 -646.246449 -640.935662 -632.203997 -640.851421 -633.537689 -671.496446 -683.466643 -679.081426 -680.357262 -678.422830 -748.042630 -730.654800 -730.547153 -777.732013 -840.978333 -881.101009 -652.055100 -658.314912 -667.230993 -974.166572 -1025.025426 -1017.404713 -1032.070717 -1052.161633 -1069.054470 -1086.426135 -1097.233634 -1107.284685 -1117.444548 -1053.539650 -590.584426 -600.732275 -783.365108 -758.231765 -423.033222 1107.454811 3401.449179 5172.278971 7110.888916 8544.206174 8529.631997 4307.632588 2451.870851 7328.180333 12833.404720 18859.704492 29148.850096 13359.643201
-653.971812 -618.291685 -573.625498 -533.066042 -525.714527 -530.842019 -530.854509 -568.944242 -565.358309 -597.909185 -615.506245 -632.147356 -667.751345 -671.852090 -666.755237 -672.735148 -674.199857 -630.230790 -646.128767 -670.766620 -699.102373 -743.409335 -797.806905 -838.849227 -862.746403 -867.462396 -885.661534 -981.016585 -992.261404 -1010.077393 -1030.550439 -1047.371976 -1062.378879 -1077.010505 -1096.853635 -1113.195225 -1054.139879 -609.458466 -583.467493 -706.097796 -418.155375 -416.296050 1246.455921 3242.136144 5417.464320 7614.631395 9567.124771 10738.811515 11857.098855 11481.222892 2060.860716 21697.656723 13135.630521 45765.906311 34252.099160
-539.832297 -617.958096 -586.184198 -544.295374 -507.086810 -495.673942 -498.767437 -550.541513 -555.105272 -561.983478 -585.314723 -616.635613 -647.240055 -645.894115 -652.684696 -606.527198 -607.185205 -632.888496 -659.849492 -695.922132 -727.810958 -774.674957 -810.167935 -838.537264 -838.385132 -863.756300 -947.947373 -950.379084 -966.562911 -987.794253 -1007.873370 -1026.497843 -1046.925839 -1067.754029 -1086.641105 -1027.575820 -1042.057225 -612.278827 -573.566375 -608.520416 -391.505104 -400.375144 980.615242 3001.303217 5209.993135 7727.751018 9526.123534 10477.806426 14057.305104 14594.498627 12911.276309 13545.881752 5040.465520 33934.282482 37557.967780
-611.867422 -607.899491 -588.612803 -554.011385 -509.370149 -473.189312 -509.567224 -489.987319 -504.980181 -530.746499 -567.171943 -624.969562 -635.791600 -646.059874 -596.061679 -596.803219 -585.101453 -632.505659 -669.606740 -690.140068 -723.822563 -762.158226 -778.862298 -796.302047 -822.572225 -919.153975 -916.055726 -927.963433 -956.642943 -984.180275 -1004.821429 -1018.185395 -1037.637955 -1062.978330 -1086.715053 -1024.677515 -1037.628425 -1041.333206 -356.052634 -369.407354 -375.366088 -380.457913 1002.761398 2539.125463 2503.106009 6454.429621 7660.389876 4581.901731 18028.793211 18413.668802 12553.569767 6478.149451 17712.352511 27367.057905 33805.131390
-607.423989 -584.395371 -573.917049 -546.754891 -552.583328 -520.016606 -494.183759 -490.892395 -478.371523 -476.223117 -561.004584 -597.668761 -601.927612 -592.621742 -589.777748 -576.598809 -636.697561 -629.561840 -641.084307 -685.153494 -707.248624 -729.511501 -751.602870 -790.028636 -852.391706 -906.914745 -903.988956 -930.297482 -953.712571 -976.171237 -1001.635255 -1024.846362 -1044.567081 -1064.444803 -1089.549515 -1028.038954 -1037.452848 -1048.341100 -519.435469 -361.522011 -379.446574 -391.410526 379.235560 479.257664 4328.079920 4257.247783 6048.764300 17073.579591 26017.978534 24006.745293 4809.528515 10352.738270 13685.234558 17704.941772 20672.534736
-614.660198 -588.105620 -555.800487 -522.774434 -539.475830 -501.943827 -456.407341 -418.915963 -407.978532 -461.047768 -436.273823 -448.566181 -575.724119 -567.500991 -569.073981 -579.459430 -615.108526 -629.437596 -641.433663 -678.244586 -689.177587 -716.358465 -759.784458 -825.214321 -880.554164 -924.371515 -931.838652 -956.389330 -968.519871 -990.972685 -1020.757464 -1047.438564 -1067.772389 -1082.580927 -848.596382 -1031.778435 -1040.461027 -1047.226035 -498.161872 -351.042023 -391.007370 -533.137828 -9.504743 1509.130068 4464.017594 6406.810564 7776.000372 10672.357972 13774.134417 13240.867082 9149.741738 6445.466949 4838.907027 5345.623533 2587.720357
-591.063205 -582.782446 -560.606078 -534.380710 -531.186517 -528.444138 -502.684330 -416.004114 -425.700841 -429.788270 -435.162834 -441.044669 -540.022766 -552.913232 -556.362896 -591.060927 -613.321752 -627.708253 -632.952982 -679.278780 -702.039642 -734.118626 -801.064197 -886.147282 -944.217896 -989.159909 -989.990697 -994.790578 -1001.448276 -1028.174620 -1052.139128 -1066.681820 -1075.019721 -1090.024531 -860.412564 -1036.960165 -1118.335854 -1049.195823 -623.851554 -1046.264737 -734.349048 -707.390026 -709.075481 -710.084782 56.930135 55.094711 -656.414177 -686.662879 -693.444806 -693.998147 -251.787136 444.960211 491.843763 510.054122 377.053772
-559.462069 -554.704958 -560.787390 -588.609590 -565.375317 -578.815882 -569.313735 -473.545342 -472.667052 -476.015219 -473.759518 -472.930199 -565.912989 -542.581026 -573.961636 -613.699168 -614.980926 -621.885293 -622.165582 -644.788791 -734.923392 -766.536648 -836.501844 -922.533474 -973.638636 -1000.996193 -711.258867 -1025.856063 -1026.875326 -1036.877329 -1061.604665 -1074.891956 -828.166286 -1099.155067 -1108.022733 -1114.551634 -1118.785661 -1117.633696 -1036.354204 -1040.698724 -1124.531069 -702.242802 -702.411882 -1007.650391 -701.578305 -986.242524 -959.055625 -936.293379 -951.781100 -966.491853 -966.939910 -969.389817 -964.838015 -974.566765 -950.100114
-559.742489 -560.019495 -556.343637 -540.891047 -560.851638 -569.665252 -547.499885 -574.646379 -481.163961 -485.705815 -486.854952 -489.137510 -644.449498 -623.046640 -597.989005 -608.947569 -617.192405 -630.339889 -656.561838 -678.005639 -704.713855 -725.644207 -876.112560 -931.421555 -983.972114 -700.418686 -704.937858 -712.424426 -820.558375 -811.713404 -825.748440 -832.803312 -1091.874318 -1104.118602 -1110.975635 -1113.108336 -1109.359836 -1025.924438 -1026.754110 -1115.348185 -1086.070165 -1056.691460 -691.301176 -975.554363 -969.985099 -945.708921 -913.158142 -890.591651 -906.370572 -939.497067 -938.174565 -935.470828 -922.377218 -943.663894 -977.140578
