geotop_simulations/templates/TEST_Venosta_3D_034_template/rec/SoilPressure0000L0002.asc
ncols         252
nrows         194
xllcorner     598250.000000
yllcorner     5144500.000000
cellsize      250.000000
NODATA_value  -9999.0
[rows 168 to 191 of 194, columns 108 to 161 of 252]
-99663.845406 -3127.059022 -2911.439572 -6521.770301 -3054.965145 -3962.960344 -16909.506211 -6448.117365 -10517.853791 -9012.613966 -3411.929187 -2239.237345 -2403.663245 -2879.513979 -3667.761992 -3788.169224 -3859.721389 -3914.961211 -3969.167259 -3825.108160 -3824.580497 -3797.855826 -3832.341674 -3864.963344 -3034.550298 -3846.441963 -3964.729853 -3776.177077 -3499.235905 -3440.990050 -3632.044026 -3551.227144 -2431.492942 -2241.098470 -2919.685997 -2680.709348 -2711.915003 -2734.507119 -2909.312881 -2778.806918 -2433.859892 -1916.827216 -2436.679491 -1760.108165 -943.475221 -9999.0 -9999.0 -9999.0 -9999.0 -9999.0 -9999.0 -9999.0 -9999.0 -9999.0
-15232.192333 -7000.796060 -10239.296704 -15124.261419 -5323.509690 -8893.458879 -17198.992152 -10132.314272 -12068.474805 -4729.367133 -3209.076662 -2685.586836 -2684.350395 -2819.915318 -3360.819855 -3765.342246 -3728.619588 -3937.857722 -3810.903516 -3850.747382 -3880.012107 -3876.209567 -3862.942997 -3359.825509 147.794513 -3116.569231 -3540.136513 -3468.073233 -3588.898107 -3566.319808 -3361.126782 -3386.324427 -2269.735134 -1753.472337 -1619.663672 -1993.535820 -2475.687036 -2349.985958 -2297.636646 -2177.670009 -1851.925011 -1696.922867 -1491.128722 -871.018941 -9999.0 -9999.0 -9999.0 -9999.0 -9999.0 -9999.0 -9999.0 -9999.0 -9999.0 -9999.0
-7518.496897 -8602.070473 -11613.734413 -10355.680932 -9967.058398 -4638.311970 -3625.852314 -2497.036392 -2718.187521 -2818.055760 -3061.020370 -3352.301061 -3417.829440 -3276.379925 -3397.771335 -3732.726708 -3719.890429 -3792.101974 -3834.262046 -3871.628113 -3893.146000 -3734.698210 -3485.086573 -3106.004646 -2761.982514 -2695.376072 -3495.793760 -3641.553181 -3588.947602 -3464.562117 -2940.375321 -1909.212082 -1750.115775 -1608.776729 -1058.656044 -1134.342840 -1229.735129 -1381.529535 -1218.228070 -1767.599231 -2247.436224 -1128.824176 -627.322380 -2284.132659 -9999.0 -9999.0 -9999.0 -9999.0 -9999.0 -9999.0 -9999.0 -9999.0 -9999.0 -9999.0
-598700.237320 -3459.441995 -9263.312341 -3781.166552 -2635.387651 -2509.051235 -2988.326643 -3318.615367 -3465.003177 -3403.069986 -3521.575700 -3657.092249 -3797.456400 -3855.920283 -3828.376721 -3758.922111 -3725.739808 -3795.312879 -3835.656172 -3850.579619 -3729.724702 -3494.880665 -2898.102787 -2554.325743 -2355.956050 -2271.356574 -3181.384119 -3539.325627 -3444.375800 -2582.140115 -1879.015773 -1682.787861 -1646.103219 -1233.289702 -690.006319 -871.727178 -1017.643881 -888.042814 -216.084543 -494375.926484 -1314.127443 -377838.410084 -9999.0 -9999.0 -9999.0 -9999.0 -9999.0 -9999.0 -9999.0 -9999.0 -9999.0 -9999.0 -9999.0 -9999.0
-960.839632 -1128.674275 -2986.151806 -2571.670194 -2395.114770 -2597.092302 -2957.605700 -3339.109631 -3556.356531 -3546.052238 -3702.708143 -3842.798777 -3959.622449 -4098.566421 -3809.816884 -3825.779210 -3728.856899 -3771.714326 1436.757427 -3449.035549 -3513.725548 -3281.776879 -2849.417944 -2510.281770 -2300.054898 -2169.434576 -3214.997247 -3587.735288 -3255.118916 -2654.523014 -1943.916813 -1759.013847 -1268.445685 -748.832387 -625.843383 -180213.547164 -111997.220941 -119811.012764 -107226.158583 -106584.585087 -304092.294175 -100596.548379 -9999.0 -9999.0 -9999.0 -9999.0 -9999.0 -9999.0 -9999.0 -9999.0 -9999.0 -9999.0 -9999.0 -9999.0
-5231.141489 -7856.650091 -5940.993751 -5854.106609 -2741.412678 -2347.764942 -2236.152712 -3139.706921 -3524.451709 -3573.484063 -3642.234267 -3686.021778 -3726.385671 -3774.566359 -3820.107042 -3699.585702 -3728.586073 -3595.061107 -3568.151178 -3669.625599 -3584.717359 -3504.858023 -3282.013376 -2750.092494 -2321.138518 -2185.382238 -3130.327528 -3704.056165 -3332.122119 -2270.401972 -2112.123917 -1911.367025 -1627.377745 -1284.698908 -1315.419633 -9999.0 -9999.0 -9999.0 -9999.0 -9999.0 -9999.0 -56626.339704 -524.710010 -526.688949 -747.510206 -1649.941552 -9999.0 -9999.0 -9999.0 -9999.0 -9999.0 -9999.0 -9999.0 -9999.0
-2905.759153 -4826.430880 -9461.130462 -3784.973518 -5408.230979 -5230.999912 -2075.457936 -2189.157788 -3162.320048 -3532.377174 -3611.287931 -3662.130273 -3700.868430 -3743.713237 -3774.727234 -3689.652109 -3545.340887 -3667.897410 -3622.309197 -3551.000648 -3618.986671 -3520.342675 -3378.238176 -3300.177471 -2932.961588 -1834.385517 -3280.423053 -2885.832467 -2398.348515 -2264.631469 -2113.925176 -1772.007430 -1992.942276 -3049.317412 -9999.0 -9999.0 -9999.0 -9999.0 -9999.0 -9999.0 -9999.0 -9999.0 -9999.0 -9999.0 -9999.0 -9999.0 -9999.0 -9999.0 -9999.0 -9999.0 -9999.0 -9999.0 -9999.0 -9999.0
-2575.626606 -3355.607481 -8146.646756 -14574.238182 -8642.688068 -9519.287189 -2798.952439 -2139.413224 -2164.771577 -2521.399293 -2781.746069 -3037.133601 -3602.093031 -3103.300569 -3411.011650 -3699.021883 -3536.998631 -3400.972522 -3297.222845 -2929.998474 -2575.134056 -2324.041251 -1887.403438 -1874.376230 -2183.860229 -1545.587095 -1738.332208 -1814.398862 -2231.823515 -2473.270915 -2384.435825 -2174.913162 -2811.659513 -9999.0 -9999.0 -9999.0 -9999.0 -9999.0 -9999.0 -9999.0 -9999.0 -9999.0 -9999.0 -9999.0 -9999.0 -9999.0 -9999.0 -9999.0 -9999.0 -9999.0 -9999.0 -9999.0 -9999.0 -9999.0
-2157.290600 -2846.513245 -3580.448517 -3849.414538 -6661.688651 -15177.399818 -8058.674193 -3093.985313 -2276.883132 -2517.277941 -2782.611360 -3106.201585 -3421.248751 -1799.383445 -2178.278741 -3353.469607 -3420.113985 -3084.099812 -2582.619101 -2700.465070 -2204.782310 -1607.218087 -1496.457383 -1279.028652 -1308.393912 -1340.571559 -1552.451500 -1683.916619 -2246.676275 -2663.525876 -2625.836154 -2629.676609 -2577.558200 -9999.0 -9999.0 -9999.0 -9999.0 -9999.0 -9999.0 -9999.0 -9999.0 -9999.0 -9999.0 -9999.0 -9999.0 -9999.0 -9999.0 -9999.0 -9999.0 -9999.0 -9999.0 -9999.0 -9999.0 -9999.0
-2598.143395 -4783.913616 -2909.982533 -2529.157611 -2772.575437 -2854.245178 -3164.392965 -2879.027502 -3031.161781 -3464.226275 -3811.358989 -3992.740914 -3699.734543 -3335.857091 -2464.600554 -3531.233950 -3350.778093 -2841.499830 -2917.288268 -2143.237542 -1644.429099 -1474.747314 -1339.568922 -1177.535572 -1114.558939 -1134.653378 -1283.794407 -1725.504659 -2151.074488 -2521.719386 -2467.486439 -2724.320844 -9999.0 -9999.0 -9999.0 -9999.0 -9999.0 -9999.0 -9999.0 -9999.0 -9999.0 -9999.0 -9999.0 -9999.0 -9999.0 -9999.0 -9999.0 -9999.0 -9999.0 -9999.0 -9999.0 -9999.0 -9999.0 -9999.0
-3169.053962 -4144.970267 -2695.318030 -2547.254200 -2728.887869 -3117.342448 -3230.412082 -3409.937760 -3566.384911 -3905.107675 -4082.371521 -3710.575367 -2892.428261 -2347.093560 -3525.192170 -3172.671481 -2752.975720 -2700.426064 -1760.633398 -1644.048044 -1486.558379 -1348.748811 -1430.576355 -1161.522073 -1092.861824 -1077.666569 -1131.966101 -1693.520430 -1987.411218 -2426.708767 -2454.511667 -9999.0 -9999.0 -9999.0 -9999.0 -9999.0 -9999.0 -9999.0 -9999.0 -9999.0 -9999.0 -9999.0 -9999.0 -9999.0 -9999.0 -9999.0 -9999.0 -9999.0 -9999.0 -9999.0 -9999.0 -9999.0 -9999.0 -9999.0
-2601.805511 -2577.252565 -2534.334159 -2596.900638 -2730.548492 -2969.961523 -3368.053885 -3736.991988 -3929.511389 -3654.748814 -3657.676342 -3599.021343 -2000.582876 -3367.275830 -2701.431619 -2898.254325 -2170.286653 -1930.606774 -1712.457933 -1463.717552 -1166.781882 -1108.283381 -851.582291 -662.304629 -694.756475 -882.465698 -1144.995146 -1415.872827 -1977.896506 -9999.0 -9999.0 -9999.0 -9999.0 -9999.0 -9999.0 -9999.0 -9999.0 -9999.0 -9999.0 -9999.0 -9999.0 -9999.0 -9999.0 -9999.0 -9999.0 -9999.0 -9999.0 -9999.0 -9999.0 -9999.0 -9999.0 -9999.0 -9999.0 -9999.0
-3104.595861 -2909.635912 -2787.120905 -2697.019483 -2848.218964 -3121.458392 -3355.705775 -3659.830185 -3795.642737 -3786.106097 -2902.471146 -2662.423303 -2302.649998 -1951.948671 -1881.082865 -1687.985274 -2191.419966 -1838.036869 -1763.058342 -1274.373416 -1063.818682 -788.811672 -466.839334 -407.641671 -394.857051 -504.085994 -957.505810 -1219.490073 -9999.0 -9999.0 -9999.0 -9999.0 -9999.0 -9999.0 -9999.0 -9999.0 -9999.0 -9999.0 -9999.0 -9999.0 -9999.0 -9999.0 -9999.0 -9999.0 -9999.0 -9999.0 -9999.0 -9999.0 -9999.0 -9999.0 -9999.0 -9999.0 -9999.0 -9999.0
-2714.720811 -3197.730690 -3079.930082 -2926.175237 -2928.630329 -2497.087205 -2540.491562 -2588.565408 -2529.117893 -2329.516946 -2347.410156 -2217.675576 -1948.682988 -1777.560987 -1605.038063 -1409.784049 -1886.921539 -1883.125387 -1645.614338 -1026.743110 -825.004181 -457.211951 -270.845239 -43.519049 -41.039166 -32.191134 -615.364163 -9999.0 -9999.0 -9999.0 -9999.0 -9999.0 -9999.0 -9999.0 -9999.0 -9999.0 -9999.0 -9999.0 -9999.0 -9999.0 -9999.0 -9999.0 -9999.0 -9999.0 -9999.0 -9999.0 -9999.0 -9999.0 -9999.0 -9999.0 -9999.0 -9999.0 -9999.0 -9999.0
-804.864261 -1022.112419 -1152.422062 -1536.535555 -1727.624737 -1817.572337 -1902.034816 -1966.003436 -1966.657882 -1910.030942 -2064.427466 -1998.637500 -1794.757199 -1735.571232 -1347.790628 -1200.783578 -1279.760085 -1654.340225 -890.737591 -570.424166 -327.805204 -180.062644 -52.174309 -197881.302268 -246095.087469 -305880.814394 -9999.0 -9999.0 -9999.0 -9999.0 -9999.0 -9999.0 -9999.0 -9999.0 -9999.0 -9999.0 -9999.0 -9999.0 -9999.0 -9999.0 -9999.0 -9999.0 -9999.0 -9999.0 -9999.0 -9999.0 -9999.0 -9999.0 -9999.0 -9999.0 -9999.0 -9999.0 -9999.0 -9999.0
-64.873299 -291.551785 -421.551586 -825.945088 -1188.590183 -1585.883498 -1893.845575 -1994.319069 -2045.275251 -2085.256503 -2087.993456 -1837.360237 -1611.465376 -1477.787796 -1273.794064 -905.905767 -695.162364 -650.483624 -454.168603 -251.578307 -259397.082613 -171125.678578 -116851.485652 -105635.452601 -45690.167809 -44991.444920 -9999.0 -9999.0 -9999.0 -9999.0 -9999.0 -9999.0 -9999.0 -9999.0 -9999.0 -9999.0 -9999.0 -9999.0 -9999.0 -9999.0 -9999.0 -9999.0 -9999.0 -9999.0 -9999.0 -9999.0 -9999.0 -9999.0 -9999.0 -9999.0 -9999.0 -9999.0 -9999.0 -9999.0
-272914.058864 -399422.519280 -480.113351 -674.630391 -1330.100547 -1684.466991 -1982.477459 -2006.650560 -2171.448735 -2255.591533 -2039.443197 -1683.112083 -1453.778756 -1178.589207 -973.378963 -483.948557 -224.738846 -430.413432 -199652.062715 -123439.706593 -109477.256979 -108043.518024 -105142.169340 -42357.849439 -9999.0 -34403.574322 -423.320490 -514.342822 1924.591868 -9999.0 -9999.0 -9999.0 -9999.0 -9999.0 -9999.0 -9999.0 -9999.0 -9999.0 -9999.0 -9999.0 -9999.0 -9999.0 -9999.0 -9999.0 -9999.0 -9999.0 -9999.0 -9999.0 -9999.0 -9999.0 -9999.0 -9999.0 -9999.0 -9999.0
-103.715811 -53.739919 -662.147915 -822.933728 -1262.731115 -1806.158679 -2027.972259 -1852.932143 -1884.222476 -2068.631418 -1936.000673 -1530.652875 -1119.034679 -962.216300 -620.695140 -355.263009 -61.946805 -173562.494261 -107640.217886 -82598.131617 -81075.323202 -93702.153553 -31104.155573 -9999.0 -9999.0 -9999.0 -9999.0 -9999.0 -9999.0 -9999.0 -9999.0 -9999.0 -9999.0 -9999.0 -9999.0 -9999.0 -9999.0 -9999.0 -9999.0 -9999.0 -9999.0 -9999.0 -9999.0 -9999.0 -9999.0 -9999.0 -9999.0 -9999.0 -9999.0 -9999.0 -9999.0 -9999.0 -9999.0 -9999.0
-346.974172 -494.455755 -338.523540 -778.571410 -1162.668622 -1466.702830 -1784.541198 -1656.401773 -1618.646854 -1430.493222 -1501.829555 -1041.992395 -732.359110 -512.301692 -338.570356 -262.417397 -146225.062757 -95464.577836 -81609.046851 -85452.572133 -9999.0 -9999.0 -9999.0 -9999.0 -9999.0 -9999.0 -9999.0 -9999.0 -9999.0 -9999.0 -9999.0 -9999.0 -9999.0 -9999.0 -9999.0 -9999.0 -9999.0 -9999.0 -9999.0 -9999.0 -9999.0 -9999.0 -9999.0 -9999.0 -9999.0 -9999.0 -9999.0 -9999.0 -9999.0 -9999.0 -9999.0 -9999.0 -9999.0 -9999.0
-153403.914400 -243337.365082 -69.340615 -321.610452 -711.227519 -940.052165 -1211.537818 -1533.733846 -811.431046 -1281.528504 -450934.641634 -240953.716247 -128821.264430 -165120.632329 -219245.064672 -121545.972972 -101715.050092 -85670.823544 -93830.876712 -9999.0 -9999.0 -9999.0 -9999.0 -9999.0 -9999.0 -9999.0 -9999.0 -9999.0 -9999.0 -9999.0 -9999.0 -9999.0 -9999.0 -9999.0 -9999.0 -9999.0 -9999.0 -9999.0 -9999.0 -9999.0 -9999.0 -9999.0 -9999.0 -9999.0 -9999.0 -9999.0 -9999.0 -9999.0 -9999.0 -9999.0 -9999.0 -9999.0 -9999.0 -9999.0
-77577.760317 -81830.930506 -92372.110472 -170151.829529 -791.461413 -473.152225 -489.628774 -759.149278 -553205.859865 -270613.321379 -180076.765749 -88896.080241 -86133.587141 -103107.370786 -107501.302424 -80092.318063 -76125.625213 -91934.458581 -9999.0 -9999.0 -9999.0 -9999.0 -9999.0 -9999.0 -9999.0 -9999.0 -9999.0 -9999.0 -9999.0 -9999.0 -9999.0 -9999.0 -9999.0 -9999.0 -9999.0 -9999.0 -9999.0 -9999.0 -9999.0 -9999.0 -9999.0 -9999.0 -9999.0 -9999.0 -9999.0 -9999.0 -9999.0 -9999.0 -9999.0 -9999.0 -9999.0 -9999.0 -9999.0 -9999.0
-72587.985277 -76788.657799 -90154.352783 -118229.290884 -211043.043342 -273895.039532 -194540.512811 -104424.911912 -102296.958150 -98652.568726 -118438.427725 -9999.0 -9999.0 -9999.0 -9999.0 -9999.0 -91073.450465 -640.538715 -545.563222 -1030.759490 -1453.370045 3041.434648 -9999.0 -9999.0 -9999.0 -9999.0 -9999.0 -9999.0 -9999.0 -9999.0 -9999.0 -9999.0 -9999.0 -9999.0 -9999.0 -9999.0 -9999.0 -9999.0 -9999.0 -9999.0 -9999.0 -9999.0 -9999.0 -9999.0 -9999.0 -9999.0 -9999.0 -9999.0 -9999.0 -9999.0 -9999.0 -9999.0 -9999.0 -9999.0
-88650.214511 -96173.619134 -101599.967051 -107312.614125 -125206.994432 -173158.881461 -9999.0 -9999.0 -9999.0 -9999.0 -9999.0 -9999.0 -9999.0 -9999.0 -9999.0 -9999.0 -9999.0 -9999.0 -9999.0 -9999.0 -9999.0 -9999.0 -9999.0 -9999.0 -9999.0 -9999.0 -9999.0 -9999.0 -9999.0 -9999.0 -9999.0 -9999.0 -9999.0 -9999.0 -9999.0 -9999.0 -9999.0 -9999.0 -9999.0 -9999.0 -9999.0 -9999.0 -9999.0 -9999.0 -9999.0 -9999.0 -9999.0 -9999.0 -9999.0 -9999.0 -9999.0 -9999.0 -9999.0 -9999.0
-63752.328529 -67263.097500 -9999.0 -9999.0 -9999.0 -9999.0 -9999.0 -9999.0 -9999.0 -9999.0 -9999.0 -9999.0 -9999.0 -9999.0 -9999.0 -9999.0 -9999.0 -9999.0 -9999.0 -9999.0 -9999.0 -9999.0 -9999.0 -9999.0 -9999.0 -9999.0 -9999.0 -9999.0 -9999.0 -9999.0 -9999.0 -9999.0 -9999.0 -9999.0 -9999.0 -9999.0 -9999.0 -9999.0 -9999.0 -9999.0 -9999.0 -9999.0 -9999.0 -9999.0 -9999.0 -9999.0 -9999.0 -9999.0 -9999.0 -9999.0 -9999.0 -9999.0 -9999.0 -9999.0
