geotop_simulations/templates/TEST_Venosta_3D_034_template/rec/SoilPressure0000L0008.asc
ncols         252
nrows         194
xllcorner     598250.000000
yllcorner     5144500.000000
cellsize      250.000000
NODATA_value  -9999.0
[rows 150 to 174 of 194, columns 112 to 167 of 252]
659.821704 565.810848 682.385051 687.590276 1010.154774 865.598861 679.785761 706.838756 938.558901 1136.708413 1035.304099 449.814942 242.620688 157.938724 13.505639 -60.156856 -95.914107 -111.165097 -137.644999 -138.254432 -129.168122 -124.329668 -128.607539 -94.323252 -221.054276 -248.929679 -285.029372 -377.382327 -413.440286 -455.331119 -494.616210 -512.285841 -526.309366 -305.233635 -545.785396 -501.842391 -252.986742 -481.401318 -486.823859 -510.847318 -569.088146 -535.516874 -210.857078 -193.402933 -317.648398 -285.711703 -147.316877 -108.245063 -71.236617 -16.950064 15.204356 164.561175 295.730657 353.589638 200.657813 157.772563
1488.658866 1347.594395 1072.384708 1433.562398 1540.959759 1247.910512 680.422916 533.127074 713.658995 723.750026 239.400752 -61.310803 -17.328245 182.352140 75.392819 16.569166 -20.656475 -126.452766 -160.919017 -148.383794 -150.113564 -148.240944 -165.980392 -134.659717 -220.327840 -258.173661 -366.113083 -389.133516 -416.884909 -448.087315 -486.190368 -522.654284 -535.904728 -506.207508 -490.119776 -450.250086 -440.843122 -433.478844 -437.691690 -433.078902 -423.361912 -550.352569 -523.731730 -223.404059 -207.115812 -182.713111 -161.465964 -122.178280 -47.387645 18.095487 79.390526 340.219234 639.322687 628.682837 256.328461 180.136995
1971.538820 1942.007508 1785.485089 1774.087644 1538.368492 901.698978 291.201944 283.156522 500.363128 514.015504 -46.087741 -84.855303 396.347581 143.601444 66.759514 4.566684 -9.838822 -86.901849 -141.164089 -173.839347 -192.847696 -175.278515 -200.170175 -185.367961 -255.681091 -268.797901 -390.798612 -418.381465 -436.845469 -452.518834 -466.708870 -461.203999 -454.789023 -420.828710 -410.612349 -400.996513 -401.361944 -393.965126 -387.541555 -364.799011 -339.628814 -341.877667 -355.702071 -330.859755 -324.642363 -308.121806 -159.969975 -140.876367 -57.907416 15.968651 292.157104 -52.645847 -67.714464 -68.266858 163.245047 -9999.0
1599.823459 1844.458068 1499.474246 1407.417862 1031.132684 458.657491 -51.699733 -6.826828 273.555429 166.477554 153.741208 55.055835 58.650120 -30.614235 -117.342904 -51.055452 -63.419375 -191.632417 -223.573325 -252.219152 -284.733286 -323.531590 -354.011426 -320.196931 -295.285806 -383.629783 -425.608650 -454.438178 -463.876827 -453.718912 -424.850802 -356.157032 -337.400416 -340.230710 -352.749899 -339.793505 -351.961484 -358.086107 -348.350633 -341.430765 -307.660035 -240.811409 -303.842986 -263.195096 -294.778688 -293.096245 -256.130871 -143.467184 -95.623571 -55.273305 4.973085 54.123082 -9999.0 -9999.0 -9999.0 -9999.0
1026.815886 1036.527698 691.668683 451.826761 109.734373 -66.659248 -65.949591 111.598289 167.049234 116.866453 92.070622 -47.694958 -81.974640 -89.547690 -108.043469 -120.704354 -112.724864 -111.195549 -219.422525 -242.038895 -264.758306 -285.991954 -307.508865 -338.329286 -321.208266 -438.458969 -462.870384 -476.706291 -466.941379 -431.960670 -349.782731 -301.438694 -281.790304 -292.654455 -320.710828 -316.131857 -310.054756 -342.563496 -335.382637 -319.029262 -246.116476 -242.463681 -233.360288 -151.371655 -210.286058 -234.489470 -221.882474 -119.431042 -119.730722 -107.921471 -59.866882 -9999.0 -9999.0 -9999.0 -9999.0 -9999.0
312.738380 315.245140 -5.209943 -65.593662 -76.768688 -31.653494 34.431106 -68.052615 658.837073 177.039856 119.380580 17.260490 -56.630510 -80.900862 -95.488009 -115.266427 -140.280332 -153.187779 -209.337684 -234.040669 -254.546750 -270.216988 -289.056683 -309.806120 -457.815954 -485.960101 -489.742155 -476.608982 -450.207629 -328.781915 -268.408888 -277.764821 -278.278435 -273.288244 -288.561014 -283.181878 -242.220669 -299.608175 -290.549191 -251.006123 -262.559050 -258.488955 -120.745634 -151.619320 -112.454736 -229.110772 -188.721934 -152.855624 -122.823802 -109.631718 -77.069600 -9999.0 -9999.0 -9999.0 -9999.0 -9999.0
-68.666408 226.536601 120.542396 -61.186742 335.981971 217.541155 143.560651 676.650076 174.327969 118.477910 87.652246 0.236788 -28.133900 -74.811693 -97.593486 -120.621172 -139.661898 -154.341471 -159.243469 -223.418306 -244.502581 -261.906460 -285.259922 -422.873981 -461.423581 -492.450096 -507.202027 -501.499475 -405.115323 -315.607400 -265.863311 -259.951509 -266.426297 -260.276548 -215.744983 -212.856981 -219.823412 -226.230456 -223.917658 -239.754839 -117.743557 -107.776503 -74.420965 -22.708517 -75.906130 -214.158382 -169.119568 -145.475434 -115.186135 -91.799296 -85.717514 -9999.0 -9999.0 -9999.0 -9999.0 -9999.0
-66.935314 89.487789 437.709767 549.846167 240.618846 136.159193 122.866370 77.306380 70.867253 46.646218 -16.772335 -18.498241 -22.094958 -59.803078 -105.103656 -128.640120 -145.845079 -148.354812 -156.909172 -186.417847 -206.531854 -272.058605 -288.641862 -444.194489 -484.946768 -508.813918 -511.297944 -504.144126 -341.550307 -346.109600 -298.408921 -261.838040 -246.543761 -189.574053 -192.052637 -190.074461 -193.833153 -81.213150 -80.314734 -62.104583 -48.594141 -38.938454 -29.802729 -43.502707 -133.283478 -140.333202 -127.726038 -124.527950 -111.482578 -79.372364 -9999.0 -9999.0 -9999.0 -9999.0 -9999.0 -9999.0
-77.229341 568.016229 914.962797 534.494167 297.757855 118.547480 62.870981 2.970952 -8.835253 -13.300991 -46.726389 -30.059604 -26.385237 -47.911407 -90.395557 -124.234114 -146.015277 -149.424829 -162.490219 -184.894405 -217.641704 -237.888399 -421.924414 -466.934788 -498.627122 -509.967353 -424.092540 -401.918498 -372.767914 -322.757188 -277.175843 -249.649318 -201.040599 -183.706914 -157.917822 -152.115440 -77.768125 -25.367679 -17.344961 41.485833 31.860135 15.215382 -81.710571 -39.674202 -41.703843 -40.665636 -155.527705 -133.579558 -96.071091 -72.988401 -9999.0 -9999.0 -9999.0 -9999.0 -9999.0 -9999.0
-43.684187 476.507795 152.153720 335.621858 78.780427 13.248286 2.568593 -16.797688 -47.052552 -12.181554 -58.784897 -30.091352 -36.676364 -62.031113 -90.002750 -112.488299 -133.468688 -146.973702 -166.637413 -181.482582 -205.120213 -389.054239 -349.011043 -490.056022 -501.852984 -416.978561 -418.208096 -356.208112 -290.804903 -298.598697 -285.149075 -264.842202 -183.799518 -111.039810 -93.124107 -66.746739 -48.494025 -1.380292 255.058977 204.833811 141.078053 23.160577 6.517081 0.257976 -26.864853 -36.131103 -33.477048 -25.596956 -62.564254 -9999.0 -9999.0 -9999.0 -9999.0 -9999.0 -9999.0 -9999.0
468.265548 339.766189 92.376006 -9.870382 -52.305463 -42.585310 -17.899410 -26.511737 -77.781949 -57.481598 -89.520554 -76.024612 -50.502374 -76.803968 -96.728114 -107.914150 -239.915506 -140.944006 -165.404380 -181.838137 -354.438396 -387.677249 -397.076141 -356.337491 -531.237840 -458.282786 -453.534812 -368.290586 -367.003343 -360.824289 -372.149531 -286.145623 -255.898115 -96.725956 -71.375668 -16.437347 -16.992219 152.353839 -72.423591 -60.340027 211.120550 76.767389 9.538466 47.518231 52.735840 23.208367 -11.667280 19.059796 -45.505111 -9999.0 -9999.0 -9999.0 -9999.0 -9999.0 -9999.0 -9999.0
866.738656 284.778851 114.870534 4.334324 -38.925506 -66.548560 -57.315963 -69.230568 -99.348084 -99.421293 -83.934453 -105.586951 -67.937114 -80.614889 -203.583323 -216.899896 -231.527708 -134.679533 -155.219562 -174.062956 -349.245613 -375.362733 -586.081039 -628.642080 -657.778973 -618.052668 -568.999251 -538.163671 -492.602349 -343.744019 -433.220746 -347.339821 -172.620479 -127.895040 -88.806608 -32.588335 -28.198627 127.950501 185.688048 -50.005029 -54.428702 98.183411 35.138438 117.223961 122.071434 143.511925 8.428481 -9999.0 -9999.0 -9999.0 -9999.0 -9999.0 -9999.0 -9999.0 -9999.0 -9999.0
975.521211 234.335538 55.209014 2.360275 -37.590914 -71.975632 -60.536956 -82.677416 -111.893220 -134.019305 -98.290671 -112.233814 -90.893493 -95.493249 -104.515028 -212.791990 -228.795415 -255.543367 -146.875438 -169.814054 -347.948227 -375.120152 -594.343306 -622.424073 -640.756946 -623.142372 -620.812017 -598.597521 -557.606872 -374.931591 -341.926185 -165.413129 -123.713789 -101.656202 -67.491776 -62.453639 -58.947694 -22.399349 16.813054 63.174019 46.782181 -0.765248 88.687774 215.781547 196.975544 252.190495 -1.381554 -9999.0 -9999.0 -9999.0 -9999.0 -9999.0 -9999.0 -9999.0 -9999.0 -9999.0
157.502344 49.211951 -1.751798 -14.425709 -47.117148 -74.738205 -65.737063 -78.309043 -115.363298 -152.831644 -130.589962 -227.496017 -111.390890 -114.320677 -109.994238 -211.020998 -229.201942 -251.950134 -277.211949 -305.072430 -338.261951 -544.439441 -604.254108 -636.271669 -645.315436 -220.239303 -601.582860 -569.282006 -514.209764 -441.507291 -294.194399 -133.945998 -104.222269 -103.983258 -106.024597 -95.570110 -71.581702 -42.025059 -43.366038 -41.761069 62.987900 7.144961 129.421998 823.325292 622.680021 224.507307 -9999.0 -9999.0 -9999.0 -9999.0 -9999.0 -9999.0 -9999.0 -9999.0 -9999.0 -9999.0
35.770107 62.426682 34.454501 -1.469712 -41.253776 -60.078552 -92.934667 -108.219185 -142.194232 -170.322729 -161.635926 -248.331893 -267.646525 -134.619124 -126.241551 -227.665050 -235.569184 -251.478629 -271.675308 -294.173076 -322.901962 -513.711947 -581.249290 -628.330418 -165.014935 -216.898469 -551.927326 -510.839807 -457.088611 -430.685382 -296.025295 -142.365943 -135.175974 -220.235990 -124.224257 -77.916070 -67.355158 -56.054426 -27.343821 71.012646 115.762487 546.433521 590.927299 -16.779014 -70.204548 -9999.0 -9999.0 -9999.0 -9999.0 -9999.0 -9999.0 -9999.0 -9999.0 -9999.0 -9999.0 -9999.0
855.436985 1278.114220 104.882752 17.586929 -32.758019 -57.301486 -136.725623 -168.068404 -238.162377 -184.085386 -196.196689 -167.090863 -286.176562 -281.166207 -265.869965 -249.686837 -247.249061 -326.478049 -355.176950 -290.186615 -435.781164 -482.746095 -534.473047 -169.389487 -151.516324 -167.283038 -377.680557 -376.929663 -438.850072 -317.315844 -309.626324 -285.162572 -273.826336 -226.554859 -110.402804 -64.370695 -46.183923 -12.338933 172.139644 221.634526 591.820475 -70.102705 -82.411575 -76.531005 -9999.0 -9999.0 -9999.0 -9999.0 -9999.0 -9999.0 -9999.0 -9999.0 -9999.0 -9999.0 -9999.0 -9999.0
-211.271149 140.648536 653.637112 67.697101 10.064968 -26.184898 -96.123894 -51.432704 -184.266668 -286.256280 -189.571890 -189.327912 -314.535412 -303.754744 -293.608574 -275.208391 -262.327591 -335.875080 -361.459044 -285.428089 -425.329702 -462.077859 -486.818173 2330.187094 -151.217000 -332.966570 -322.703170 -331.153510 -264.242835 -251.798410 -242.936835 -279.735762 -269.742159 -149.011103 -106.722614 -71.213029 -35.379228 20.855226 74.190257 364.945345 -50.310887 -59.705085 -9999.0 -9999.0 -9999.0 -9999.0 -9999.0 -9999.0 -9999.0 -9999.0 -9999.0 -9999.0 -9999.0 -9999.0 -9999.0 -9999.0
-195.141817 -217.062639 71.512413 119.074684 -50.666759 6.991016 -40.932426 -76.681898 -100.545149 -98.543578 -238.226959 -320.422903 -319.870995 -321.652428 -320.615909 -387.664749 -356.047316 -350.157713 -368.881356 -388.933622 -415.408467 -438.977466 2163.007610 -139.917723 -333.511445 -314.775315 -296.199391 -217.489523 -196.978046 -189.905339 -91.546649 -206.723520 -132.830454 -121.649132 -93.049757 -74.311310 -47.545778 -31.916171 109.527612 192.123518 -68.746007 -9999.0 -9999.0 -9999.0 -9999.0 -9999.0 -9999.0 -9999.0 -9999.0 -9999.0 -9999.0 -9999.0 -9999.0 -9999.0 -9999.0 -9999.0
-114.658649 -282.674899 -389.311096 -337.160564 -203.234295 -67.802363 -1.471690 -63.075786 -111.021180 -120.071974 -122.936221 -322.230031 -330.878755 -334.223373 -334.210012 -440.620849 -403.212312 -380.935314 -388.618028 -402.159496 -238.854755 -83.874301 -121.206274 -231.590799 -301.711121 -285.727376 -220.500811 -196.846863 -110.276490 -110.209176 -129.448445 -107.301022 -114.425411 -89.059770 -64.945695 -47.540837 -32.290960 19.223832 44.181755 142.298475 237.792825 -9999.0 -9999.0 -9999.0 -9999.0 -9999.0 -9999.0 -9999.0 -9999.0 -9999.0 -9999.0 -9999.0 -9999.0 -9999.0 -9999.0 -9999.0
72.595309 43.605582 95.975308 54.874166 9.623811 -31.087083 -49.944183 -83.972744 -114.746332 -141.679539 -142.635487 -276.993034 -459.137310 -350.825652 -480.805543 -484.803866 -460.557942 -426.373775 -412.536153 -229.065268 880.208181 -200.639302 -282.454547 -280.707378 -217.600983 -216.562672 -183.303265 -162.215548 -62.394227 -38.505247 -33.661838 -39.071517 -82.626667 -60.649379 -37.269662 -20.269433 32.267478 92.833009 146.194721 -114.942378 -9999.0 -9999.0 -9999.0 -9999.0 -9999.0 -9999.0 -9999.0 -9999.0 -9999.0 -9999.0 -9999.0 -9999.0 -9999.0 -9999.0 -9999.0 -9999.0
-14.122570 -33.267667 -56.158106 -53.534417 -78.207472 -78.638346 -95.079759 -116.952607 -128.701872 -157.693761 -174.543520 -297.462375 -414.551893 -498.862701 -515.916097 -520.931787 -500.206473 -305.965823 -231.444706 -176.976042 -164.550169 -166.657509 -251.928057 -209.156080 -206.243232 -193.324241 -141.129422 -41.758822 0.743943 27.694228 69.458801 62.708698 66.753955 68.831313 92.491243 47.329648 13.948133 774.138042 -292.183650 131.443865 -9999.0 -9999.0 -9999.0 -9999.0 -9999.0 -9999.0 -9999.0 -9999.0 -9999.0 -9999.0 -9999.0 -9999.0 -9999.0 -9999.0 -9999.0 -9999.0
2.599481 -34.756210 -103.218973 -132.058143 -136.083363 -124.392483 -129.848826 -141.060376 -149.594399 -165.383825 -185.652726 -319.397845 -448.366473 -495.206351 -522.911153 -516.906580 -291.610048 -225.377442 -180.521542 -162.566755 -147.489837 -137.335575 -208.690970 -195.363888 -197.143597 -136.647323 -72.623731 0.865044 39.037412 69.271939 197.648715 119.582346 67.916474 128.933236 720.204544 660.774129 499.959668 -58.016450 -9999.0 -9999.0 -9999.0 -9999.0 -9999.0 -9999.0 -9999.0 -9999.0 -9999.0 -9999.0 -9999.0 -9999.0 -9999.0 -9999.0 -9999.0 -9999.0 -9999.0 -9999.0
-16.354464 -45.835397 -84.091231 -123.982932 -142.104987 -141.287633 -145.406735 -159.131360 -168.939841 -185.773764 -315.375252 -336.756268 -455.836760 -468.043550 2165.209060 -256.933765 -234.648243 -207.188036 -173.313793 -147.349585 -127.236733 -115.979234 -128.598381 -195.668664 -157.676139 -106.166962 -40.493635 21.866543 57.312303 164.059276 46.750999 -79.528464 -83.594479 -76.490668 -71.383997 -79.339500 -257.018100 342.233980 -9999.0 -9999.0 -9999.0 -9999.0 -9999.0 -9999.0 -9999.0 -9999.0 -9999.0 -9999.0 -9999.0 -9999.0 -9999.0 -9999.0 -9999.0 -9999.0 -9999.0 -9999.0
41.171678 -6.486176 -24.663809 -103.363078 -188.246537 -211.083145 -248.080138 -270.384793 -293.263308 -305.907453 -321.731941 -450.761317 -446.835034 -238.589453 -238.796060 -302.360499 -165.936929 -148.663669 -119.643956 -88.472789 -62.113864 -45.327396 -98.753207 -201.432475 -145.657985 -62.793192 -21.646968 14.112880 50.585731 97.970625 118.171647 -9999.0 -9999.0 -9999.0 -9999.0 -9999.0 -9999.0 262.328547 224.614450 367.556564 205.893053 2418.452250 -9999.0 -9999.0 -9999.0 -9999.0 -9999.0 -9999.0 -9999.0 -9999.0 -9999.0 -9999.0 -9999.0 -9999.0 -9999.0 -9999.0
432.247535 66.557336 -2.239535 -39.507875 -117.733061 -185.313334 -227.265543 -258.746362 -282.623304 -302.591306 -312.709028 -418.618252 -227.477671 -169.534208 -158.038785 -151.112634 -190.844092 -182.590514 -161.165666 -143.695282 -110.028132 -26.853704 -117.846889 -100.793623 -92.415114 -59.739737 -17.783182 14.076951 40.526086 8.781085 -9999.0 -9999.0 -9999.0 -9999.0 -9999.0 -9999.0 -9999.0 -9999.0 -9999.0 -9999.0 -9999.0 -9999.0 -9999.0 -9999.0 -9999.0 -9999.0 -9999.0 -9999.0 -9999.0 -9999.0 -9999.0 -9999.0 -9999.0 -9999.0 -9999.0 -9999.0
