geotop_simulations/templates/TEST_Venosta_3D_034_template/rec/SoilTemperature0000L0005.asc
ncols         252
nrows         194
xllcorner     598250.000000
yllcorner     5144500.000000
cellsize      250.000000
NODATA_value  -9999.0
[rows 56 to 83 of 194, columns 126 to 188 of 252]
2.166223 2.495155 0.938451 3.923380 3.273065 3.367165 2.884436 1.344491 0.784913 -1.067176 -1.564903 -0.839102 1.783472 2.554514 3.169782 3.871326 4.307471 4.313117 3.890300 0.492904 0.667522 1.655565 2.757638 3.495122 4.357999 5.306951 7.191373 7.313752 7.003836 5.347577 4.623481 5.783227 5.313699 6.013944 7.264822 9.365924 10.274766 6.180392 5.934829 5.570113 5.516964 5.745602 6.308198 11.685885 7.461153 7.428468 6.938325 6.243618 5.734220 5.415281 8.950469 8.480924 8.305951 7.501081 6.240819 6.712377 7.090271 6.468572 7.108822 7.325948 6.560103 5.791974 6.369206
2.590589 2.793518 1.082089 4.441536 3.797253 3.366667 2.492346 0.959145 0.211766 -1.752352 -1.574961 -0.624699 2.053770 2.150221 2.541955 2.940605 3.552151 3.637309 2.708253 2.395851 0.358799 4.260000 5.550110 3.241045 4.102574 5.139851 7.308691 7.668675 7.442711 5.884432 5.248258 4.552925 6.015674 6.540187 7.618643 9.521333 10.749943 6.640338 6.568501 6.394338 6.423685 6.602746 7.100168 7.607129 8.117824 8.090539 7.595243 7.048265 6.779233 6.430363 5.938866 5.303262 4.603589 7.157121 6.159234 6.916168 7.569369 7.599418 7.969740 8.074733 7.437105 6.526378 7.053148
2.992257 3.075911 1.270242 0.673699 4.032216 2.944764 1.987166 0.721922 -1.050542 -1.544764 -0.951332 -0.779966 -0.001880 0.645415 1.714699 2.457530 2.610933 2.269529 1.728812 1.995189 3.034437 4.101458 5.253630 7.112117 8.227014 4.855133 5.675186 7.803103 7.808148 6.398118 5.915646 5.285457 6.816311 4.673623 8.135785 9.616144 11.105073 7.000445 7.191478 7.218425 7.319066 7.529780 7.973406 8.441616 8.805934 8.781620 8.389464 8.036575 7.754065 7.369945 6.759447 5.878385 4.896685 4.003788 6.603895 7.066851 7.626099 8.347363 8.738621 8.478338 8.130592 7.849693 8.066447
3.455911 3.224109 2.035486 0.844871 4.104465 3.222779 1.736529 0.168914 -0.884389 -1.474208 -0.544475 -0.486010 -0.816235 -0.993199 0.497549 1.826271 1.921949 2.025501 2.440818 3.474962 4.304851 4.822909 5.727680 7.260821 7.770831 4.659105 5.329401 6.208985 8.223486 6.880126 6.613166 6.115008 5.609091 5.438213 5.703660 6.242372 6.854333 7.514883 7.898577 8.027280 8.177938 8.446685 8.877998 9.337593 11.861865 9.631609 9.339181 9.010070 8.649277 8.082972 6.947391 6.289574 5.388649 4.569673 3.852069 7.539184 7.766350 7.950232 8.483527 8.846209 9.026440 9.111156 9.189495
3.349446 2.714063 1.214952 0.847384 4.784141 4.311323 2.737924 1.522304 -0.622528 -1.420271 -0.575576 -0.463293 -0.712269 -0.877679 1.204245 2.872173 3.371807 3.840851 4.090136 4.493562 4.884129 5.385387 6.088996 6.807163 7.051502 4.398171 5.010768 5.900788 6.673075 8.757393 8.675967 6.942379 6.530214 6.305652 6.479760 6.922376 7.525145 8.130559 8.569767 8.777664 8.967902 9.267451 9.697929 12.181371 12.567153 14.538941 12.162733 9.826072 9.305361 8.276039 7.470442 6.528583 5.970068 5.017798 4.173403 7.532162 7.186628 6.200834 6.769481 8.352732 9.444289 10.095277 4.426898
2.736226 1.582227 0.818918 0.531687 5.091693 4.545388 2.911082 1.645184 -1.262278 -1.451468 -0.539087 -0.476966 -0.676262 -1.655119 2.098577 3.927440 4.515451 4.686507 4.622089 4.921390 5.371706 5.823754 6.346990 6.880167 7.343309 4.483268 5.050672 5.619286 6.339142 6.998516 9.190612 7.575280 7.364397 7.201042 7.342394 7.673736 8.179578 8.692466 9.070118 13.502458 13.627727 13.947842 14.363825 14.724841 15.174467 15.093012 14.841059 12.285839 9.491506 8.784711 7.946583 6.973324 6.357302 5.315020 4.331722 3.717401 6.849234 6.663042 6.613238 7.162290 8.391738 9.707675 10.767253
1.588583 0.685785 4.686215 4.431344 3.666762 2.882022 1.985723 0.724682 -2.528568 -1.480372 -0.472304 -0.565955 -0.245146 0.168608 2.331725 3.603213 4.760232 5.382797 5.286878 5.433776 6.165551 6.583210 6.876420 7.377373 7.946790 8.445784 5.158058 5.428348 5.851065 6.419738 8.371095 7.685412 7.934756 7.953221 9.915501 8.358736 8.719204 9.029087 12.490190 12.316644 12.431944 13.419617 13.936783 14.496182 14.865425 15.148508 15.280166 12.750635 12.176312 9.182736 8.325324 7.364212 6.301335 5.630706 4.734629 4.369791 4.252524 8.458753 8.612259 8.380029 7.999343 7.723859 8.123075
0.632764 3.480939 3.913760 3.563612 2.578307 1.729124 1.136500 0.192998 -2.060005 -1.513738 -0.574350 -0.462751 -0.347514 0.196886 1.764997 2.945524 4.137030 5.409876 5.772058 6.004324 6.755806 7.247022 7.470926 3.938136 4.356326 4.734692 4.960633 5.173215 5.424482 5.840258 6.434488 7.088729 9.437422 10.069590 10.446281 10.777550 8.797682 8.831886 8.846079 8.771474 8.756154 8.933349 9.266447 9.660260 10.096478 14.696992 13.153139 13.224028 12.546966 9.601845 8.765110 7.798789 6.704870 5.629893 5.444666 5.095857 4.821113 4.629876 4.537881 9.387812 9.138851 8.547825 8.004005
3.599491 2.629720 2.628291 2.318724 1.667241 1.128821 -2.538477 -0.924221 -0.673824 -1.333279 -0.523570 -0.251206 -0.452586 0.828121 1.769419 2.836943 4.320256 5.396235 5.808439 6.119151 7.156032 7.569666 3.476694 3.766401 4.051460 4.297633 4.537499 4.778514 5.009577 5.359071 5.916017 6.497856 7.094236 9.204379 8.138800 8.350569 8.455786 8.417701 8.231938 8.023427 7.880750 7.928098 8.175170 8.509144 8.979789 9.492413 10.190382 10.730725 12.974328 10.041318 9.248656 8.598995 7.162284 6.155755 6.157175 5.848670 5.520252 5.324594 5.117507 4.955019 9.819324 9.909734 4.629649
3.633592 2.458349 1.746779 0.989881 0.543787 -0.013940 -0.944443 -0.728869 -0.503358 -0.525398 -0.468546 -0.242230 -0.580508 0.167215 1.906569 2.901478 4.086414 4.774434 5.047923 5.480241 1.895636 2.492310 5.800014 2.553828 2.820724 3.218881 3.666588 3.969441 4.260230 4.640146 5.211740 5.901939 6.394378 6.987463 7.510548 7.833595 7.912127 7.783220 7.503236 7.213210 6.995220 6.924292 7.082325 7.418933 7.954385 8.441497 8.926677 10.258203 13.173007 12.892316 12.358104 9.118176 8.120457 7.274518 6.858221 6.596880 6.300063 6.050354 5.803942 5.569013 5.376336 5.210817 4.909767
4.197688 3.760753 2.813177 1.648483 0.186135 -0.815677 -0.822322 -0.571906 -0.466096 -0.470891 -0.107899 -0.001673 0.220729 0.233372 2.052313 2.821476 3.300295 3.274777 3.073108 3.330434 3.693206 4.162352 4.195172 4.196165 4.431600 4.789825 2.684846 5.519811 6.657107 7.722662 4.839762 5.335546 5.765119 6.256377 6.714011 7.033137 7.098714 6.968658 6.669551 6.287187 6.009575 5.745924 6.141410 9.310711 7.205415 8.059193 8.060927 9.262317 10.531047 13.076980 12.560176 9.619943 8.696850 7.883639 7.531682 7.300994 7.082313 6.831276 6.522843 6.232654 5.960986 5.660363 5.234742
0.621763 5.082195 4.698454 3.559000 1.826300 0.081864 -0.698186 -0.506929 -0.595195 -0.086435 1.106974 1.645963 1.147879 1.115635 2.106902 2.092330 1.799798 1.698640 1.844953 2.157076 2.698692 3.142241 3.169838 3.348739 3.642109 4.001070 4.443232 5.512799 7.120256 8.062227 4.666315 5.056278 5.327796 5.672520 5.962978 6.242066 6.305617 6.179936 5.839427 5.499001 5.213046 5.396163 9.101462 10.676536 7.253250 7.709823 8.085924 7.666395 10.124570 13.080062 12.778595 12.067101 9.227477 8.523590 8.209115 7.965011 7.798922 7.608648 7.256082 6.904122 6.562354 6.150641 5.656434
1.332275 5.863103 5.250349 3.939911 2.887173 1.691937 -0.510766 -0.625733 -0.374441 0.721284 2.221196 2.876165 2.774138 1.603766 1.709337 1.224985 0.126184 0.122494 0.567362 1.725179 2.498960 3.210097 3.763687 3.944978 3.986168 4.100009 4.472982 5.559351 6.542561 6.901633 3.930769 4.482405 4.782401 5.060744 5.213729 5.514270 5.644229 5.525939 5.327666 5.093100 4.981204 5.360792 9.756333 10.690736 11.339157 7.386408 7.891961 8.203763 9.572083 10.475765 7.436044 12.633908 11.855950 9.193131 8.892183 8.638510 8.482752 8.328026 7.984425 7.595836 7.201690 6.730411 6.174856
-0.004789 3.867213 3.552655 3.053104 2.888058 1.925053 0.134044 -1.406108 1.175322 2.223179 2.824724 3.490376 3.794638 2.480857 1.467362 0.997414 -3.050382 -0.010542 1.649362 2.869818 3.696979 4.562145 5.381074 5.406463 5.559704 5.411055 5.193960 5.365954 5.454642 5.982073 7.422463 8.231235 4.351189 4.677347 4.840497 4.995827 4.990273 4.771795 4.590111 4.493719 4.533485 8.207034 9.377785 10.314999 11.409522 7.332237 7.873805 8.526740 9.166280 10.034627 5.384844 5.209806 12.577416 9.792610 9.512514 9.279652 9.139386 8.990064 8.688433 8.295933 11.067694 10.536729 6.774640
2.099688 2.059529 1.962592 1.657418 1.801634 0.355470 0.227448 1.047627 2.750082 2.723224 3.253232 4.151373 4.290286 3.518316 2.483348 1.545804 2.177746 3.113070 3.994441 4.792870 5.344007 5.824514 6.267343 6.127467 5.868723 5.533146 4.694087 4.031660 4.361400 6.446411 8.118271 8.084034 3.894445 4.134637 4.183594 4.062760 4.053205 5.925036 3.576059 3.722979 6.941464 8.000973 9.206614 10.971720 12.671144 14.059994 8.280925 8.724881 8.903630 9.138178 3.468831 5.067147 5.195853 12.163899 9.919643 9.718636 12.816783 12.546393 12.289300 11.947229 11.617076 11.151113 10.476985
3.700949 2.652414 1.618850 0.767406 0.238906 -0.062685 -2.028349 2.605162 3.415096 3.620151 4.267280 4.997704 4.958059 4.408311 3.576590 2.872237 3.253754 4.084204 4.663746 5.340844 5.907650 6.528828 6.990150 6.802767 5.703060 4.345327 3.360165 3.747037 5.515747 7.455722 7.745426 7.086510 2.549697 3.060278 2.850790 5.186052 5.158164 5.580233 6.616750 7.825910 8.738494 9.522393 10.563865 12.200395 13.537056 7.753341 8.207161 8.134703 8.220435 8.190004 8.423667 8.754572 9.042768 9.077895 11.313638 9.055246 8.908693 11.173436 11.535838 12.266482 12.169726 8.633435 8.140714
0.330935 -0.006142 2.578080 1.677679 0.257351 -0.816938 0.994431 3.158537 3.920932 4.494547 5.070108 5.722659 5.396608 4.912353 5.216362 4.741601 4.623424 5.027681 5.479241 5.895729 6.448761 7.222776 7.482565 6.789811 4.666700 3.029388 2.844787 4.788203 6.332234 6.874253 6.410782 5.684822 5.048874 4.359346 3.961544 3.824053 4.701353 6.965910 8.494782 9.015383 9.491560 10.193399 11.368110 6.374526 6.886066 7.562884 7.446448 7.381911 7.328985 7.329054 7.483095 7.619563 8.007939 8.085783 7.986484 8.073563 8.051828 7.841115 7.702822 7.920292 8.283852 11.843624 11.723037
0.383134 0.028192 3.123903 1.989287 0.192695 -1.346097 2.433358 3.302247 3.772145 4.336903 4.925567 5.494676 5.510782 5.429545 6.073633 6.369783 5.782007 6.003757 6.310034 6.481498 7.152692 7.812221 7.668423 2.047990 4.295573 3.106008 3.360557 4.453105 4.564110 3.918412 3.737995 3.377867 3.061130 2.927025 3.410112 4.636411 6.428840 7.771488 8.562748 9.284821 10.014331 5.493344 6.069162 6.587028 7.022465 6.978191 6.686889 6.401989 6.235874 6.266579 6.444419 6.721885 7.111101 7.110952 6.877655 7.037054 7.152758 7.004089 6.841218 7.122271 8.396848 9.187589 10.607868
0.385402 0.023862 -0.024160 1.451745 -0.686035 -0.583402 0.791121 2.310775 2.799890 3.058994 3.679517 4.276675 4.738120 6.228137 6.980594 7.214111 6.838636 6.697016 7.000668 7.188805 7.633115 8.194777 2.727242 2.159415 0.794026 3.991215 4.552061 5.013387 4.046371 2.558227 1.810546 1.565035 1.240280 1.271558 2.725533 4.891082 6.261209 6.884478 7.540365 8.326633 9.303939 11.234742 5.651964 6.336111 6.353084 5.899715 5.569458 5.430700 7.714821 5.214681 5.208151 5.723878 6.201001 6.197429 5.952346 5.999933 6.149385 6.216514 6.384589 6.861218 6.818274 6.433804 6.876380
0.084969 -0.012214 2.039497 0.840337 0.293559 1.212903 1.680180 1.971988 2.222558 2.524677 3.363784 4.015071 4.726123 6.348494 7.728200 1.901006 7.814869 7.355002 7.568904 7.906618 8.164849 2.929035 2.938958 2.367796 5.328789 5.141943 5.302188 5.711773 5.312748 4.211023 2.936851 1.543744 0.609894 2.177415 3.637051 3.694550 3.502066 4.312635 5.980297 8.160374 10.375967 12.527356 5.524538 5.674561 5.165386 4.940632 4.872453 4.640343 8.401810 9.637604 4.837513 5.006283 5.335581 5.290320 4.768218 4.892366 5.429153 5.812330 6.089406 6.342288 6.205844 5.600508 5.958160
0.058657 -0.008654 2.333723 2.183488 2.803590 2.858972 2.596178 2.084172 0.901969 1.765939 2.926558 3.002759 3.722823 5.554449 6.776756 0.978879 2.072727 2.798318 2.894355 3.031573 3.170918 3.200922 3.074334 2.551471 6.249560 6.195263 6.030512 6.102881 5.494007 4.592209 4.400215 3.943138 4.389077 5.304496 5.435224 4.523940 3.513579 4.497223 7.100443 9.847490 11.697847 4.827960 5.284206 4.722959 4.200311 6.710230 7.018479 7.800756 9.183513 10.414411 4.953513 4.810947 4.622144 4.312581 4.059815 4.617881 5.001976 5.755887 6.070898 5.733119 5.566650 4.849259 5.239028
0.053557 -0.006258 3.488887 3.905051 3.775738 3.130113 1.674920 -0.494721 -0.767470 0.190594 2.472785 2.341646 3.618829 5.680589 6.462011 0.372787 0.655940 1.718426 3.204728 3.376477 3.535725 3.566779 3.303467 2.708387 6.736462 1.303528 0.628109 5.205188 4.381335 3.132369 2.561812 2.812979 4.942387 5.717546 5.656127 5.357910 6.178064 7.262765 9.117547 11.248203 12.456171 4.622150 4.169440 3.652948 5.808007 5.329985 5.574883 6.764079 8.521936 3.628913 8.716195 3.771870 3.790153 7.013968 8.259626 4.820301 5.319805 5.579201 5.561476 5.014507 4.754985 4.109774 4.322231
-0.004036 0.020049 4.706191 4.564801 3.557657 2.186748 -1.294536 -0.637138 -0.657605 2.383585 3.217130 3.623384 5.318740 5.948701 5.785755 0.028566 0.045309 0.480694 1.273592 2.807064 3.721587 3.766574 3.341972 2.655102 0.892095 0.582956 0.323164 4.573057 3.618896 2.268824 0.878166 0.885700 3.063409 4.977280 5.980873 5.936118 6.816131 8.006908 9.809379 11.876068 3.675352 3.439498 3.097559 5.513862 5.232794 5.202531 5.045859 5.811156 7.444402 7.733797 7.020582 6.067434 6.319985 8.171688 9.989748 4.855360 5.078843 5.316071 4.668742 4.308639 3.884613 3.345631 3.544597
3.380054 -0.003079 -0.021180 4.038437 3.063501 1.304649 -0.829715 -0.576584 -0.261800 3.096992 4.028802 4.751410 6.195760 5.341203 4.733182 -0.004265 -0.004720 0.002696 0.032679 0.876113 2.232777 3.632789 3.351715 1.804589 0.880381 0.593535 0.435859 5.825157 4.426024 2.674531 2.113196 2.249696 3.338472 4.162940 5.032637 6.169182 7.059490 8.131608 9.853205 11.381139 1.562641 2.349496 2.264328 6.368787 6.468414 5.768313 5.242047 5.511239 6.124078 5.869066 5.072066 4.758260 6.145398 8.391464 10.402974 4.215332 4.661117 4.225838 3.904223 3.529062 3.205698 2.694390 2.955749
3.334368 -0.045883 -0.053434 2.679355 2.085620 0.914900 -0.585157 -0.612223 0.257524 3.385800 4.114135 4.932406 4.495989 4.006107 3.105909 -0.038696 2.087219 2.558139 -0.006441 0.374087 0.971176 2.997242 3.307099 1.800384 0.873115 0.700361 0.512605 5.129042 2.489872 1.005759 0.811007 0.206494 2.175910 2.987749 3.264906 4.994217 6.961561 8.058973 8.107050 7.130516 0.042858 0.567412 5.350065 5.586463 4.844944 3.751383 3.358680 3.510021 3.588958 3.240174 3.325507 5.045916 7.779207 9.399515 11.090331 3.789017 3.774245 3.465021 2.855845 2.343102 2.231053 1.996713 2.249640
2.769798 2.754944 2.686199 2.354676 2.139566 1.401562 0.253011 -0.234617 1.269898 3.639218 3.876626 3.961296 3.225489 2.354818 1.548279 0.756044 1.512049 3.195951 5.122705 0.853876 0.954793 2.522802 3.120783 1.380970 0.769395 0.128592 0.087750 2.833751 1.322759 0.142925 -0.878021 0.676039 2.747959 2.998853 3.226958 4.296246 5.649924 6.780784 6.149836 5.040212 -0.005327 4.573541 4.704128 4.346225 3.992241 3.289294 3.032629 2.825578 2.477262 2.638089 4.435091 7.310437 9.137754 10.347240 3.696475 3.827560 3.285337 2.786998 2.109207 1.750527 5.098147 6.328479 7.549373
2.073147 2.013281 1.794617 1.770719 1.795931 1.163101 0.294935 -0.349839 0.326899 3.315046 3.187889 2.816427 1.081664 -0.001744 -2.085179 0.204837 2.847589 5.038440 7.267897 1.643122 1.661655 2.735210 2.913755 1.320501 0.653722 0.392929 -0.006101 -0.019728 1.864662 1.709906 2.969574 3.255095 3.446037 3.311553 3.490616 4.118034 4.902007 5.272803 4.816856 4.164467 3.434042 3.018769 3.653666 4.467002 4.072062 4.167791 5.388323 5.737110 5.703935 6.422653 7.670217 8.771818 10.004381 3.509830 3.648845 2.901909 2.647187 2.010735 2.069567 5.712644 6.473505 7.298944 7.492841
0.960492 0.234941 -1.150585 -0.869235 -0.045776 -0.019747 -3.695407 -0.503148 1.564334 3.190628 2.451047 0.948777 0.249717 -2.765195 -0.015077 2.641878 4.526519 6.067621 7.876528 1.579696 1.869166 2.746014 2.961912 1.424238 0.746583 0.448568 0.228547 4.203531 3.522695 3.284946 3.863566 3.726007 2.408315 1.165904 2.140464 3.015950 3.607939 3.427920 2.596423 2.191422 1.752247 1.516864 1.770906 1.819489 1.760946 3.749352 5.943076 6.297677 6.762318 7.508799 8.399151 9.523750 3.002551 3.387773 3.203721 2.308872 1.463706 1.064668 1.026276 5.419071 6.773628 6.969950 6.954360
