geotop_simulations/templates/TEST_Venosta_3D_034_template/rec/SoilTemperature0000L0003.asc
ncols         252
nrows         194
xllcorner     598250.000000
yllcorner     5144500.000000
cellsize      250.000000
NODATA_value  -9999.0
[rows 140 to 167 of 194, columns 63 to 125 of 252]
1.440885 2.028195 2.654449 3.300376 3.900557 4.873296 5.515973 5.826917 6.012101 6.743242 7.361860 7.753231 7.203202 6.623180 5.634367 5.629843 5.402972 5.448488 5.823374 5.821318 6.232781 6.585896 7.381171 6.628358 5.947207 4.887173 3.874041 2.946127 2.242226 1.731395 1.327689 0.862509 0.154208 0.059389 1.455287 1.645337 1.813692 1.507286 0.901185 0.399687 -4.245407 -0.730633 -0.000420 0.877220 0.728430 0.784673 0.206663 -0.426448 -0.392034 0.030069 0.579180 0.805612 1.164595 1.247854 1.269056 2.389698 0.245016 0.477753 1.863862 2.233484 2.462602 2.800838 1.529730
2.030627 2.450082 2.554023 3.709751 4.354404 5.084278 5.846669 6.106987 6.725434 7.735490 7.794611 7.336134 6.686058 6.011491 5.352793 4.823935 4.556061 4.636077 4.612536 5.733679 5.731124 6.177697 7.244132 6.555854 6.131592 5.111738 4.143839 3.312354 2.643382 2.239048 1.785871 1.310001 0.589767 2.618085 2.268244 1.664590 1.184520 0.864523 0.626988 0.398180 0.041592 0.039692 0.643886 0.764173 0.655347 0.350765 -0.824895 -0.644925 -0.733566 -1.013421 0.303484 0.703326 1.239151 2.288610 2.521836 2.898943 3.464361 0.303775 1.710747 1.770683 2.058797 1.798636 0.878649
0.997474 2.277963 2.463377 3.681920 4.522526 5.298594 6.071923 6.538856 6.520663 7.752447 7.485405 6.901120 6.215107 5.482471 4.743524 3.565917 3.633080 3.715718 4.129573 4.736010 5.943079 6.592887 7.054191 6.953342 6.138746 5.349460 4.468136 3.691099 3.071277 2.576924 2.047119 1.573016 1.086318 0.626459 0.291184 1.310469 0.850575 0.534690 0.232346 0.020177 -2.140563 0.431672 0.655715 0.699850 0.701592 0.586224 0.208624 0.186722 -0.004843 -0.658404 0.015304 0.502328 0.843835 1.466355 2.863075 3.984755 4.403686 0.303163 1.387602 1.366071 1.656098 0.599542 0.038965
2.064949 1.802768 5.021561 6.273228 4.793326 5.581232 6.340704 6.990872 2.039761 7.612229 7.148747 6.483621 5.760592 4.988370 4.223271 3.347620 3.258413 3.430961 4.329569 4.426988 5.585439 6.278124 6.846981 6.464760 6.050082 5.508473 4.646692 3.853814 3.167867 2.554361 1.719983 1.049871 0.369112 -0.001927 0.777281 0.477652 0.282670 -3.232757 -1.708592 -0.880201 -1.124894 0.488137 0.678347 0.667054 0.706863 0.771864 0.701840 0.572319 0.051204 -0.332495 -2.416224 0.267732 0.414976 0.542606 1.017946 2.804554 0.297878 0.764585 0.799243 1.239712 0.830158 0.029574 0.002858
3.414158 4.267846 5.418722 6.903305 5.037980 5.872740 6.562570 7.211464 7.592978 7.397634 6.801271 6.076879 5.314733 4.521112 3.570535 3.156451 3.299461 3.587227 4.043926 4.774649 5.302954 6.028215 6.648112 6.232026 5.801853 5.506292 4.624190 3.769363 2.975946 1.899227 1.137543 0.679199 0.415756 0.167417 0.050256 -0.005426 -3.901607 -2.037762 -0.792519 0.309981 0.594996 0.752057 0.701996 0.655608 0.656170 0.433768 0.223480 0.042224 -0.906022 -0.786461 -0.000358 -0.000412 0.010572 0.418090 0.787522 -0.003645 0.136596 0.374035 2.691270 2.451909 0.039426 -0.007361 -0.008526
4.837696 5.290251 6.064418 3.623091 4.757045 6.201019 6.798393 7.379841 7.520791 7.135047 6.461370 5.703349 4.903506 4.089041 3.269151 2.685221 2.439782 2.777088 3.477190 4.237845 4.963346 5.757616 7.202625 7.266458 5.790862 5.427080 4.547271 3.648453 2.766844 1.715335 0.835704 0.627764 0.332036 0.206490 -0.000709 -2.897393 -1.013859 0.125425 0.605301 1.157589 1.562141 1.201775 0.857862 0.725444 0.667744 0.433676 0.123951 -0.954697 -0.819388 -0.611037 -0.676759 -0.939674 0.243347 0.800107 1.042202 -0.005730 -0.007731 0.652682 0.872865 1.624411 1.601784 0.823941 0.477791
2.086325 6.469774 3.006289 3.797315 4.912404 6.391135 6.859675 7.085522 7.322753 6.810525 6.113232 5.348216 4.836644 3.863093 2.850480 2.180193 1.792954 2.130404 3.164894 4.272865 5.165916 6.043129 6.161054 6.410153 5.753215 5.363823 4.492971 3.584384 2.681164 1.758230 1.062843 1.476789 1.290539 0.593406 0.298357 0.223373 0.511717 0.946087 1.680419 1.525894 1.312330 1.107694 0.711485 0.565820 0.537236 0.321700 -4.414246 -0.770655 -1.004165 -0.538904 -0.576774 -0.839887 0.411286 0.552616 0.441242 0.420081 0.362307 0.331772 0.396105 0.666341 0.844838 0.625031 0.291675
2.077166 2.778080 3.332042 4.743516 5.713571 5.615976 2.186212 6.096740 7.044708 6.401829 5.672845 4.927031 4.128077 3.280423 2.184341 1.625070 1.522796 2.152316 3.428509 4.590150 5.318052 5.134091 5.853729 6.188130 5.591786 5.315943 4.473139 3.591324 2.715012 1.875463 1.153991 0.400060 0.043317 -0.012559 0.260911 0.532381 1.525935 2.226845 2.364425 1.894876 1.373085 0.655821 0.401362 0.331299 0.028525 -2.895917 -0.984378 -1.405216 -1.049532 -0.516744 -0.549410 -0.647376 -4.585862 -0.000355 -2.793714 -3.723429 0.262261 0.539833 0.452112 0.356458 0.271990 0.109194 -3.249239
1.858151 2.662859 3.929732 4.860148 5.693962 6.405427 6.545842 6.505950 6.693467 5.920999 5.137990 4.446667 3.754866 2.997883 2.732240 2.243988 1.888664 1.762591 2.733647 3.848708 4.653859 4.836624 5.551949 5.967470 5.869836 5.279660 4.475827 3.632971 2.822389 1.983436 1.270725 0.261924 0.744298 0.341443 0.408485 0.957728 2.430031 3.164361 3.098606 2.526225 1.665457 0.679434 0.215096 -2.218029 -1.844938 -0.809683 -0.752003 -1.438103 -0.638845 -0.511485 -0.511802 -0.756080 -2.922451 -4.657941 -1.894339 -3.877187 0.324567 0.493023 0.438593 0.380098 0.261707 0.147252 0.578167
4.151083 2.742950 3.423663 4.814572 5.636627 6.365079 6.940917 6.973651 6.328957 5.446933 4.632125 3.982497 3.207128 2.752754 3.158775 2.453915 1.981761 1.430453 2.039377 3.127152 4.187775 5.320009 5.218414 6.793131 5.749428 5.245090 4.490997 3.690536 2.938432 2.237103 1.452731 0.628569 0.077226 -0.017529 0.934488 1.843478 2.876741 3.051158 2.917580 2.261800 1.260224 0.466600 -0.003817 -2.925664 -1.871228 -1.384406 -1.031656 -0.654472 -0.585789 -0.164536 -0.125226 -1.054511 0.151653 0.155464 0.150999 0.387602 0.440983 0.380941 0.384828 0.458563 0.477513 0.578906 0.885965
4.664414 2.889698 3.496685 4.264175 5.761747 6.079473 6.381150 6.766898 6.028169 4.788451 4.101055 3.692866 3.154904 3.198248 2.206092 1.274545 1.020238 1.041161 1.639423 2.783987 3.812570 3.423753 4.906799 6.341520 5.609687 5.245473 4.576229 3.820677 3.109078 2.449851 1.707381 1.036603 0.168625 0.061097 1.509736 2.362966 2.943431 2.895630 0.599211 0.118808 -0.007875 0.385672 -0.011624 -4.127980 -1.610886 -0.646601 -0.564776 -0.554672 -0.567254 -0.158333 -0.542414 0.394751 0.140558 -2.070022 -1.659121 -1.022711 -1.022927 -1.339659 -1.414302 -1.168033 -1.102335 0.272675 1.104630
2.288625 2.916147 3.517008 4.915488 5.716779 6.324755 6.735128 6.573675 5.781195 4.477269 3.792844 3.272135 3.814977 3.012995 2.084769 1.113186 0.921220 0.914999 1.263783 2.298039 3.265512 3.073155 3.855169 5.119019 5.421950 5.243351 4.391787 4.023543 3.355180 2.728025 2.105873 1.407691 0.869198 0.534669 0.536672 3.648384 3.693368 0.954243 0.684292 0.173589 0.920065 0.378125 -0.010032 -4.426224 -1.841344 -0.598847 -0.559280 -0.552864 -0.580391 -0.391256 -0.164752 -2.544253 -0.710537 -0.830483 -0.648148 -0.621433 -0.756218 -0.895441 -0.836296 -0.625278 -0.609358 -0.953372 0.675178
2.579163 3.178880 3.684555 4.195330 5.502578 6.180271 6.661494 6.383538 5.531038 4.538867 3.328930 3.318836 3.279898 2.893627 2.164927 1.267953 1.258065 1.404663 2.226835 3.310409 3.918023 4.306720 3.455237 4.730524 5.146957 5.157830 4.513382 4.303240 3.705759 3.114961 2.526728 1.954540 1.413775 1.174414 1.016387 0.774323 1.176995 1.161535 0.803712 1.424336 0.791099 0.259840 0.008634 -4.111672 -1.942124 -0.703809 -0.556688 -0.564681 -0.570537 -0.616490 -0.783735 -0.767808 -0.804679 -0.804791 -0.628335 -0.582575 -0.741340 -0.803866 -0.762419 -1.148752 -0.000381 0.433348 0.736944
2.747447 3.329007 3.859967 4.212125 5.401840 6.237729 5.932405 6.168207 5.272617 3.891260 2.995803 2.598980 2.408225 2.237853 1.738367 1.183971 1.306735 1.344237 1.986809 2.989627 3.173490 3.245402 3.006831 3.705177 4.259210 4.961667 4.874072 4.254890 4.091951 3.589833 3.049005 2.519055 2.093865 1.743771 1.627015 1.537052 1.807825 1.545629 0.758086 0.904268 0.352210 -0.014358 -0.015811 -2.713771 -1.408262 -0.641538 -0.685890 -0.577785 -0.570068 -0.594878 -0.613463 -0.611683 -0.608657 -0.597222 -0.589796 -0.569784 -0.687529 -0.314807 0.597518 0.981320 1.193591 1.415528 1.627571
3.102196 3.753822 4.205563 5.115086 5.589432 6.185970 5.797620 5.354019 5.009523 3.713678 3.946433 2.909513 1.850360 1.259382 0.934481 0.773421 0.785181 0.715172 1.050765 1.484089 2.068786 2.768483 3.568574 3.270588 4.785888 4.623712 4.278377 4.615107 4.534708 4.214132 3.838514 3.129934 2.756408 2.469595 2.108241 2.279771 1.993109 1.237058 1.209281 0.605062 0.159286 -0.008411 -0.015340 -1.320704 0.142441 0.029933 -0.567237 -0.672895 -0.590950 -0.570000 -0.594378 -0.632177 -0.664563 -0.620214 -0.550198 -0.559685 -0.414836 0.346913 0.952748 1.212165 1.450272 1.942607 2.377311
3.086854 5.867975 4.774102 4.960399 5.604480 6.061908 5.528522 5.486516 4.680467 3.516858 2.773015 3.352736 2.099837 0.847276 0.326170 0.278372 0.346836 0.413563 0.992033 1.950655 2.998999 3.622504 3.743730 3.953464 3.338481 3.655694 4.389443 4.523196 4.200736 3.200604 4.158116 3.938541 3.675810 3.080027 2.808265 2.449320 1.959462 1.778332 1.110855 0.511061 0.173888 -0.010948 -0.010187 0.439509 0.314864 -1.402970 -1.655401 -0.764241 -0.654636 -0.632570 -0.615910 -0.590083 -0.589803 -0.563301 -0.698140 -0.119195 -4.858664 0.431519 0.713325 0.990533 1.605228 2.166020 2.848596
3.100234 5.017268 3.791935 4.812813 5.508678 4.986718 5.594980 4.943364 4.174448 3.120425 2.565812 1.857403 2.292409 0.998049 0.269468 -0.002795 -0.004561 0.376689 1.399300 2.956261 3.575253 3.661764 3.709600 2.498540 3.792812 3.635445 3.848356 3.572932 4.221800 0.245011 0.346232 4.033250 3.788135 3.461660 2.999519 2.466659 1.880714 1.049655 0.951401 0.476951 0.350293 0.425153 0.604761 0.603367 0.106644 -4.882601 -1.878225 -0.808548 -0.801955 -0.659493 -0.601493 -0.630074 -0.684454 -0.086367 0.258576 0.614555 0.667502 0.736547 0.695988 1.033472 1.770397 2.627239 3.449114
3.755214 4.040030 3.182537 4.401101 4.954028 5.073439 4.458259 4.335878 3.561938 2.530882 3.262801 2.897032 0.475233 1.332166 0.693296 0.450586 0.597448 1.573967 2.101005 2.133268 2.400710 2.828339 3.250901 3.347377 2.381195 2.542039 2.663397 2.910742 3.213367 3.889963 4.005642 0.271581 3.766170 3.404324 3.098429 2.487794 1.855612 1.057010 1.029338 0.785314 0.845200 1.227040 1.100304 0.440581 -0.010727 -0.060538 -2.279007 -1.673795 -1.210808 -0.644696 -0.702450 -0.724221 -0.487669 0.175218 0.654012 0.806086 0.818287 0.687638 0.737857 1.533531 2.256517 2.976021 3.930452
2.330494 2.638328 2.295808 3.504609 4.050133 3.232551 3.819164 3.371110 2.575599 1.740907 1.895359 1.643678 0.945027 0.632592 0.395184 0.266974 0.396337 0.690007 1.027265 1.139679 1.701054 2.071943 2.180580 2.119390 1.673490 1.822709 1.953612 2.221240 2.572235 2.906921 3.661178 3.909713 3.978805 3.418851 3.197867 2.576870 1.963127 1.409587 1.533320 1.531512 1.670081 0.034187 -0.011370 -0.022155 -0.014525 -0.586079 -3.116993 -1.615057 -0.726629 -0.701659 -0.541001 -0.792005 -0.003125 0.471848 0.868891 1.041699 0.759995 0.704077 0.872736 1.667685 2.794794 3.391759 4.088378
1.141085 0.991702 0.862663 1.994111 3.000821 2.304108 3.006191 4.017816 2.152240 1.590624 0.562929 0.374455 0.123857 -0.006378 -2.001517 -2.491426 -1.554241 -2.959820 0.122541 0.435104 0.699208 0.800555 0.762256 0.817162 0.973199 1.256143 1.675097 1.605618 1.990507 2.368333 3.169624 3.537297 3.684898 2.883054 3.300794 2.737410 2.176558 1.699434 1.127429 0.807154 0.533590 0.192692 -0.016921 -0.038480 -0.026714 -0.579908 -4.120517 -1.748629 -0.714303 -0.000495 0.229872 0.326934 0.535603 0.791007 0.735187 0.899446 0.904730 0.713652 0.775721 0.971593 2.161328 3.550036 4.647963
0.251155 0.049145 0.243351 1.152721 0.829441 0.995288 2.981271 3.334318 2.859282 1.745969 0.375233 0.004634 -0.008641 -3.536935 -2.703112 -1.819720 -1.443973 -1.780853 -3.211718 -0.002724 0.140622 0.212776 0.258837 0.555053 0.818355 1.246173 1.617074 1.947155 2.314067 2.261572 2.714895 3.122019 3.507750 0.195091 3.052848 2.911909 2.431918 2.032507 1.746517 1.301451 1.016764 0.300105 -0.013242 0.068585 -0.031826 -0.020427 -4.546188 -1.914232 -0.615684 0.015516 0.286211 0.651585 0.824419 1.492430 1.462668 1.351535 1.207517 0.805275 0.928538 0.818031 1.613514 3.498118 5.019687
0.072995 -3.701088 0.368789 1.084301 2.098284 1.593079 1.849514 2.321142 2.436069 1.676018 0.616650 -0.004283 -3.845531 -1.907180 -1.670548 -1.412719 -0.585774 -1.437976 -1.454194 -2.061045 -2.912445 0.164918 0.486484 1.060755 1.276768 1.514742 1.644818 1.834333 2.075879 2.221391 1.867609 2.684180 2.699824 2.795392 3.052575 3.013349 2.313586 2.024475 1.817499 1.542002 1.104937 0.978041 0.396221 -0.012721 -0.049654 -0.968398 -4.345961 -1.889556 -1.035330 0.008565 0.093443 0.352329 0.611775 1.270361 1.555103 1.792500 1.879642 1.485063 1.348828 1.383748 1.342224 2.644204 4.690393
0.093761 0.322796 0.768335 1.032870 1.155111 0.621355 1.155725 1.085733 1.504205 1.592741 1.040135 0.283741 -2.364454 -1.037658 -0.637527 -0.562203 -0.492213 -1.048425 -1.457685 -1.579974 -1.911549 0.381389 0.809699 1.011071 0.999860 1.062038 1.169735 1.169966 1.127890 0.811196 1.315611 1.732518 2.324074 2.628328 2.961983 2.915378 2.181657 1.876960 1.628586 1.296032 0.956379 0.473741 0.222295 -0.012599 -0.105310 -1.102500 -4.832752 -2.287060 -2.485243 0.009731 0.183350 0.372348 0.536923 1.120523 1.522232 2.046748 2.374613 1.999401 1.581975 2.120345 1.849224 2.382082 3.883170
0.110576 0.357273 0.560154 0.632811 0.669421 0.419075 0.720049 0.573679 0.586893 0.835480 1.085596 0.504341 -0.010465 -0.894438 -0.635849 -0.521109 -0.440180 -0.503577 -0.603666 -1.184267 -1.557592 -0.000442 0.066382 0.259978 0.493388 0.548337 0.538136 0.503751 0.482225 0.238342 0.678472 1.284994 2.001041 2.732325 2.806732 2.334820 1.884778 1.416671 1.022676 0.626756 0.386290 0.200348 -0.013316 -0.023650 -0.182556 -1.169603 -2.656746 -2.703361 -3.125658 0.216074 0.420586 0.553050 0.729584 1.144969 1.636155 2.271063 2.589799 2.507561 2.234121 2.754030 1.257252 3.304560 3.762940
-2.993980 -1.151899 0.073725 0.312294 0.423929 0.379757 0.657066 0.528867 0.321291 0.161222 0.392321 0.607159 0.426302 0.030580 -1.504970 -1.207698 -0.447762 -0.409069 -0.467431 -0.525161 -1.334432 -1.650404 -2.001032 -3.297362 0.024682 0.048460 0.060991 0.155213 0.266919 0.824860 0.241372 1.053828 1.837601 2.630999 2.626011 2.356383 1.607940 0.850570 0.379642 0.130828 -0.013003 -0.025356 -0.455204 -0.601506 -1.028453 -1.561266 -0.874754 -2.846049 -3.828755 -0.010951 0.282707 0.415264 0.714732 1.215254 1.887155 2.677524 0.921934 3.233667 3.041143 3.184398 1.654997 2.030033 4.798818
-2.675675 -0.998019 -0.000437 0.213322 0.238489 0.030624 0.158915 0.318084 0.213617 0.014726 -0.000731 0.092737 0.125367 0.019861 -1.912932 -1.492669 -0.500225 -0.436067 -0.494442 -0.573022 -0.550388 -1.259216 -1.511968 -1.923780 -2.400812 -4.188735 0.157362 0.253222 0.350548 0.805113 1.373857 1.013683 1.746670 2.528488 2.494551 2.375143 1.416744 0.598617 0.173971 -0.018973 -0.642403 -1.789321 -1.987733 -2.227597 -2.335533 -1.696698 -0.021026 -2.752650 -0.924269 -0.651503 -0.011176 0.064050 0.372672 0.958164 1.536003 0.445821 1.369341 1.683258 3.904552 3.851379 4.267750 2.387209 2.767959
-0.861891 -0.812451 -0.001555 0.154230 0.090143 0.015918 0.022570 0.091806 -0.003481 -1.536381 -0.844363 -0.984610 -1.494665 -4.405086 -2.357748 -1.639766 -1.284456 -0.444856 -5.449400 0.333108 0.201686 0.013585 -0.877574 -0.814949 -1.530261 0.130739 0.423021 0.561219 0.659660 0.835212 0.120395 0.879286 1.633145 2.375165 2.398780 1.803297 0.931656 0.489987 -0.011515 -0.110431 -0.939667 -1.896822 -2.551643 -2.808559 -2.640637 -1.566412 -4.353897 -4.726997 -4.804756 -0.011073 -0.012455 0.035810 0.191294 0.332636 0.678458 0.253544 0.804485 1.593253 2.115398 4.137691 4.651750 2.737034 3.055731
-0.716329 -0.666993 -0.793735 0.114770 0.090312 -0.004676 -3.450325 -1.557158 -1.055044 -0.845787 -0.728355 -0.670558 -0.720095 -0.736163 -1.068884 -1.577819 -1.453223 -0.472535 -0.163659 0.038780 0.514158 0.767611 0.880502 0.620422 0.560377 0.642769 0.719539 0.751333 0.003385 1.060385 1.098355 0.759853 1.516362 2.953392 3.051741 1.746325 0.813086 0.491629 0.074036 -0.017618 -0.010439 -0.026828 -1.008444 -2.574339 -4.075867 -4.411467 -0.002802 -0.006543 -0.009449 -0.006396 -0.006233 -0.004423 0.052598 0.014038 0.162876 0.327822 0.767459 1.602321 2.855583 2.434470 2.784602 3.022489 3.307057
