geotop_simulations/templates/TEST_Venosta_3D_034_template/rec/SoilPressure0000L0006.asc
ncols         252
nrows         194
xllcorner     598250.000000
yllcorner     5144500.000000
cellsize      250.000000
NODATA_value  -9999.0
[rows 96 to 119 of 194, columns 55 to 109 of 252]
-1135.629829 -1152.898262 -1136.706544 -1202.140964 -1290.899748 -1321.387924 -1343.180520 -1364.219716 -1396.092783 -1425.315127 -1441.095799 -1284.735346 -1369.689542 -1375.582823 -1366.192373 -1360.947224 -1357.372477 -1351.995221 -1346.280811 -1356.901124 -1371.903815 -1374.878968 -1356.065735 -1355.601256 -1077.022025 -1089.093597 -1092.759589 -1413.423891 -1422.848816 -1430.327491 -1003.461850 2329.673998 -699.818731 -760.302644 -728.737080 -706.837615 -918.199743 -1443.903324 -1112.890601 -1108.999736 -1411.127796 -1426.694413 -1390.801041 -1335.439607 -1256.965557 -1172.555722 -1091.346588 -996.169722 -939.370543 -895.523996 -866.191039 -823.177722 -938.985555 -1008.589862 -1018.288524
-1049.341419 -1179.696527 -1187.619736 -1224.266541 -1282.866683 -1333.985392 -1356.873630 -1377.624545 -1401.805079 -468.063668 2191.931628 -487.182152 -1106.999834 -1289.928183 -1279.789445 -1278.342535 -1298.755746 -1308.398547 -1312.569302 -1315.007790 -1325.275609 -1346.174479 -1341.077252 -1333.230157 -1395.812088 -1417.732136 -1422.718962 -1444.605512 -1414.146002 -1429.471159 -1413.948715 2372.110020 1048.729045 -800.266267 -792.799655 -788.779006 -1444.015736 -1440.257250 -1111.701133 -1106.200209 -1100.227733 -1389.775863 -1388.019585 -1344.903011 -1281.086150 -1204.739431 -1106.699208 -1006.278151 -962.907950 -914.357152 -865.608760 -992.002911 -1037.687381 -1038.762526 -1013.572550
-1046.620250 -1049.822514 -1103.641031 -1107.855898 -1124.290800 -1147.557428 -1337.176517 -1345.053460 -387.103778 3087.089924 -1044.389198 -1077.134177 -1186.938915 -1170.066898 -1167.137420 -1183.771980 -1205.023507 -1211.897111 -1220.569272 -1226.659148 -1254.429088 -1292.633838 -1301.738368 -1318.273142 -1379.414803 -1388.128312 -1394.933328 -1414.405132 -1445.478575 -1478.778108 -1441.200373 218.557532 1015.021192 -851.854810 -841.699327 -859.116908 -1439.987606 -1436.177223 -1109.451966 -1104.067251 -1099.138901 -1091.531662 -1384.340091 -1341.979240 -1279.320615 -1207.318439 -1118.479804 -1044.222773 -1018.511984 -1047.428119 -1033.494117 -1037.945313 -1055.015743 -925.131219 -1016.374626
-1046.490431 -1106.735063 -1104.683886 -1110.379712 -1134.643358 -1151.801090 -1335.001089 -391.291475 1174.424270 -1041.028100 -1067.828584 -1129.432357 -1095.367032 -1082.758913 -1089.686551 -1089.280487 -1067.274055 -1072.544351 -1090.614744 -1165.057756 -1220.980862 -1260.457457 -1268.575584 -1305.104809 -1337.026207 -1363.036816 -1387.017690 -1418.510061 -1438.212278 -1465.658062 -1496.591510 -1435.684609 1193.483048 707.852791 -869.660927 -932.868253 -1438.017486 -1433.974387 -1485.322967 -1471.021748 -1403.464634 -1090.361318 -1180.226265 -1337.230680 -1279.165840 -1217.943244 -1136.064799 -1066.912268 -1034.934544 -993.335208 -955.210149 -1050.831817 -960.770321 -937.817388 -950.968210
-1051.033140 -1110.680136 -1106.024403 -1120.271671 -1139.927668 -1323.138195 -398.395962 -345.604732 -1221.255436 -945.294758 -1093.974604 -1071.262227 -1040.411025 -1010.703150 -1003.879772 -1006.105959 -1007.817428 -1045.497952 -1115.881124 -1161.956577 -1174.905031 -1203.883936 -1234.670792 -1254.467677 -1295.701612 -1352.344126 -1378.156363 -1419.196743 -1442.689076 -1459.123813 -1486.517689 -1442.960629 806.737543 2099.226502 825.639256 -760.873298 -1205.230188 -1488.804826 -1483.107747 -1468.326402 -1399.855909 -1090.283044 -1180.243278 -1337.559540 -1288.596027 -1230.716739 -1169.974040 -1107.930356 -1048.505437 -1026.760884 -1000.014360 -991.550580 -995.702181 -1046.121932 -974.442395
-1243.424135 -1054.417583 -1110.340934 -1121.444846 -1129.706979 7428.184326 -332.171965 -1006.529707 -1028.042148 -1043.265478 -1024.342351 -1035.460560 -1039.431057 -1011.047919 -958.207536 -933.381713 -957.222772 -1051.344270 -1082.860197 -1077.183862 -1097.857377 -1109.969897 -1147.477125 -1217.287438 -1295.842266 -1353.772031 -1385.563221 -1417.082066 -1440.510616 -1454.442238 -1479.468995 -1437.684535 201.645154 3562.534616 2283.356621 616.191355 -785.517346 -1487.063981 -1481.473917 -1102.454181 -1224.276922 -1387.064054 -1188.520714 -1349.253942 -1319.222070 -1252.074547 -1202.666170 -1152.321441 -1100.301047 -1052.988454 -1028.097862 -1032.885391 -1033.465666 -1024.540794 -1001.180202
-1241.348979 -1053.726118 -1050.921072 -1047.394062 3853.282786 -1149.838017 -975.662793 -1029.125511 -1036.238912 -1001.928813 -994.171680 -999.761466 -1006.235719 -995.310429 -973.685018 -989.160304 -986.384547 -1028.041859 -1049.386013 -1051.321379 -1037.300254 -1076.429642 -1142.997246 -1246.980581 -1323.936816 -1365.033246 -1398.902870 -1421.818387 -1438.745866 -1457.827180 -1475.443909 -1436.189024 -1184.671527 4106.637596 3296.977522 2164.205112 1599.754033 -652.241064 -1480.068588 -1102.750335 -1097.238760 -1392.559984 -1378.398775 -1176.313263 -1333.615799 -1304.573773 -1230.929242 -1191.831740 -1149.417257 -1110.549805 -1091.359350 -1078.991504 -1064.191542 -1060.828107 -1052.230541
-1107.197668 -815.535164 -814.286107 1860.583813 -488.524855 -944.067661 -871.270814 -1017.461475 -1009.895782 -1005.952720 -1000.827362 -960.292716 -919.464336 -998.209001 -1032.473147 -1038.721546 -1025.336636 -1027.078925 -1038.561905 -1056.058105 -1078.296554 -1143.904462 -1198.586862 -1265.185220 -1358.625852 -1405.419079 -1425.091005 -1436.552944 -1442.140313 -1455.523638 -1471.074194 -1492.475696 -1435.609129 4388.546206 4211.026543 3541.572442 3583.741258 2716.386061 -1104.853120 -1103.298812 -1098.504034 -1219.023102 -1383.749895 -1182.063020 -1165.349369 -1146.843198 -1295.142809 -1062.149412 -1200.917575 -1169.350128 -1144.388229 -1130.637713 -1111.266840 -1095.079655 -1091.852355
-1049.011359 -812.426116 288.444404 -418.040606 -942.556822 -842.120927 -955.533972 -947.750431 -963.883210 -967.809463 -955.286995 -924.066447 -907.728136 -976.231967 -1036.136062 -1054.726981 -1073.273406 -1079.619614 -1077.851697 -1081.610294 -1132.418749 -1181.613888 -1206.570593 -1260.415616 -1349.690488 -1385.277101 -1424.987407 -1441.071137 -1444.342186 -1395.974858 -1464.662921 -1490.772174 -1443.461451 2889.060482 4464.927989 4702.800050 5314.218131 5324.433600 822.054679 -1471.983869 -1100.828381 -1097.083990 -1209.585961 -1372.032970 -1174.328126 -1340.075351 -1317.083459 -1299.004675 -1064.003892 -1060.055938 -1198.002354 -1181.998756 -1051.320720 -1043.847045 -1125.225976
-1004.752134 -423.754070 -429.507975 -958.166198 -842.310887 -932.301141 -926.367518 -938.046888 -953.444194 -936.185688 -910.558702 -895.401622 -952.744681 -1008.446266 -1043.067226 -1056.332408 -1088.162375 -1099.101637 -1097.754755 -1090.278664 -1092.409715 -1161.257597 -1176.043971 -1222.215213 -1293.498848 -1345.648586 -1402.315542 -1424.206756 -1473.303574 -1467.115693 -1471.621810 -1487.454734 -1445.743911 -425.229449 3828.871044 4817.103707 5597.512425 5741.393099 4254.931778 -1356.694175 -1464.681954 -1099.092113 -1216.986172 -1200.359200 -1183.518362 -1168.629884 -1154.864874 -1144.192045 -1069.570236 -1066.195916 -1247.521853 -1063.654981 -1060.867541 -1049.196690 -1042.680097
-415.092945 -432.574347 -948.277007 -878.148182 -964.373101 -933.061898 -917.894220 -913.288204 -915.568641 -966.054366 -878.970755 -948.988245 -989.778483 -1044.884321 -1044.559077 -1051.026457 -1075.780414 -1089.571877 -1091.758509 -1079.421688 -1074.020228 -1106.276280 -1127.090172 -1184.432226 -1259.992184 -1305.032731 -1343.564337 -1378.123829 -1409.831192 -1100.252733 -1094.597528 -1099.723405 -1490.844860 -1115.423476 1098.857462 3446.182108 4813.649892 5368.956119 5601.984772 3075.204139 -1371.546628 -1409.726613 -1097.845311 -1093.182727 -1196.368970 -1182.059194 -1167.373617 -1157.529374 -1148.855123 -1141.152023 -1136.035611 -1131.336296 -1128.487106 -1055.460579 -1047.756630
-430.385443 -968.201443 -847.295457 -925.270695 -901.609715 -867.917889 -850.968493 -828.757575 -810.523628 -835.046464 -935.694275 -978.365456 -1016.178119 -1035.329199 -1014.281982 -1032.714943 -1059.755799 -1076.090462 -1085.148485 -1087.943398 -1100.554216 -1132.020223 -1161.753690 -1224.529697 -1295.980395 -1341.630963 -1084.030787 -1091.730214 -1095.378741 -1097.855189 -1457.032798 -1472.209722 -891.742095 -896.989617 -897.741060 576.223962 3057.742800 4062.639521 4918.208527 4823.982681 2043.833770 -1408.356581 -1405.452154 -1399.553776 -1093.045937 -1408.314555 -1386.975814 -1170.096231 -1162.254648 -1154.983882 -1148.246761 -1144.389932 -1140.858151 -1124.710381 -1114.936988
-960.872244 -983.089119 -911.617726 -875.060067 -869.296376 -848.348442 -824.299605 -814.754426 -820.456857 -839.818849 -863.825445 -985.730222 -987.575484 -977.935078 -998.067677 -1041.171401 -1060.965318 -1070.223236 -1082.814172 -1095.511513 -1100.590255 -1171.427600 -1203.309776 -1270.532082 -1342.648350 -1382.701837 -1092.855356 -1099.240625 -1100.085743 -1098.350383 -1460.396765 -1477.430422 -885.340356 -1482.373725 -1428.848605 -1492.613095 1356.386541 2908.072775 4014.776646 4505.368046 3672.174437 1337.587443 -863.912055 -1450.849273 -866.630966 -856.961915 -1413.993373 -1394.905685 -1378.426372 -1168.022483 -1162.658526 -1159.231451 -1152.061202 -1139.721099 -1314.108085
-887.219272 -947.735353 -913.521076 -898.990494 -894.427184 -926.383121 -900.738735 -901.920070 -853.968390 -815.696805 -822.030269 -953.277614 -963.509393 -1037.214549 -1063.615142 -1052.751546 -1058.627141 -1062.883258 -1077.777707 -1090.176086 -1100.042891 -1106.583808 -1228.206727 -1283.748294 -1343.836551 -1088.041140 -1089.247403 -1095.139653 -1100.062796 -1445.939407 -1445.314038 -1455.901648 -1459.722385 -1465.610934 -1477.942434 -1482.887164 797.127789 1998.840948 2452.737625 2260.448663 1638.714175 1453.565332 581.479970 -549.418401 -897.582443 -868.490814 -864.383746 -1384.448258 -1089.529600 -1397.466266 -1178.511636 -1175.432272 -1167.424215 -1159.413962 -1361.160375
-850.613344 -915.338206 -912.692227 -897.757605 -874.330480 -971.565904 -918.724122 -926.163925 -896.453498 -1003.373015 -998.421260 -973.376859 -1005.795955 -1068.554061 -1065.665436 -1061.362701 -1058.572427 -1064.715239 -1083.282059 -1152.816369 -1194.592687 -1220.494233 -1256.146159 -1298.541231 -1080.880333 -1085.539840 -1086.401701 -1092.156095 -1431.257128 -1411.257816 -1405.750126 -1426.175100 -1400.896142 -1405.340361 -1418.074209 -1425.733251 -21.153230 896.369505 378.829037 -305.088557 -150.255963 442.164152 1551.857611 4050.293288 5491.416895 5462.899626 2342.689464 231.952200 1096.953864 1276.513896 768.562622 1909.814880 8215.862766 14685.848396 10375.860523
-936.743094 -889.248916 -849.183653 -840.525623 -831.400920 -811.151810 -818.417358 -913.139226 -908.584171 -1016.181323 -1024.324617 -1011.787118 -1057.912639 -1067.852625 -1063.266625 -1064.703090 -1063.233714 -1048.545516 -1032.001511 -1030.241000 -1081.651248 -1145.839305 -1190.697336 -1039.434560 -1048.269383 -1058.067058 -1301.164964 -1358.950039 -1348.210463 -1365.299386 -1388.251597 -1407.736583 -1430.759758 -1444.663024 -1463.772961 -1481.955058 -1442.990677 -902.679185 -918.085544 -1093.646890 -1068.979006 -646.524308 1232.010518 4390.919597 7597.875250 10555.543096 12584.916073 12283.839222 6105.247213 5563.194705 16869.144112 28409.491580 41706.818995 44819.444580 21398.904678
-923.171679 -876.257115 -814.794933 -755.170274 -748.320751 -758.242460 -758.941776 -812.328126 -907.831943 -964.474430 -987.661194 -1011.986814 -1055.340010 -1057.191614 -1052.093496 -1058.555690 -1059.297019 -1008.057932 -918.011440 -949.687343 -984.262409 -1040.363890 -1101.292662 -1142.581128 -1171.737327 -1177.554368 -1195.846502 -1307.430503 -1320.738947 -1340.069705 -1362.032751 -1381.597060 -1399.043035 -1416.222279 -1444.347630 -1474.998147 -1444.220143 -930.980793 -893.351324 -1010.610792 -642.271343 -639.403901 1240.614210 4961.813103 8710.188109 11676.441637 13972.389856 14994.684286 15160.531663 14769.748672 7337.778350 32871.996468 52793.715169 69704.437782 42183.957000
-834.938098 -875.798742 -834.653845 -775.079318 -721.042346 -707.433141 -714.148176 -785.169021 -792.042996 -898.879890 -931.830453 -990.620450 -1032.852306 -1031.560379 -1038.731904 -990.611574 -979.927633 -901.283369 -941.262483 -985.924819 -1022.990457 -1077.307640 -1112.481894 -1145.308827 -1145.366012 -1171.723101 -1270.463797 -1273.467669 -1292.365759 -1313.710522 -1336.536618 -1357.999585 -1379.966914 -1404.219424 -1428.445977 -1404.602467 -1427.155243 -885.098784 -878.830136 -929.066358 -611.836899 -621.618208 963.622759 5666.352181 9931.573621 12818.276903 14865.580494 16080.153096 17159.195981 17678.859769 18327.152696 22198.446404 18609.770273 40513.848082 38859.937352
-866.556684 -864.619488 -839.453565 -790.422169 -726.314040 -675.149324 -726.613080 -761.837695 -790.477704 -835.405594 -901.341770 -1010.590096 -1023.574348 -1032.652570 -974.200895 -969.858976 -937.267327 -906.256252 -953.183087 -976.410985 -1019.572486 -1066.432340 -1083.779450 -1101.733561 -1126.273596 -1238.068205 -1233.639109 -1249.314068 -1281.059304 -1309.550844 -1336.278830 -1349.432699 -1368.217803 -1397.399232 -1427.756888 -1398.947404 -1420.294802 -1425.735612 -572.957711 -587.559858 -594.144313 -599.488448 1243.843101 6356.080486 11797.685133 13529.873028 15364.028655 16498.431197 19617.140625 18823.062957 18584.800065 15977.212930 22419.043544 29770.883821 32479.036680
-863.647222 -831.547718 -819.813969 -778.885192 -784.226529 -741.483145 -706.191624 -759.623008 -734.250946 -730.895603 -900.942093 -975.778702 -983.835409 -968.007080 -959.035256 -923.302536 -909.768507 -1017.579811 -1030.673034 -972.287716 -1001.079906 -1027.749629 -1051.562783 -1094.650454 -1161.057558 -1225.318842 -1222.139692 -1255.062920 -1274.512187 -1301.902613 -1334.480702 -1357.795369 -1376.408436 -1396.989531 -1430.828348 -1403.168748 -1419.049135 -1436.117442 -792.833286 -578.988577 -598.657484 -611.748031 200.706290 4028.168549 9691.695456 10429.002526 13950.390562 19381.673332 26048.383200 18325.399916 18758.600032 16876.229172 17244.341556 20023.225842 22973.340406
-876.805084 -839.733876 -791.905110 -815.681175 -760.873864 -770.788939 -691.640507 -630.164083 -614.369907 -709.418913 -650.428527 -662.770150 -927.450435 -911.412220 -903.419616 -917.862046 -995.268031 -1015.735367 -1029.079386 -965.233676 -976.610397 -1009.807240 -1061.607409 -1133.024077 -1197.612461 -1249.497860 -1259.268333 -1284.775459 -1290.787994 -1320.315461 -1355.600737 -1382.344112 -1402.388406 -1418.143927 -1221.610278 -1408.431164 -1422.257368 -1434.252381 -759.182695 -567.281993 -611.184306 -881.465399 -212.056574 2925.306566 6888.410936 9044.147955 9504.385265 10600.057426 12233.738805 10600.436152 10337.575895 7977.355476 7019.761605 7429.001991 6212.581957
-842.405201 -833.333475 -892.365770 -839.737318 -750.360946 -823.953333 -787.993932 -622.331672 -657.081823 -646.127396 -646.557336 -651.974750 -853.224597 -873.411613 -876.464388 -943.309135 -992.232779 -1011.518272 -1013.946258 -963.866859 -991.811972 -1033.001824 -1106.340859 -1201.143847 -1268.738709 -1318.843648 -1319.678279 -1323.777886 -1324.434083 -1354.737861 -1383.250664 -1398.790306 -1405.505233 -1427.400322 -1236.578440 -1414.078411 -1480.923089 -1437.217634 -898.209533 -1433.459709 -1114.954878 -1092.445165 -1093.899647 -1094.767841 -152.161013 -153.111101 -1045.668300 -1072.995407 -1077.560340 -1077.487394 -231.755649 243.451372 258.816762 307.505394 204.171591
-883.204981 -878.612091 -803.068816 -837.165322 -798.032047 -924.061862 -915.092474 -696.175570 -698.967008 -706.940229 -698.981923 -698.996717 -905.050630 -856.607206 -913.814709 -988.677727 -988.732838 -994.020227 -988.385847 -1019.729874 -1034.454266 -1068.293960 -1135.116811 -1233.751272 -1291.741510 -1320.224108 -1090.857269 -1352.518543 -1346.945018 -1355.338934 -1387.658547 -1404.102283 -1191.176150 -1440.134348 -1459.952684 -1474.809983 -1483.819593 -1481.294811 -1419.284214 -1425.483167 -1490.889846 -1087.807863 -1087.428466 -1380.446371 -1084.656133 -1352.290182 -1317.065528 -1288.136851 -1308.273174 -1327.482722 -1328.284353 -1331.913247 -1326.479930 -1339.218903 -1307.220721
-791.069304 -794.369718 -792.524309 -855.878030 -893.687551 -911.060797 -875.788489 -921.927923 -710.544399 -715.783125 -715.490442 -721.039928 -1032.098883 -1002.340154 -959.228964 -977.772593 -988.975429 -1006.345228 -1039.416080 -1063.557911 -1084.659412 -1097.229175 -1178.997092 -1244.968176 -1307.153495 -1084.397539 -1085.377460 -1091.697632 -1183.046727 -1173.576041 -1190.894683 -1197.446219 -1426.633980 -1453.829736 -1471.545270 -1475.779433 -1468.565711 -1404.577206 -1406.132246 -1478.186024 -1433.075100 -1395.935621 -1073.510870 -1337.389901 -1329.977797 -1299.069263 -1257.742804 -1229.755183 -1250.452432 -1292.718053 -1290.910076 -1287.004262 -1270.705055 -1298.154456 -1303.252736
