geotop_simulations/templates/TEST_Venosta_3D_034_template/rec/SoilIceContent0000L0001.old.asc
ncols         252
nrows         194
xllcorner     598250.000000
yllcorner     5144500.000000
cellsize      250.000000
NODATA_value  -9999.0
[rows 84 to 111 of 194, columns 126 to 188 of 252]
0.479532 0.399504 0.307225 0.223221 0.210318 0.381431 0.479593 0.462834 0.279921 0.196003 0.208449 0.186627 0.170419 0.242612 0.145435 0.112122 0.045090 0.000000 0.000000 0.039736 0.019528 0.000000 0.000000 0.000000 0.000000 0.020989 0.040170 0.015976 0.045717 0.089539 0.153560 0.220343 0.449651 0.479605 0.451930 0.422136 0.247417 0.210744 0.267588 0.388337 0.460739 0.479452 0.349975 0.200354 0.074713 0.045890 0.038024 0.012877 0.000000 0.000000 0.000000 0.000000 0.000000 0.000000 0.000000 0.000000 0.015559 0.096580 0.136534 0.007967 0.000000 0.000000 0.102361
0.142393 0.145608 0.150064 0.142995 0.163379 0.250255 0.406014 0.318736 0.221838 0.185878 0.155033 0.125853 0.096091 0.171619 0.086488 0.060750 0.018266 0.000000 0.000000 0.044186 0.022721 0.000000 0.000000 0.000000 0.000000 0.014281 0.040070 0.079828 0.039492 0.102026 0.137532 0.211440 0.439230 0.478167 0.202601 0.231022 0.279899 0.421472 0.479969 0.479923 0.479916 0.479413 0.196813 0.041230 0.028583 0.028970 0.032413 0.004468 0.000000 0.000000 0.000000 0.000000 0.000000 0.000000 0.000000 0.007239 0.044399 0.000618 0.021861 0.036457 0.039087 0.045654 0.214529
0.065440 0.065440 0.077015 0.098187 0.139741 0.191779 0.258507 0.263124 0.244874 0.203573 0.154974 0.112031 0.086797 0.075596 0.046461 0.024883 0.000000 0.000000 0.000000 0.021994 0.007942 0.000000 0.000000 0.000000 0.000000 0.001211 0.041155 0.070592 0.030685 0.098107 0.120754 0.216265 0.405581 0.346555 0.158180 0.148631 0.227444 0.317381 0.479595 0.420488 0.201798 0.119596 0.060321 0.047431 0.032826 0.026753 0.003538 0.000000 0.000000 0.000000 0.000000 0.000000 0.000000 0.071462 0.112452 0.000000 0.116983 0.015546 0.068848 0.140227 0.158312 0.123572 0.080225
0.016560 0.013806 0.034876 0.272795 0.115762 0.153358 0.222777 0.297915 0.241686 0.159496 0.117886 0.075582 0.041449 0.027846 0.020219 0.001422 0.000000 0.050128 0.027392 0.004864 0.039221 0.022063 0.000000 0.000000 0.000000 0.000000 0.049359 0.088586 0.252394 0.215535 0.124648 0.226954 0.320274 0.228018 0.117761 0.163395 0.237338 0.264206 0.279787 0.204995 0.161361 0.082367 0.055105 0.060583 0.036244 0.013217 0.000000 0.000000 0.027896 0.011938 0.005646 0.025102 0.086684 0.147685 0.000000 0.012835 0.041307 0.092983 0.178413 0.204353 0.173039 0.113241 0.067819
0.002698 0.027739 0.259353 0.265940 0.214488 0.198901 0.295257 0.385925 0.215645 0.139844 0.107771 0.059910 0.028413 0.009037 0.000954 0.000000 0.113681 0.045393 0.087675 0.071895 0.083446 0.000000 0.000000 0.000000 0.000000 0.000000 0.063218 0.131485 0.239400 0.210913 0.117939 0.162743 0.191573 0.154218 0.156230 0.221590 0.287299 0.368759 0.432201 0.316572 0.224123 0.191399 0.089759 0.064217 0.032013 0.004962 0.000000 0.070785 0.073862 0.108697 0.000000 0.000000 0.171691 0.000000 0.000227 0.019499 0.059148 0.143092 0.263397 0.260028 0.168438 0.116861 0.082930
0.000684 0.243378 0.248772 0.187784 0.176013 0.194618 0.176277 0.183454 0.140943 0.139214 0.118956 0.061068 0.021531 0.000000 0.191679 0.168462 0.118494 0.133548 0.178499 0.164671 0.070983 0.000255 0.000000 0.000000 0.000000 0.000000 0.089519 0.180787 0.232013 0.220183 0.098252 0.120722 0.149743 0.164423 0.180058 0.280516 0.461890 0.479597 0.479640 0.260527 0.183644 0.178356 0.123129 0.060976 0.032853 0.010761 0.000000 0.127982 0.160647 0.003466 0.009833 0.011718 0.005382 0.256617 0.019054 0.042949 0.086200 0.161170 0.275320 0.292527 0.262372 0.208471 0.116518
0.170680 0.240311 0.209478 0.240783 0.292190 0.293941 0.066463 0.089616 0.085457 0.080235 0.067633 0.038812 0.006463 0.211492 0.208121 0.216602 0.230457 0.206287 0.075822 0.124252 0.090785 0.009095 0.000000 0.000000 0.000000 0.045809 0.203077 0.262040 0.271645 0.331112 0.379498 0.132794 0.168026 0.205706 0.264865 0.477770 0.479850 0.479740 0.319361 0.221961 0.176750 0.162617 0.135459 0.092138 0.067598 0.038484 0.007920 0.000611 0.009273 0.028035 0.056860 0.077879 0.074795 0.210816 0.221683 0.113665 0.158477 0.209643 0.261486 0.258134 0.231282 0.234447 0.138540
0.138442 0.199929 0.197674 0.197860 0.016813 0.012712 0.009685 0.005541 0.016362 0.031797 0.021819 0.018015 0.013229 0.247171 0.243601 0.195761 0.087075 0.083379 0.225504 0.164201 0.097225 0.021925 0.000000 0.000000 0.000000 0.060733 0.118612 0.260345 0.206010 0.249493 0.257264 0.315097 0.239902 0.387690 0.479849 0.479871 0.479850 0.479987 0.238925 0.237463 0.202297 0.180550 0.162047 0.130875 0.091488 0.051704 0.027856 0.023030 0.039287 0.061363 0.096365 0.116539 0.132856 0.184323 0.227768 0.283170 0.375373 0.449510 0.263665 0.180978 0.200422 0.194317 0.149400
0.117211 0.120871 0.000000 0.000000 0.156059 0.163506 0.189354 0.147696 0.000000 0.132295 0.008478 0.020310 0.072151 0.156556 0.146808 0.148072 0.142227 0.163595 0.250067 0.005671 0.114091 0.047252 0.008130 0.000000 0.000000 0.040208 0.122996 0.261156 0.214038 0.183493 0.213542 0.212508 0.293746 0.479970 0.479861 0.479766 0.479962 0.380145 0.284131 0.274141 0.227641 0.204808 0.169916 0.126688 0.091361 0.066997 0.072898 0.098376 0.103265 0.110794 0.133219 0.147086 0.188374 0.278424 0.368234 0.297295 0.234589 0.217489 0.145762 0.105045 0.141527 0.167590 0.119640
0.044563 0.030152 0.000000 0.048706 0.062389 0.058292 0.074885 0.041063 0.093478 0.145072 0.142857 0.180099 0.129748 0.161972 0.164347 0.194127 0.193979 0.126213 0.048364 0.000000 0.123926 0.067551 0.030627 0.000000 0.000000 0.038529 0.123152 0.132358 0.219351 0.197648 0.214677 0.159110 0.209939 0.411747 0.479584 0.479989 0.377414 0.261149 0.224437 0.201881 0.174588 0.166177 0.144087 0.128136 0.131217 0.142673 0.185908 0.201851 0.163990 0.152213 0.168235 0.189727 0.266344 0.285224 0.193460 0.126943 0.123479 0.128348 0.093425 0.052076 0.040049 0.082487 0.090804
0.000000 0.009013 0.012296 0.008122 0.005201 0.021920 0.036093 0.007864 0.033724 0.123918 0.141072 0.231634 0.234773 0.111168 0.145338 0.189812 0.171647 0.099596 0.038340 0.171710 0.129332 0.060573 0.029792 0.000000 0.000000 0.039021 0.122325 0.112479 0.157707 0.220627 0.249306 0.299271 0.171703 0.252829 0.399274 0.320234 0.214853 0.163241 0.147978 0.156123 0.128516 0.117744 0.128107 0.120878 0.277267 0.127784 0.091847 0.115221 0.153116 0.196964 0.248030 0.359792 0.396963 0.257790 0.143125 0.100834 0.070340 0.049554 0.025396 0.008180 0.245225 0.269737 0.266442
0.000000 0.000000 0.000000 0.000000 0.000000 0.000055 0.005910 0.000000 0.020770 0.116990 0.168970 0.227676 0.048917 0.050395 0.084685 0.134619 0.120185 0.078400 0.036529 0.209516 0.130862 0.080196 0.039522 0.000000 0.000000 0.016372 0.064576 0.111873 0.257294 0.272439 0.267218 0.287832 0.466743 0.479707 0.479874 0.199747 0.117939 0.311025 0.319326 0.319212 0.093981 0.062782 0.299177 0.278251 0.262821 0.229327 0.181735 0.219257 0.291590 0.261672 0.199295 0.258642 0.379709 0.230870 0.115468 0.069456 0.266767 0.014241 0.231117 0.219305 0.217285 0.217213 0.238586
0.000000 0.000000 0.000000 0.000000 0.000000 0.000000 0.000000 0.000000 0.025222 0.109377 0.134035 0.177646 0.012114 0.018698 0.041392 0.087738 0.078056 0.037963 0.016363 0.193679 0.125432 0.096164 0.037371 0.000000 0.000000 0.000000 0.078003 0.131080 0.222827 0.264607 0.255590 0.281360 0.457774 0.479537 0.479618 0.119559 0.280032 0.306186 0.308423 0.299183 0.299997 0.278176 0.279140 0.276918 0.245315 0.220128 0.198810 0.226956 0.281885 0.268685 0.279813 0.263096 0.194728 0.154254 0.069433 0.239131 0.228067 0.215444 0.159954 0.141981 0.126824 0.121388 0.180673
0.000000 0.000000 0.000000 0.000000 0.000000 0.000000 0.000000 0.000000 0.000000 0.103152 0.147389 0.000000 0.144831 0.199140 0.205078 0.248534 0.019598 0.221422 0.213416 0.194492 0.119074 0.092840 0.022872 0.000000 0.000000 0.000000 0.043845 0.158783 0.209654 0.245370 0.245943 0.308663 0.467273 0.478449 0.460831 0.064054 0.273467 0.312999 0.292191 0.282167 0.280653 0.223187 0.230600 0.218599 0.205412 0.180733 0.185427 0.199649 0.235386 0.283401 0.266640 0.279263 0.121210 0.107627 0.246696 0.199427 0.194126 0.181067 0.119338 0.113042 0.092879 0.078216 0.081848
0.000000 0.000000 0.000000 0.000000 0.000000 0.000000 0.000000 0.000000 0.000000 0.035259 0.034943 0.052935 0.091830 0.168308 0.180294 0.190889 0.205734 0.204146 0.200532 0.189333 0.116931 0.082525 0.023974 0.011114 0.000000 0.000000 0.073492 0.155964 0.212346 0.356568 0.396050 0.475933 0.479578 0.346393 0.268044 0.022443 0.261127 0.271875 0.278487 0.281451 0.225050 0.144102 0.143076 0.145921 0.100883 0.102702 0.112848 0.144221 0.177007 0.210926 0.257898 0.260032 0.204985 0.191604 0.218666 0.139379 0.115810 0.086107 0.055676 0.072547 0.075873 0.060703 0.039557
0.000000 0.000000 0.000000 0.000000 0.000000 0.000000 0.000000 0.000000 0.000000 0.000000 0.013361 0.033331 0.059818 0.109491 0.080883 0.149714 0.140184 0.152190 0.178802 0.166643 0.137365 0.079281 0.028243 0.269523 0.000000 0.000000 0.087544 0.188335 0.390249 0.450284 0.471744 0.478273 0.479550 0.479437 0.240590 0.248929 0.232267 0.232313 0.145772 0.134407 0.165817 0.111095 0.087317 0.064909 0.044886 0.035394 0.023143 0.032031 0.103142 0.091167 0.163508 0.170118 0.167980 0.169322 0.141170 0.101168 0.077342 0.056127 0.012411 0.011581 0.030602 0.038152 0.025346
0.000000 0.000000 0.000000 0.000000 0.000000 0.000000 0.000000 0.000000 0.000000 0.000000 0.000899 0.013146 0.045829 0.053241 0.089210 0.096268 0.105206 0.113166 0.117208 0.147523 0.087288 0.107882 0.031634 0.303005 0.060936 0.053689 0.129456 0.070747 0.094288 0.467045 0.475480 0.479084 0.479552 0.161179 0.223207 0.221002 0.198777 0.187041 0.110170 0.113735 0.111809 0.097027 0.021876 0.000000 0.010613 0.001472 0.000000 0.000000 0.013440 0.047695 0.110266 0.141665 0.042629 0.056310 0.039623 0.064107 0.045969 0.025431 0.000000 0.000000 0.000000 0.000000 0.000000
0.000000 0.000000 0.000000 0.000000 0.000000 0.000000 0.000000 0.000000 0.000000 0.000000 0.000000 0.000401 0.015659 0.000000 0.033182 0.057618 0.079722 0.088800 0.089975 0.011481 0.021230 0.060149 0.021420 0.322208 0.082741 0.000000 0.034910 0.074779 0.127289 0.469715 0.476010 0.461864 0.387078 0.153943 0.249318 0.227413 0.164637 0.107749 0.065178 0.022965 0.040031 0.026898 0.005825 0.000000 0.000000 0.000000 0.000000 0.000000 0.000000 0.000000 0.011211 0.046384 0.006985 0.003959 0.006259 0.024243 0.019311 0.004711 0.000000 0.000000 0.000000 0.000000 0.000000
0.000000 0.000000 0.000000 0.000000 0.000000 0.000000 0.000000 0.000000 0.000000 0.000000 0.000000 0.000000 0.000000 0.000000 0.005451 0.019344 0.052350 0.066285 0.000000 0.003058 0.014447 0.015689 0.001947 0.000000 0.000000 0.099388 0.035933 0.072340 0.176190 0.359449 0.457854 0.314533 0.173285 0.149265 0.200587 0.246537 0.259990 0.073246 0.043838 0.000000 0.000000 0.000000 0.000000 0.034731 0.000000 0.000000 0.000000 0.000000 0.000000 0.000000 0.000000 0.000000 0.000000 0.000000 0.000000 0.000000 0.006496 0.000101 0.000000 0.000000 0.000000 0.000000 0.000000
0.000000 0.000000 0.000000 0.000000 0.000000 0.000000 0.000000 0.000000 0.000000 0.000000 0.000000 0.000000 0.000000 0.000000 0.000000 0.000000 0.000000 0.000000 0.000000 0.000000 0.007267 0.019875 0.004629 0.000000 0.000000 0.073928 0.121792 0.142168 0.159112 0.367888 0.456738 0.462897 0.175596 0.148576 0.187234 0.193964 0.181352 0.058211 0.008766 0.000000 0.000000 0.000000 0.000000 0.000000 0.000000 0.000000 0.000000 0.000000 0.000000 0.000000 0.000000 0.000000 0.000000 0.000000 0.000000 0.000000 0.000000 0.000085 0.000000 0.000000 0.000000 0.000000 0.000000
0.000000 0.000000 0.000000 0.000000 0.000000 0.000000 0.000000 0.000000 0.000000 0.000000 0.000000 0.000000 0.000000 0.000000 0.000000 0.000000 0.003583 0.015603 0.000000 0.000000 0.000250 0.000000 0.000998 0.000000 0.000000 0.000000 0.107956 0.262907 0.143531 0.178630 0.302351 0.289678 0.160650 0.152324 0.250043 0.134363 0.079359 0.048291 0.000000 0.000000 0.000000 0.000000 0.000000 0.000000 0.000000 0.000000 0.000000 0.000000 0.000000 0.000000 0.000000 0.000000 0.000000 0.000000 0.000000 0.000000 0.000000 0.000000 0.000000 0.000000 0.000000 0.000000 0.000000
0.000000 0.000000 0.000000 0.000000 0.000000 0.000000 0.000000 0.000000 0.000000 0.000000 0.000000 0.000000 0.000000 0.000000 0.000000 0.000000 0.000000 0.000000 0.015439 0.024976 0.000000 0.000000 0.000000 0.000000 0.000000 0.000000 0.093864 0.129008 0.311869 0.329352 0.147061 0.146560 0.146775 0.271834 0.164455 0.080121 0.031165 0.023041 0.000000 0.000000 0.000000 0.000000 0.000000 0.000000 0.000000 0.000000 0.000000 0.000000 0.000000 0.000000 0.000000 0.000000 0.000000 0.000000 0.000000 0.000000 0.000000 0.000000 0.000000 0.000000 0.000000 0.000000 0.000000
0.000000 0.000000 0.000000 0.000000 0.000000 0.000000 0.000000 0.000000 0.000000 0.000000 0.000000 0.000000 0.000000 0.000000 0.000000 0.000000 0.000000 0.000000 0.000000 0.000000 0.000000 0.024797 0.000000 0.000000 0.000000 0.000000 0.069100 0.102831 0.149469 0.225879 0.244970 0.240759 0.186707 0.113798 0.086427 0.026523 0.000848 0.000000 0.000000 0.000000 0.000000 0.000000 0.000000 0.000000 0.000000 0.000000 0.000000 0.000000 0.000000 0.000000 0.000000 0.000000 0.000000 0.000000 0.000000 0.000000 0.000000 0.000000 0.000000 0.000000 0.000000 0.000000 0.000000
0.000000 0.000000 0.000000 0.000000 0.000000 0.000000 0.000000 0.000000 0.000000 0.000000 0.000000 0.000000 0.000000 0.000000 0.000000 0.000000 0.000000 0.000000 0.000000 0.000000 0.000000 0.000703 0.012788 0.053044 0.070147 0.022841 0.053755 0.081712 0.106602 0.112187 0.106859 0.100715 0.075395 0.028812 0.011433 0.000000 0.000000 0.000000 0.000000 0.000000 0.000000 0.000000 0.000000 0.000000 0.000000 0.000000 0.000000 0.000000 0.000000 0.000000 0.000000 0.000000 0.000000 0.000000 0.000000 0.000000 0.000000 0.000000 0.000000 0.000000 0.000000 0.000000 0.000000
0.000000 0.000000 0.000000 0.000000 0.000000 0.000000 0.000000 0.000000 0.000000 0.000000 0.000000 0.000000 0.000000 0.000000 0.000000 0.000000 0.000000 0.000000 0.000000 0.000000 0.000000 0.000000 0.000000 0.005783 0.048107 0.005819 0.036338 0.058531 0.068737 0.067028 0.062321 0.054082 0.034112 0.000520 0.000000 0.000000 0.000000 0.000000 0.000000 0.000000 0.000000 0.000000 0.000000 0.000000 0.000000 0.000000 0.000000 0.000000 0.000000 0.000000 0.000000 0.000000 0.000000 0.000000 0.000000 0.000000 0.000000 0.000000 0.000000 0.000000 0.000000 0.000000 0.000000
0.000000 0.000000 0.000000 0.000000 0.000000 0.000000 0.000000 0.000000 0.000000 0.000000 0.000000 0.000000 0.000000 0.000000 0.000000 0.000000 0.000000 0.000000 0.000000 0.000000 0.000000 0.000000 0.000000 0.000483 0.000000 0.000000 0.000023 0.004990 0.010221 0.019616 0.008101 0.000063 0.000000 0.000000 0.000000 0.000000 0.000000 0.000000 0.000000 0.000000 0.000000 0.000000 0.000000 0.000000 0.000000 0.000000 0.000000 0.000000 0.000000 0.000000 0.000000 0.000000 0.000000 0.000000 0.000000 0.000000 0.000000 0.000000 0.000000 0.000000 0.000000 0.000000 0.000000
0.000000 0.000000 0.000000 0.000000 0.000000 0.000000 0.000000 0.000000 0.000000 0.000000 0.000000 0.000000 0.000000 0.000000 0.000000 0.000000 0.000000 0.000000 0.000000 0.000000 0.000000 0.000000 0.000000 0.000000 0.000000 0.000000 0.000000 0.000000 0.000000 0.000000 0.000000 0.000000 0.000000 0.000000 0.000000 0.000000 0.000000 0.000000 0.000000 0.000000 0.000000 0.000000 0.000000 0.000000 0.000000 0.000000 0.000000 0.000000 0.000000 0.000000 0.000000 0.000000 0.000000 0.000000 0.000000 0.000000 0.000000 0.000000 0.000000 0.000000 0.000000 0.000000 0.000000
0.000000 0.000000 0.000000 0.000000 0.000000 0.000000 0.000000 0.000000 0.000000 0.000000 0.000000 0.000000 0.000000 0.000000 0.000000 0.000000 0.000000 0.000000 0.000000 0.000000 0.000000 0.000000 0.000000 0.000000 0.000000 0.000000 0.000000 0.000000 0.000000 0.000000 0.000000 0.000000 0.000000 0.000000 0.000000 0.000000 0.000000 0.000000 0.000000 0.000000 0.000000 0.000000 0.000000 0.000000 0.000000 0.000000 0.000000 0.000000 0.000000 0.000000 0.000000 0.000000 0.000000 0.000000 0.000000 0.000000 0.000000 0.000000 0.000000 0.000000 0.000000 0.000000 0.000000
