geotop_simulations/templates/TEST_Venosta_3D_034_template/rec/SoilPressure0000L0008.asc
ncols         252
nrows         194
xllcorner     598250.000000
yllcorner     5144500.000000
cellsize      250.000000
NODATA_value  -9999.0
[rows 100 to 124 of 194, columns 168 to 223 of 252]
45.223835 60.697656 34.414872 -29.842362 -199.136122 -278.742334 -308.499982 -290.851045 -274.304719 -278.709596 -137.238285 -120.240934 -143.351849 -120.202110 -96.902800 -84.133255 -107.152358 -227.210009 -202.119371 -98.411598 -90.080029 -113.242404 -119.195095 -169.812696 -178.235751 -152.929524 -114.705990 -96.882054 -37.093919 25.387281 76.599619 119.733043 188.997386 185.161567 164.618290 153.578079 124.305243 90.015788 77.564578 94.230286 93.291332 -270.075334 683.689232 700.022900 136.071392 -111.215781 362.146065 21.163536 -167.199785 5996.752577 708.942366 16759.910752 17650.954471 17750.684179 20561.756131 20285.716692
-38.879762 44.316261 76.414891 -17.506778 -129.042341 -205.267953 -238.924722 -309.951769 -316.126008 -288.577943 -168.854047 -176.597580 -163.287225 -150.790586 -133.032983 -119.870300 -122.193582 -157.117633 -161.847025 -142.112246 -130.139047 -127.780644 -142.624526 -200.324099 -216.313647 -192.100609 -151.848238 -123.379198 -90.435692 -34.273265 42.086607 101.366285 165.978819 182.125851 173.348501 178.683658 173.197856 158.139361 158.613229 170.475072 224.000352 746.448057 416.038732 -320.261728 -347.657608 -375.688700 -424.647432 -421.791072 -433.666011 -408.188688 -378.673144 11649.069444 12887.946080 15623.796818 12226.807809 14342.900484
-104.979749 -2.346107 44.271640 -176.337501 -163.429726 -168.596434 -217.212225 -192.311260 -190.846749 -171.299153 -189.921669 -212.932944 -191.935563 -176.161446 -144.465894 -123.756276 -121.625399 -169.228528 -197.922908 -180.671806 -143.453869 -144.173616 -172.393102 -220.014952 -249.498256 -229.685074 -214.523638 -177.541579 -102.971494 -64.425930 -75.328190 73.014845 151.460363 179.225585 191.615695 200.347749 249.749209 1221.013411 1510.489474 3288.836095 6043.758008 7967.834603 6345.637070 811.111591 -267.010646 -298.465652 -157.094267 -243.929356 750.186810 -412.482638 -380.005702 -353.848936 3706.206161 3667.692119 353.301523 693.520116
-203.142268 -73.958751 -146.424923 -193.045956 -190.204787 -183.423231 -219.119942 -205.988869 -199.108710 -220.374981 -232.770586 -236.842626 -225.256950 -208.420106 -178.219315 -135.764355 -113.328274 -149.293269 -193.737146 -180.913640 -168.713852 -173.388172 -189.416024 -231.941397 -259.679235 -317.589865 -277.543517 -220.757821 -175.193703 -136.033911 -99.307405 46.657235 132.772345 164.834605 186.831437 8762.905299 19725.801945 23274.735937 20143.480364 11113.534786 8496.850167 3266.731486 738.180852 645.574510 -239.433206 -251.579270 -136.462963 -192.597247 -337.073286 -440.698172 -419.696117 -368.428472 727.985892 121.129343 724.597174 707.565639
-240.865066 -155.335054 -235.918426 -209.863253 -209.695907 -205.968123 -185.314789 -242.081358 -248.466902 -258.295881 -263.792880 -274.784373 -289.310780 -261.188776 -237.954539 -213.600677 -177.566902 -179.040427 -207.148511 -242.331620 -199.797802 -211.385635 -226.197027 -242.684809 -257.992367 -369.290750 -335.126273 -293.616805 -231.305652 -176.168430 -55.889166 9.548924 93.544186 139.849064 8144.114233 19936.230484 25062.730064 29306.423064 19683.309305 12162.985442 900.333383 338.532418 745.905818 685.058694 -205.500993 -232.876283 -144.102525 -211.256406 -319.996576 -416.349558 -415.626911 -315.367822 307.531985 526.214422 704.430874 687.749844
-271.538542 -239.467332 -284.203309 -276.406706 -248.983813 -198.803283 -215.404457 -235.788753 -246.833302 -249.831992 -282.558411 -295.864290 -284.426726 -284.603515 -275.777950 -285.071321 -228.627520 -209.530615 -207.099555 -209.320157 -294.474159 -327.363413 -272.413166 -260.160958 -259.307768 -394.226840 -386.356331 -342.648846 -292.435392 -154.506497 -85.278832 -16.660212 870.205439 5598.320631 13950.660504 16849.941335 23029.643656 22101.720237 15706.737795 5222.840840 876.523947 238.747823 631.902586 725.735031 -177.217349 -240.040953 -197.762959 -179.549181 -282.123042 -285.735023 -100.118915 713.094626 334.776641 434.542023 695.064882 642.638409
-309.363738 -278.652776 -313.430079 -291.972394 -287.456665 -303.341375 -310.078789 -317.174553 -322.818249 -293.486818 -294.977175 -339.509460 -343.735987 -348.887720 -350.596878 -339.115819 -254.987504 -204.466079 -219.013562 -224.350429 -247.842641 -261.151555 -273.007483 -273.953505 -270.826184 -319.852716 -341.905642 -299.026774 771.040076 3912.405680 6497.645880 8607.483425 11364.341960 13789.649791 12427.602104 11681.120138 8321.669705 3248.849540 938.745324 168.389475 185.154478 201.422669 329.833218 748.145711 -148.578914 -248.012756 -276.996792 -152.815463 -309.521462 -147.642984 690.529956 667.771300 636.432333 -182.013026 569.856548 -148.856246
-283.095606 -323.390956 -310.982325 -338.746054 -319.655236 -348.993355 -351.753599 -357.162136 -306.083736 -318.522733 -317.241178 -380.895997 -381.904277 -385.399703 -388.253609 -301.209613 -320.573230 -214.235836 -201.470552 -218.179406 -270.625131 -282.733322 -262.227883 -265.169029 -310.324658 -319.729359 236.548291 6037.741549 16763.783089 19700.193911 18026.618607 16241.273709 14315.412639 9820.758034 3541.719097 94.390088 96.718331 126.154354 146.342971 85.051735 167.634158 186.853414 184.460719 481.115657 692.000434 -263.637867 -348.297797 697.606133 695.083010 -188.072550 -203.284244 -221.024986 -198.870277 -183.474554 650.821540 -76.404965
-301.034202 -275.571345 -278.724602 -334.154980 -369.646952 -379.385707 -384.170356 -392.407627 -406.511656 -434.529740 -332.599939 -330.079080 -421.838025 -423.136253 -426.494808 -320.034152 -315.351667 -263.233877 -229.898523 -226.623555 -272.227050 -280.245829 -290.917086 -297.303788 -201.051326 777.037456 3001.805339 7491.092049 23560.038881 23337.809682 15107.181809 4819.043958 802.051003 216.902770 72.543605 -23.180458 -18.091762 26.819744 50.607238 61.131633 78.112135 107.013182 158.484294 245.045070 672.452786 122.036932 -172.620276 -191.156441 -208.568887 -6.722549 -216.106387 -198.259357 -173.449079 -78.826962 -68.211516 681.449852
-298.889906 -279.074651 -329.492430 -343.675888 -395.721781 -408.150261 -312.136900 -434.735021 -466.025493 -360.167747 -343.238493 -470.148594 -472.460307 -340.883467 -339.785079 -338.354769 -334.705425 -304.126067 -306.252548 -287.961670 -295.036740 -307.505956 -318.522966 615.773530 5550.653992 7657.529072 9808.496348 12206.417235 16372.079058 16248.692995 3372.695055 153.101275 -111.187842 7.763099 -46.634961 -25.431067 -14.698508 28.510047 56.295597 82.201992 105.342244 142.029787 175.901164 237.980252 288.112183 737.074848 -178.234382 -155.777422 -190.043779 -104.554684 -102.979180 -182.299103 -179.713310 -7.929845 11.010941 546.559338
-360.026051 -303.161429 -304.338945 -308.705611 -314.604267 -323.520450 -330.353872 -351.319234 -373.599696 -383.035696 -369.644025 -534.317793 -370.404056 -370.292891 -363.015582 -348.961241 -331.269014 -393.653522 -352.364642 748.359169 804.245397 825.608219 843.744101 1044.613620 4136.874392 4667.582582 5262.624856 4103.286499 6828.113636 1344.148909 -231.466122 -130.468914 -122.761162 -26.970542 15.040977 16.350549 19.502487 35.771301 60.697055 90.157139 105.343745 141.103858 159.792350 221.781400 282.818946 735.818768 698.663597 -52.299716 13.253608 -99.294367 41.238880 -173.253840 -168.406219 -167.546052 -1.258602 36.050296
-370.681492 -378.579016 -391.312789 -408.408620 -347.673563 -362.100139 -375.416574 -385.098572 -388.015634 -384.662342 -594.549651 -589.735044 -578.376003 -463.692382 -453.745994 -437.158327 -411.018029 826.733436 851.200969 844.572012 817.319530 793.254935 782.368133 769.407178 753.953646 -360.058237 -338.971551 -280.121267 -231.686813 -213.594742 -282.170988 -196.441101 -135.339704 -93.957846 -32.471695 82.682144 62.942904 60.577367 84.874393 118.375308 140.927025 163.088704 216.842637 220.406762 231.676899 731.348593 697.365925 16.693829 62.539623 9.228964 -67.244355 -169.498967 -174.369606 -158.147944 -168.867045 33.273322
2231.784133 756.783715 -399.022155 -424.336809 -446.664497 -465.350731 -479.016333 -486.663109 -481.510920 -480.387606 744.175347 748.068949 749.093569 776.549183 806.868327 853.028183 893.807127 827.829628 786.803489 772.915332 763.686279 751.076890 589.500863 -375.775200 -365.830003 -337.962813 -310.121213 -339.828051 -295.368532 -273.602768 -261.061744 -242.949476 -133.573819 -68.843612 23.001122 153.547081 109.307270 88.675331 118.419002 144.920148 146.258233 172.691726 254.041261 49.971749 126.897399 722.063469 676.767741 -11.763680 31.620228 10.880463 -92.363838 -163.403147 -257.438874 -213.584272 -159.368464 -54.883132
28567.272845 26495.713677 21347.710286 19937.860321 24644.280617 17633.222766 6848.375201 22989.823435 30186.439239 30645.818948 24089.396961 7520.806420 8852.577680 2823.776569 763.731266 -347.129078 -493.039583 -489.811883 -445.328178 -409.000340 -386.906869 -374.803829 -370.659393 -358.894286 -430.685462 -323.129404 -290.507024 -317.883619 -278.138315 -250.779112 -236.131585 -221.469854 -189.256737 -49.188755 63.003983 172.114049 118.748268 106.546063 143.028794 146.843848 179.229302 236.099752 273.090096 144.469790 375.576200 696.597018 562.272530 -70.323665 -141.533484 -145.212658 -117.540031 -157.592570 -296.741343 -251.294357 -144.015567 -101.873816
40446.755085 38229.853079 34975.645764 35453.297579 58805.314707 42393.145869 46393.557450 48690.049803 47005.376762 39568.219522 21779.378505 12400.389803 6121.918546 776.575393 -500.208645 -495.171710 -488.588250 -457.544354 -427.476978 -399.235872 -378.277210 -369.175839 -362.168758 -346.746685 -399.487138 -373.246951 -340.122174 -295.557777 -256.895906 -227.643778 -217.430212 -202.049935 -170.360390 -140.247852 114.840448 193.462112 179.833770 144.649361 115.801918 165.141495 210.502881 271.415190 132.956228 -3.626184 731.977632 664.771622 -9.258924 -155.830351 -168.868703 -165.534157 -166.352439 -117.633451 -294.833254 -224.942887 -148.411765 -126.055008
33744.346662 36087.794992 39513.810392 47359.478272 71489.732525 57261.778617 54293.236113 53350.489768 47273.870297 36055.968631 23458.072916 8283.252013 -496.194709 -506.341845 -500.453148 -492.421420 -463.751521 -440.230731 -416.984144 -391.267349 -372.579028 -359.427811 -419.348030 -396.080286 -368.826846 -216.262376 -199.211288 -271.393185 -233.460965 -210.603482 -196.783195 -173.207979 -144.275227 -114.279304 190.155769 254.170102 257.190209 151.340483 125.787200 97.857911 113.431110 207.162063 94.001287 27.178778 715.652425 91.631968 -103.538927 -169.798500 -160.566508 -154.507451 -151.224763 -112.097753 -259.688709 -167.880088 -110.407087 -126.192771
24112.430033 27162.085076 27953.265230 16683.623370 49756.630888 50567.585751 51700.111429 59265.734497 46368.429092 33272.553346 16232.240824 792.800934 -512.657731 -506.949211 -498.735123 -480.374060 -453.849879 -431.106127 -406.336556 -377.078875 -353.452676 -408.262494 -388.309920 -362.116841 -223.332657 -214.360115 -195.993385 -245.923283 -206.780614 -193.720825 -170.590141 -142.431973 -116.819798 -91.747642 244.689732 345.233829 102.761555 25.178118 21.819807 6.489112 7.037812 89.951093 220.240563 49.954560 679.194092 -5.726138 -176.924205 -165.589129 -152.092077 -144.683877 -151.878971 -178.400013 -151.396269 -89.012423 -85.725804 -56.594771
14208.525541 17383.515630 11459.920049 23771.779269 35201.400179 36921.971969 37862.542186 21688.592575 30289.185293 20962.352559 4517.901758 -512.387417 -511.435378 -509.742744 -498.088788 -472.985824 -450.243715 -427.908963 -402.950381 -440.142107 -405.482944 -382.283082 -356.296473 -222.975811 -217.170614 -209.179511 -198.116024 -159.278053 -169.247782 -122.861906 -139.360471 -121.381211 -101.510589 -73.555752 298.156548 467.825332 -102.468831 -126.360409 -37.857572 -62.428755 -54.440925 1.107276 56.339208 40.268018 662.082234 -43.268778 -174.917826 -154.786812 -140.333505 -127.019752 -107.526300 -87.846633 -71.104190 -65.027814 -61.285982 15.436329
1804.242503 3157.112010 1798.240813 10080.175533 14194.064023 14213.546047 14137.049037 9447.068222 1523.920905 745.595110 -513.538499 -512.121296 -510.076418 -507.084011 -504.025010 -475.536120 -449.714239 -428.011345 -407.053857 -434.422084 -389.869866 -359.263154 -328.450673 -302.822020 -287.344038 -269.544935 -246.871396 -196.268804 -139.998422 -81.039216 -99.839398 -114.480465 -90.925232 -75.323470 354.204986 716.348032 -127.661534 -222.330734 -105.145324 -61.635443 -62.284504 -11.803761 -9.588150 -27.328009 620.973090 -88.747279 -167.529708 -159.480234 -135.602976 -116.348238 -91.364950 -65.874266 -37.573603 -45.113921 -52.120039 237.883699
-449.145273 -616.239725 -399.782421 -332.770270 -323.736839 -317.686470 -347.716606 -671.392882 -672.228900 -654.657461 -641.376350 -559.151429 -507.645219 -501.053604 -483.337795 -587.856386 -547.886141 -427.221797 -417.124799 -436.754374 -378.857337 -337.580290 -301.181922 -278.884574 -263.266366 -245.444731 -218.887034 -166.777875 -106.421552 -43.953729 -53.957070 -99.380097 -93.025175 -66.715479 368.010221 -45.186266 -149.202593 -219.376585 -205.656265 -66.984262 -101.315805 -85.208566 -52.923013 -41.224552 77.586141 -142.021946 -166.009637 -185.656554 -172.496692 -147.782965 -96.860826 -69.703975 -33.573364 143.821384 253.134611 459.216878
-462.331767 -591.733252 -602.188546 -333.472821 -382.243494 -311.029980 -389.970058 -567.390756 -621.791757 -576.312139 -542.664895 -511.595036 -504.429640 -630.081322 -558.785893 -537.954894 -528.102282 -503.996610 -483.090064 -448.070820 -385.300403 -324.861534 -283.758221 -258.712918 -241.178187 -222.417488 -189.952736 -142.411804 -53.068938 2.176638 -29.447017 -92.999446 -66.804306 -47.526831 262.110007 -109.005948 -145.475572 -211.963453 -199.096658 -166.628249 -141.198693 -138.138458 -137.321090 -137.977302 -143.411922 18.879523 -85.435831 -181.038717 -201.658515 -181.447807 -102.158562 -70.953467 208.111640 406.039925 398.808716 89.753785
-464.908156 -552.754723 -544.979771 -518.153977 -361.671808 -363.739420 -371.516347 -433.007827 -540.107481 -523.247278 -494.444406 -472.192021 -621.841191 -577.683320 -528.099589 -508.669229 -489.682106 -455.012895 -456.330475 -435.287769 -398.261356 -330.119265 -281.843384 -249.665403 -220.770220 -189.748274 -163.032469 -113.538914 -45.138873 33.293786 18.151082 -59.826976 -30.234215 -26.363320 4.533293 548.791245 -170.443372 -202.862240 717.062764 730.525693 -166.752386 -151.259756 -169.255748 -179.995589 -181.769237 18.697683 -165.658725 -161.934987 -202.560104 -112.937741 -87.705155 -59.883841 315.915104 394.732905 228.007353 -9999.0
-497.462477 -481.586041 -472.450558 -464.620251 -414.389584 -338.670826 -355.322398 -378.151851 -484.901286 -474.667991 -454.589800 -420.802456 -356.811452 -536.238019 -485.682681 -472.456822 -449.532078 -410.315687 -420.591954 -406.548939 -407.889055 -342.785167 -297.024934 -254.445148 -200.337452 -174.700172 -157.398697 -98.190937 -42.133002 82.951071 -56.520815 -156.279513 26.385143 13.677331 20.913047 724.631100 715.741549 710.543259 727.242789 -216.922567 728.998978 -162.120149 -174.372816 -188.680075 -187.384035 -168.426260 -107.864320 -154.330058 -149.463870 -165.126611 -85.353453 246.331329 269.910870 312.752787 -9999.0 -9999.0
-466.362411 -439.277981 -422.019601 -421.940079 -375.896196 -309.060704 -329.474920 -344.113122 -426.550275 -442.567361 -413.104435 -370.927638 -312.267831 -479.309313 -442.833162 -441.678221 -427.053722 -376.776169 -357.509719 -366.356758 -338.421437 -304.787086 -267.724724 -233.861326 -225.095444 -168.098052 -132.638672 -85.773376 -13.694613 108.178798 -23.099763 -185.647468 -119.542405 48.463593 181.067718 -190.727460 -207.412918 706.429944 -187.475520 -230.645487 -218.175448 -161.992366 670.483597 370.449216 -176.563145 -176.111831 -126.489090 -149.230317 -139.684612 -125.859986 681.281604 128.968999 179.606386 -9999.0 -9999.0 -9999.0
-430.851041 -401.097861 -382.658252 -378.103935 -345.774494 -288.569210 -301.168027 -314.328561 -360.182371 -386.619549 -356.097828 -332.994555 -288.554704 -422.021687 -389.446352 -399.376075 -399.069694 -345.852919 -309.357915 -167.846953 -350.525686 -306.066383 -249.288916 -207.122374 -216.673913 -156.334819 -91.697219 -70.044383 -31.650690 114.348873 125.536713 -190.287195 -122.163029 -43.292699 -108.017681 636.115916 -223.698784 -218.898637 -186.534231 -205.989152 728.639862 727.167700 -154.128754 489.022492 401.934036 -125.275736 -157.805068 -141.885012 683.180401 500.056856 484.640662 519.259271 -9999.0 -9999.0 -9999.0 -9999.0
