geotop_simulations/templates/TEST_Venosta_3D_034_template/rec/SoilTemperature0000L0007.asc
ncols         252
nrows         194
xllcorner     598250.000000
yllcorner     5144500.000000
cellsize      250.000000
NODATA_value  -9999.0
[rows 84 to 111 of 194, columns 0 to 61 of 252]
-9999.0 -9999.0 -9999.0 -9999.0 -9999.0 -9999.0 -9999.0 -9999.0 -9999.0 -9999.0 -9999.0 -9999.0 -9999.0 -9999.0 -9999.0 -9999.0 -9999.0 -9999.0 -9999.0 -9999.0 -9999.0 -9999.0 -9999.0 -9999.0 -9999.0 -9999.0 -9999.0 -9999.0 -9999.0 -9999.0 -9999.0 -9999.0 -9999.0 12.334379 12.403515 12.268953 3.555182 11.190255 10.684661 11.258807 11.085201 9.800163 9.761917 8.811497 8.313072 8.748382 2.327025 9.104109 2.702029 9.189233 3.482241 4.994917 6.372955 5.082504 6.771910 6.680636 6.350804 6.161968 5.587899 6.156850 6.842308 7.554250
-9999.0 -9999.0 -9999.0 -9999.0 -9999.0 -9999.0 -9999.0 -9999.0 -9999.0 -9999.0 -9999.0 -9999.0 -9999.0 -9999.0 -9999.0 -9999.0 -9999.0 -9999.0 -9999.0 -9999.0 -9999.0 -9999.0 -9999.0 -9999.0 -9999.0 -9999.0 -9999.0 -9999.0 -9999.0 -9999.0 -9999.0 -9999.0 3.537879 4.204630 4.340066 4.113784 4.009652 12.507590 11.746591 11.985443 11.286503 8.827895 8.022250 7.648311 6.776361 6.652581 6.722075 6.765122 7.167762 8.595028 10.457335 4.197896 6.027263 5.266005 5.296514 5.360881 7.294338 7.119891 7.038012 6.232453 6.959239 7.719983
-9999.0 -9999.0 -9999.0 -9999.0 -9999.0 -9999.0 -9999.0 -9999.0 -9999.0 -9999.0 -9999.0 -9999.0 -9999.0 -9999.0 -9999.0 -9999.0 -9999.0 -9999.0 -9999.0 -9999.0 -9999.0 -9999.0 -9999.0 -9999.0 -9999.0 -9999.0 -9999.0 -9999.0 -9999.0 -9999.0 -9999.0 2.869446 3.427548 3.908033 4.273079 4.331566 4.387094 4.287781 12.870639 3.812645 10.991390 9.067195 8.500727 8.519328 7.818674 8.293263 8.736703 8.851583 9.707726 10.956688 12.139682 4.549231 4.172658 5.051313 5.493238 5.596102 5.671911 7.810784 8.148908 6.660613 7.278347 8.007315
-9999.0 -9999.0 -9999.0 -9999.0 -9999.0 -9999.0 -9999.0 -9999.0 -9999.0 -9999.0 -9999.0 -9999.0 -9999.0 -9999.0 -9999.0 -9999.0 -9999.0 -9999.0 -9999.0 -9999.0 -9999.0 -9999.0 -9999.0 -9999.0 -9999.0 -9999.0 -9999.0 -9999.0 -9999.0 -9999.0 -9999.0 2.277647 2.371428 2.797281 3.386388 4.082362 4.479092 4.512177 4.343424 3.863007 3.256580 2.692768 8.519658 8.754886 9.738079 10.450628 11.011652 11.310096 11.935334 12.527875 4.900275 4.944944 5.305426 5.412947 5.904321 5.396120 5.892468 6.129838 6.502866 6.892452 7.203605 7.355869
-9999.0 -9999.0 -9999.0 -9999.0 -9999.0 -9999.0 -9999.0 -9999.0 -9999.0 -9999.0 -9999.0 -9999.0 -9999.0 -9999.0 -9999.0 -9999.0 -9999.0 -9999.0 -9999.0 -9999.0 -9999.0 -9999.0 -9999.0 -9999.0 -9999.0 -9999.0 -9999.0 -9999.0 -9999.0 -9999.0 -9999.0 8.617951 1.762839 1.588107 2.091319 2.780899 3.578678 4.275691 9.265264 8.679078 3.351771 2.659890 2.564642 9.068906 10.167651 10.566763 11.081938 11.616603 4.613968 4.900555 5.038005 4.993526 4.933633 3.738325 3.843171 4.231164 5.860529 6.982668 7.552701 7.608978 6.207056 5.979434
-9999.0 -9999.0 -9999.0 -9999.0 -9999.0 -9999.0 -9999.0 -9999.0 -9999.0 -9999.0 -9999.0 -9999.0 -9999.0 -9999.0 -9999.0 -9999.0 -9999.0 -9999.0 -9999.0 -9999.0 -9999.0 -9999.0 -9999.0 -9999.0 -9999.0 -9999.0 -9999.0 -9999.0 -9999.0 -9999.0 -9999.0 8.580361 7.950362 8.050275 8.606519 1.769175 2.271646 3.219294 9.324450 8.973095 3.607131 3.052196 2.996119 9.471709 9.854435 10.121296 10.691451 3.990443 4.357959 4.716591 4.936599 4.703734 3.321927 3.187414 3.937184 4.178614 4.235617 4.599131 5.045385 4.893495 5.153813 5.570818
-9999.0 -9999.0 -9999.0 -9999.0 -9999.0 -9999.0 -9999.0 -9999.0 -9999.0 -9999.0 -9999.0 -9999.0 -9999.0 -9999.0 -9999.0 -9999.0 -9999.0 -9999.0 -9999.0 -9999.0 -9999.0 -9999.0 -9999.0 -9999.0 -9999.0 -9999.0 -9999.0 -9999.0 -9999.0 -9999.0 -9999.0 -9999.0 7.191011 6.861789 7.728297 8.705679 1.902248 2.517146 3.947449 9.254995 4.017343 3.626954 3.315867 3.208947 9.279805 9.511097 9.984729 11.026950 4.034767 4.390206 4.539070 4.216362 3.899660 3.934843 3.946483 3.915615 3.877915 4.093781 4.793855 4.822875 5.511122 6.233918
-9999.0 -9999.0 -9999.0 -9999.0 -9999.0 -9999.0 -9999.0 -9999.0 -9999.0 -9999.0 -9999.0 -9999.0 -9999.0 -9999.0 -9999.0 -9999.0 -9999.0 -9999.0 -9999.0 -9999.0 -9999.0 -9999.0 -9999.0 -9999.0 -9999.0 -9999.0 -9999.0 -9999.0 -9999.0 -9999.0 -9999.0 -9999.0 -9999.0 6.021777 7.248134 9.067980 2.180724 2.365338 3.185573 9.462897 4.386173 3.947808 3.609205 3.340412 9.019849 9.547412 9.348245 9.999664 3.701348 3.996346 4.082605 3.992844 4.125225 4.639933 4.934011 5.148260 5.658367 6.279056 6.962539 7.529153 7.966164 6.518410
-9999.0 -9999.0 -9999.0 -9999.0 -9999.0 -9999.0 -9999.0 -9999.0 -9999.0 -9999.0 -9999.0 -9999.0 -9999.0 -9999.0 -9999.0 -9999.0 -9999.0 -9999.0 -9999.0 -9999.0 -9999.0 -9999.0 -9999.0 -9999.0 -9999.0 -9999.0 -9999.0 -9999.0 -9999.0 -9999.0 -9999.0 -9999.0 -9999.0 6.680838 8.177402 9.976846 11.343151 2.429277 2.739458 3.831104 9.546211 4.235671 3.866097 3.528929 9.144123 9.391456 9.245757 8.946409 9.797310 3.646893 4.020599 4.541196 4.938299 5.234203 5.456379 5.836975 6.251530 4.810194 7.153586 5.873008 6.329696 6.773173
-9999.0 -9999.0 -9999.0 -9999.0 -9999.0 -9999.0 -9999.0 -9999.0 -9999.0 -9999.0 -9999.0 -9999.0 -9999.0 -9999.0 -9999.0 -9999.0 -9999.0 -9999.0 -9999.0 -9999.0 -9999.0 -9999.0 -9999.0 -9999.0 -9999.0 -9999.0 -9999.0 -9999.0 -9999.0 -9999.0 -9999.0 -9999.0 -9999.0 8.326360 9.508645 10.628808 11.110543 2.289556 2.164865 2.785343 9.427116 4.573290 4.130200 3.714326 3.224480 8.847634 9.615930 9.781915 10.335639 11.108320 4.757027 5.102842 5.196136 5.386367 5.613531 5.903180 4.479752 5.129460 5.735135 6.279057 6.727234 7.095606
-9999.0 -9999.0 -9999.0 -9999.0 -9999.0 -9999.0 -9999.0 -9999.0 -9999.0 -9999.0 -9999.0 -9999.0 -9999.0 -9999.0 -9999.0 -9999.0 -9999.0 -9999.0 -9999.0 -9999.0 -9999.0 -9999.0 -9999.0 -9999.0 -9999.0 -9999.0 -9999.0 -9999.0 -9999.0 -9999.0 -9999.0 -9999.0 -9999.0 8.291086 9.311437 9.966243 10.125735 10.783524 11.983495 2.358831 4.063326 4.725117 8.592850 3.913653 3.500287 3.195857 10.058915 11.054363 11.679320 12.238216 12.561432 5.167233 5.278490 3.809070 4.051640 4.393249 4.751038 5.476149 6.208983 6.812086 7.212083 7.625366
-9999.0 -9999.0 -9999.0 -9999.0 -9999.0 -9999.0 -9999.0 -9999.0 -9999.0 -9999.0 -9999.0 -9999.0 -9999.0 -9999.0 -9999.0 -9999.0 -9999.0 -9999.0 -9999.0 -9999.0 -9999.0 -9999.0 -9999.0 -9999.0 -9999.0 -9999.0 -9999.0 -9999.0 -9999.0 -9999.0 -9999.0 -9999.0 -9999.0 7.725665 8.227667 8.608369 9.649625 11.468127 2.850019 2.568938 3.534733 4.791944 8.990561 3.619130 2.927145 2.312452 4.100351 11.527450 12.100924 12.684304 3.539824 12.703177 5.487902 4.206860 4.454023 4.819799 5.112001 5.595558 6.590354 7.339175 7.746017 8.127305
-9999.0 -9999.0 -9999.0 -9999.0 -9999.0 -9999.0 -9999.0 -9999.0 -9999.0 -9999.0 -9999.0 -9999.0 -9999.0 -9999.0 -9999.0 -9999.0 -9999.0 -9999.0 -9999.0 -9999.0 -9999.0 -9999.0 -9999.0 -9999.0 -9999.0 -9999.0 -9999.0 -9999.0 -9999.0 -9999.0 -9999.0 -9999.0 -9999.0 6.585428 7.034902 8.483917 10.474599 11.732690 2.807988 3.067013 3.498290 4.798636 9.480925 4.022065 3.467490 4.132472 2.968044 12.335874 12.921339 3.751268 4.086852 13.122655 4.496440 4.720909 11.104796 5.287811 5.634961 5.882119 6.688851 7.702066 8.224636 8.611058
-9999.0 -9999.0 -9999.0 -9999.0 -9999.0 -9999.0 -9999.0 -9999.0 -9999.0 -9999.0 -9999.0 -9999.0 -9999.0 -9999.0 -9999.0 -9999.0 -9999.0 -9999.0 -9999.0 -9999.0 -9999.0 -9999.0 -9999.0 -9999.0 -9999.0 -9999.0 -9999.0 -9999.0 -9999.0 -9999.0 -9999.0 -9999.0 -9999.0 5.492409 6.726878 8.913578 10.632503 2.286075 2.716426 3.406119 3.802992 4.458977 5.299766 9.208915 3.980322 3.577596 3.595975 3.648585 3.980930 4.468073 4.675549 4.845784 4.998606 5.280985 11.272412 11.511670 6.152915 6.557049 7.129220 7.896306 8.590713 9.011894
-9999.0 -9999.0 -9999.0 -9999.0 -9999.0 -9999.0 -9999.0 -9999.0 -9999.0 9.877109 9.490165 -9999.0 -9999.0 -9999.0 -9999.0 -9999.0 -9999.0 -9999.0 -9999.0 -9999.0 -9999.0 -9999.0 -9999.0 -9999.0 -9999.0 -9999.0 -9999.0 -9999.0 -9999.0 -9999.0 -9999.0 -9999.0 -9999.0 7.782703 8.653244 9.701218 10.895809 2.574825 2.842135 3.132078 3.404147 3.681774 5.075815 4.931157 4.487736 4.127040 4.157541 4.190788 4.578029 5.060404 5.243329 5.372692 5.484002 5.839521 11.497022 11.716531 12.235672 7.849056 8.267985 8.812686 9.269150 9.462967
-9999.0 -9999.0 -9999.0 -9999.0 -9999.0 -9999.0 -9999.0 -9999.0 -9999.0 10.273680 10.181493 9.461273 8.340506 7.755115 8.678107 5.096004 -9999.0 -9999.0 -9999.0 -9999.0 -9999.0 -9999.0 -9999.0 -9999.0 -9999.0 -9999.0 -9999.0 -9999.0 -9999.0 -9999.0 -9999.0 -9999.0 -9999.0 9.057682 9.483674 9.590158 9.799741 10.186208 10.753173 2.719805 3.147834 3.098507 3.688029 4.973487 9.302880 4.632916 4.639934 4.584850 4.981128 5.532919 5.741640 5.849702 5.909069 6.292472 11.821717 11.961656 7.991981 8.192912 8.608600 9.187778 9.497770 9.541339
-9999.0 -9999.0 -9999.0 -9999.0 -9999.0 -9999.0 -9999.0 -9999.0 -9999.0 10.140461 10.193712 10.312745 10.179352 -9999.0 -9999.0 -9999.0 -9999.0 -9999.0 -9999.0 -9999.0 -9999.0 -9999.0 -9999.0 -9999.0 -9999.0 -9999.0 -9999.0 -9999.0 -9999.0 -9999.0 -9999.0 -9999.0 -9999.0 -9999.0 9.893145 10.242907 10.121032 9.728218 9.723110 10.378582 3.317265 3.050985 3.020254 4.631942 5.260797 5.125719 5.078274 4.950372 5.051298 5.731877 6.157829 6.259301 6.268040 6.490479 12.018331 12.195416 8.344526 8.475035 8.864194 9.244389 9.420967 6.568432
-9999.0 -9999.0 -9999.0 -9999.0 -9999.0 -9999.0 -9999.0 -9999.0 -9999.0 9.082844 9.856702 10.183175 10.379661 -9999.0 -9999.0 -9999.0 -9999.0 -9999.0 -9999.0 -9999.0 -9999.0 -9999.0 -9999.0 -9999.0 -9999.0 -9999.0 -9999.0 -9999.0 -9999.0 -9999.0 -9999.0 -9999.0 -9999.0 -9999.0 9.624387 10.170530 10.652470 10.994578 11.406894 11.834691 3.909629 3.207754 3.135539 3.950074 5.471399 10.174235 5.515352 5.494181 5.386280 5.675501 6.361348 11.207311 7.399531 7.163440 7.043319 7.684609 12.677071 8.604287 8.841929 9.102511 5.063941 6.136071
-9999.0 -9999.0 -9999.0 -9999.0 -9999.0 -9999.0 -9999.0 -9999.0 -9999.0 9.741005 10.133111 10.073413 10.315543 10.891223 10.977812 -9999.0 -9999.0 4.080728 4.479633 4.500121 4.325874 4.421429 4.246427 -9999.0 -9999.0 -9999.0 -9999.0 -9999.0 -9999.0 -9999.0 -9999.0 -9999.0 -9999.0 -9999.0 -9999.0 8.569369 9.860741 11.064069 11.817552 3.859689 4.152805 3.413256 3.545783 3.886915 5.120925 5.753539 10.493193 5.871185 5.809344 5.672314 6.199326 6.844647 7.707581 7.876573 7.853488 7.833821 12.476296 12.549579 12.273848 7.242500 7.242308 11.128766
-9999.0 -9999.0 -9999.0 -9999.0 10.187106 10.718510 10.009274 10.503221 11.691149 11.626024 11.121722 4.001063 4.052047 4.101601 3.996034 3.723820 -9999.0 4.360420 4.673009 4.577589 4.504693 4.484895 4.385099 -9999.0 -9999.0 -9999.0 -9999.0 -9999.0 -9999.0 -9999.0 -9999.0 -9999.0 -9999.0 -9999.0 -9999.0 8.820753 9.366004 10.306926 2.809683 3.323788 3.747347 3.169859 3.792980 3.327095 4.164956 5.417109 5.980419 10.645916 6.240531 6.269970 6.339726 6.847830 7.324301 8.109809 8.208804 8.306045 15.844620 16.092189 7.110364 9.158940 10.582295 9.183974
-9999.0 -9999.0 -9999.0 10.922606 11.520264 11.680288 11.255329 11.923471 12.671187 12.418976 11.877519 4.405560 4.523476 4.476747 4.251630 3.927645 3.992276 4.253877 4.585417 4.700621 4.771992 4.740155 4.787155 4.907999 4.661873 4.334009 -9999.0 -9999.0 0.074906 9.185466 9.481708 2.692384 2.556424 -9999.0 -9999.0 -9999.0 9.090955 9.487786 10.094636 2.521262 2.822969 2.932944 2.925695 3.254928 3.495082 4.355019 5.722532 11.215644 7.290186 7.437405 7.542174 7.632996 7.469584 11.797231 11.906166 11.957224 15.618825 6.893319 8.635887 10.264065 8.733508 6.581491
-9999.0 -9999.0 -9999.0 4.906688 4.868423 4.777574 4.696959 4.755583 4.832219 4.745250 4.685244 4.726128 4.815687 4.720059 4.432851 4.088286 4.191072 4.331627 4.561977 4.898054 5.056105 5.133779 5.237301 5.238066 4.794049 4.232754 3.715046 3.367285 2.992592 2.537300 -9999.0 -9999.0 -9999.0 -9999.0 -9999.0 -9999.0 7.779240 8.294327 9.065592 9.435113 2.317370 2.278035 2.864446 3.190054 3.391842 3.652719 4.269029 5.791482 6.817931 7.664817 7.808607 7.902962 11.722835 11.733477 11.777567 11.640876 8.720888 8.579154 10.349188 8.636678 6.351307 5.842319
-9999.0 -9999.0 -9999.0 5.353488 5.247405 5.230470 5.179096 5.101224 5.068971 4.870366 4.793893 4.911541 4.955042 4.730889 4.479920 4.300706 4.570389 4.701676 4.609444 4.777985 5.145012 5.391860 5.218571 4.971966 4.574417 4.114998 3.577636 3.032200 2.484575 2.293305 8.614774 -9999.0 -9999.0 -9999.0 -9999.0 -9999.0 7.183925 8.549266 9.588051 10.082785 2.597695 2.870439 3.096194 2.785441 3.046813 3.422220 3.739326 4.230230 5.944758 11.118907 11.508285 11.503805 11.542582 11.599825 11.614386 11.852057 8.440051 10.246751 8.967264 6.433298 5.774445 5.182763
-9999.0 -9999.0 5.634951 5.640637 5.561735 5.481432 5.270615 5.174647 5.223817 5.132692 5.009931 5.029366 4.985279 4.771254 4.721444 4.771039 4.974463 5.059267 5.011786 5.105371 5.381553 5.549615 5.106592 4.649976 4.187093 3.862912 3.246086 2.355622 1.841565 1.824625 7.685337 -9999.0 -9999.0 -9999.0 -9999.0 -9999.0 7.080884 8.429293 9.427968 9.782217 9.440800 2.249575 2.370591 2.940622 3.061641 3.639637 4.398709 5.033571 5.954653 6.981503 7.468317 11.596139 11.577801 11.559667 8.466794 8.376191 10.416403 8.844819 6.136662 5.513806 4.843597 4.230075
-9999.0 -9999.0 5.462597 5.607088 5.562980 5.548864 5.638163 5.683433 5.662482 5.526977 5.453781 5.444634 5.355946 5.342674 5.324506 5.258856 5.300087 5.383084 5.425742 5.513167 5.644566 5.611480 4.814454 4.082635 3.614100 3.068040 2.456147 6.483339 6.358613 6.532349 7.178750 -9999.0 -9999.0 -9999.0 -9999.0 6.771499 7.289424 7.634919 7.885831 8.163118 8.676508 9.529580 3.343317 3.826183 3.411884 4.016039 4.667483 5.312623 5.921961 6.848941 11.472697 11.586794 11.537384 8.211310 8.298782 10.639034 7.014436 6.313578 5.537103 4.858127 4.194019 3.578112
-9999.0 -9999.0 11.702089 12.189336 5.340243 5.578793 5.855170 5.979322 5.977705 5.800283 5.684616 5.679017 5.866803 5.935246 5.796289 5.670393 10.930950 5.781857 5.821712 5.836991 5.887380 5.661051 4.006452 4.310544 3.633119 8.070203 7.729315 2.516429 8.019667 8.280855 8.999510 9.028923 7.867179 6.819401 7.006520 7.858765 8.414715 8.730623 8.983763 9.410268 10.278456 3.793304 4.231382 4.586498 3.757424 4.286364 4.871529 5.433058 5.966611 6.726234 7.491082 11.607495 10.794207 6.465445 10.802958 9.876328 6.655558 6.087367 5.450836 4.802286 4.244997 3.675522
-9999.0 -9999.0 9.392371 9.953818 11.276540 5.208816 5.743308 6.023010 6.219181 6.214687 6.214342 6.304155 6.282020 6.287014 6.221341 6.174461 11.412161 6.197272 6.235341 6.288919 6.311938 5.962679 4.319479 3.810987 3.266061 2.813144 3.957308 3.621964 3.314438 3.170121 10.097506 9.962498 8.734712 7.913071 8.354734 8.813310 9.267115 9.717640 10.137627 10.539674 3.599532 3.992674 4.385988 4.729523 3.863745 4.478466 5.141989 5.755004 6.370951 7.028312 7.618273 11.585175 6.519793 7.001791 10.392608 9.221536 6.210150 5.807693 5.343505 4.754197 4.298398 3.704299
-9999.0 -9999.0 8.017244 8.230854 8.901868 10.111568 4.753045 5.544266 6.100943 6.428216 6.581527 6.681856 12.270764 6.651791 11.670482 11.805367 11.908006 6.703490 6.727325 6.765893 6.671595 6.117350 4.685954 4.193702 3.712539 3.275681 2.808528 3.969657 3.691505 3.494671 3.470260 3.210959 2.584124 2.126165 9.159509 9.649914 9.985252 2.971835 3.218005 3.540539 3.857037 4.181550 4.594852 4.937004 4.141594 4.721852 5.405894 6.066015 7.044289 7.276347 7.774878 9.442212 8.553374 10.768503 9.879555 6.529966 5.795479 5.113972 4.758615 4.455794 3.998667 3.528163
