geotop_simulations/templates/TEST_Venosta_3D_034_template/rec/SoilPressure0000L0004.old.asc
ncols         252
nrows         194
xllcorner     598250.000000
yllcorner     5144500.000000
cellsize      250.000000
NODATA_value  -9999.0
[rows 72 to 95 of 194, columns 54 to 107 of 252]
-3365.549376 -3406.499198 -3410.861690 -3420.726348 -3473.821006 -3504.798990 -3533.944890 -3582.151168 -1976.871715 -2000.965772 -2064.534697 -3671.268660 -3704.361374 -3651.221006 -3652.106843 -3740.603625 -3805.845513 -3839.491546 -3947.894770 -3934.304043 -3953.683013 331.481311 258.524489 -4059.789787 -4047.382256 -4030.273230 -4009.969817 -3984.662639 -3954.598716 -3922.366578 -3856.784171 -3558.699582 -3386.307221 -3132.761564 -2873.112442 -2819.585206 -2891.371745 -2733.650482 -2491.401525 -2348.257057 -2846.187549 -1800.755755 -2534.393141 -2585.283500 -3001.523784 -3172.213993 -3213.269176 -3188.521361 -3155.303433 -3130.693544 -3132.130879 -3148.776258 -3163.424881 -3173.092496
-3393.253988 -3410.715557 -3225.382468 -3250.271329 -3491.420433 -3527.508519 -3560.614489 -3602.112856 -3618.019733 -3617.676175 -3641.337995 -3689.848255 -3734.601931 -3710.171983 -3719.586782 -3750.207331 -3819.382686 -3868.776151 -4003.759182 -4003.518323 -3984.075511 55.375665 236.385304 -4071.719865 -4055.128000 -4035.229304 -4013.053575 -3972.761842 -3883.810765 -3642.121218 -3546.327824 -3407.566333 -3220.944107 -3011.443408 -2873.270200 -2807.291872 -2786.452972 -2772.462911 -2700.873386 -2697.482101 -3065.435810 -2935.063719 -2836.551553 -3050.712051 -3191.205992 -3222.528722 -3211.922657 -3189.683424 -3169.024404 -3166.696589 -3167.906121 -3189.208244 -3198.069364 -3204.366787
-3745.987408 -3434.255351 -3315.707314 -3337.895779 -3370.333789 -3557.248573 -3568.452064 -3607.875420 -3648.853972 -3660.922293 -3672.976316 -3679.880236 -3717.305096 -3786.686755 -3796.720586 -3821.930362 -3843.666715 -3866.154238 -3939.914971 -3999.307191 -4031.317424 50.787454 201.826572 -4082.901541 -4064.156705 -4044.172156 -4013.327899 -3937.922988 -3696.284187 -3616.024284 -3519.653333 -3387.723962 -3200.445283 -2981.208181 -2860.850293 -2713.372649 -2571.799372 -2591.789970 -2607.748151 -2577.919699 -2372.502788 -3002.825885 -3099.227030 -3214.145889 -3238.895580 -3228.277675 -3207.335417 -3196.260776 -3194.296622 -3200.501640 -3199.221395 -3213.630393 -3539.803560 -3229.740817
-3653.089509 -3800.909510 -3812.633002 -3408.842489 -3440.230704 -3447.474641 -3441.769196 -3503.365924 -3679.585982 -3718.151547 -3750.710247 -3756.886153 -3710.576486 -3751.187240 -3818.027745 -3870.945236 -3890.540740 -3871.889455 -3911.357839 -4059.323347 -2636.395641 127.787244 165.916974 -4083.492254 -4067.379435 -4041.907218 -3976.974188 -3754.403100 -3684.402253 -3616.951147 -3522.893775 -3391.625710 -3198.988625 -2972.547062 -2852.971848 -2729.332450 -2552.933957 -2447.180120 -2374.562406 -2284.609486 -2985.697302 -3049.774242 -3223.747622 -3270.353500 -3251.387806 -3220.000196 -3207.561596 -3210.168813 -3218.475656 -3230.902122 -3235.600178 -3234.397421 -3240.268233 -3525.257704
-3031.967685 -3719.356607 -3831.762577 -3474.699353 -3488.219538 -3481.632358 -3492.465181 -3535.058633 -3693.621068 -3723.760918 -3761.038055 -3717.795429 -3766.029548 -3797.795008 -3819.266289 -3861.329223 -3905.363361 -3880.399476 -3934.600109 -4045.667538 323.454333 256.636693 135.882093 -4090.348503 -4068.179751 -4008.914488 -3814.804223 -3730.618488 -3675.843544 -3609.480488 -3525.336839 -3434.886572 -3318.235070 -3112.903430 -3011.032615 -3246.036175 -3160.351712 -3067.549219 -3005.454777 -2985.692782 -3002.242647 -3156.128760 -3277.032828 -3277.043287 -3243.525693 -3216.946671 -3205.374979 -3223.559394 -3241.739589 -3254.262439 -3259.176389 -3254.524389 -3241.485263 -3476.709105
-3014.799957 -3216.139060 -3771.172070 -3883.779572 -3519.682653 -3528.525578 -3543.909694 -3557.042303 -3607.287699 -3728.018970 -3717.252292 -3686.899151 -3744.036102 -3800.694957 -3833.590184 -3866.321357 -3917.708491 -3950.000245 -3966.428663 -4052.572479 276.998929 328.392815 110.773329 -4060.858965 -4060.474586 -3894.717355 -3779.838184 -3721.322101 -3679.117551 -3618.851255 -3555.905490 -3505.695512 -3454.215295 -3361.096600 -3281.078539 -3464.768767 -3142.460148 -3297.852559 -3205.231372 -3125.692338 -3142.418209 -3255.595764 -3288.637168 -3271.521326 -3248.875205 -3235.387551 -3235.988194 -3247.028200 -3262.393946 -3267.498245 -3266.213051 -3560.141880 -3503.392340 -1307.810055
-3029.144086 -3532.278847 -3291.243996 -3791.200084 -3900.877546 -3570.533614 -3576.300063 -3589.781503 -3629.463881 -3673.916531 -3775.433845 -3724.735482 -3759.455988 -3808.056310 -4040.257193 -4025.687282 -4019.700579 -3954.473831 -3942.655228 -4048.986056 229.385161 375.353296 93.901664 -4067.418045 -4055.570426 -3891.685324 -3802.913073 -3755.719895 -3881.516676 -3645.294045 -3596.197633 -3554.945721 -3873.721783 -3838.764083 -3351.039523 -3276.168235 -3151.552375 -3042.234651 -2942.964522 -3270.184052 -3282.390305 -3310.941763 -3298.674116 -3271.346883 -3256.750854 -2815.987682 -2923.960513 -3268.637259 -3590.377257 -3584.827290 -3567.811869 -3527.846727 -2209.224892 -1234.590314
-3047.726205 -3144.303157 -3236.924310 -3305.269076 -3769.145093 -3925.451851 -3921.752621 -3626.204548 -3651.281695 -3689.336729 -3736.596160 -3774.796062 -3806.936599 -4085.504003 -4069.150700 -4022.715163 -3949.333038 -3995.598053 -3924.421849 -4053.888885 194.607018 409.509641 83.279636 -4075.317068 -4063.421190 -3908.833362 -3848.847191 -4024.631077 -3990.542070 -3672.604263 -3924.292049 -3926.944860 -3904.174224 -3472.485526 -3409.667941 -3328.382242 -3213.724403 -3092.526429 -3320.431867 -3309.332951 -3322.265895 -3325.011846 -3299.051700 -3278.259404 -3262.722553 -2897.004327 -2996.386322 -3277.539901 -3588.142327 -3575.142404 -3443.636129 -3125.803722 -2397.438148 -1312.880637
-3232.475851 -3224.901862 -3013.162763 -3074.756637 -3225.903854 -3787.927825 -3958.790065 -3655.137033 -3673.045810 -3705.877076 -3751.539201 -3788.689985 -3823.919311 -4105.825752 -4076.974479 -4007.603116 -3976.703251 -3962.180319 -3942.699066 -3955.244235 174.002412 423.808084 72.654910 -4101.746800 -4067.717530 -3926.121762 -3875.848595 -4037.617101 -4002.672130 -3975.025831 -3960.234897 -3938.200909 -3910.953433 -3512.145193 -3457.703605 -3381.120350 -3295.570052 -3189.129376 -3068.086544 -3041.151184 -3324.137721 -3337.773659 -3316.262649 -3305.681067 -3289.923363 -3270.279997 -3032.603932 -3277.270975 -3579.942213 -3550.146361 -3438.946804 -2808.274334 -2295.466596 -1660.875063
-2677.499372 -3046.842369 -2765.825400 -2952.906290 -3055.787724 -3232.097843 -3763.468269 -3980.754066 -3698.817413 -3727.541619 -3762.959432 -3800.592407 -3840.656237 -4090.487396 -4042.193681 -3975.699816 -3944.825103 -3942.384317 -4052.073925 -4080.676735 253.039145 372.701386 59.467142 -4073.835266 -4065.171844 -3944.369619 -3895.772553 -4027.306505 -3766.714838 -3720.359025 -3674.300087 -3629.330632 -3587.176232 -3546.309597 -3497.669892 -3433.314693 -3361.350246 -3286.698001 -3176.134617 -3094.570309 -3343.157650 -3352.420644 -3330.989653 -3038.798094 -3063.268864 -3087.525867 -3104.631513 -3288.048263 -3570.061345 -3526.565645 -3098.632392 -2842.979968 -2496.080940 -2020.491775
-3179.428637 -2770.680845 -2922.195310 -2971.209971 -3026.030323 -3070.864109 -3258.905822 -3694.514473 -3656.741582 -3746.720039 -4072.614859 -4090.300839 -4080.241970 -4081.338817 -3906.165598 -3905.159063 -3922.939683 -3929.821375 -3984.608078 -4065.959109 331.669364 306.738448 -661.471142 -4079.467294 -4076.904269 -3963.772891 -3913.809833 -4033.405476 -3792.334858 -3742.665707 -3695.280929 -3651.632517 -3608.023094 -3570.245824 -3861.662027 -3813.798967 -3745.358991 -3333.689000 -3255.471958 -3207.392670 -3182.540342 -3364.375157 -3344.993282 -3095.594435 -3120.830027 -3152.004537 -3175.831418 -3584.008621 -3556.783857 -3459.173438 -3061.713642 -2882.076709 -2643.103000 -2342.975007
-3285.100484 -3226.641788 -3234.217199 -2953.734767 -2997.218181 -3068.253022 -3205.113339 -3355.635494 -3555.362320 -3736.666210 -3788.231324 -3824.094355 -3853.799339 -3857.513089 -3849.816825 -3804.675425 -3879.962542 -3811.972131 -3769.725699 -3811.587214 405.551820 264.634097 -3911.858195 -4067.486860 -2711.388782 -2660.304352 -3924.404198 -4040.608135 -4026.013660 -3999.914705 -3714.899479 -3672.807136 -3627.081811 -3592.340736 -3556.134011 -3502.734333 -3712.090411 -3371.426904 -3315.706881 -3275.171976 -3237.706915 -3224.918159 -3377.183074 -3171.442726 -3179.159455 -3217.706708 -3624.512478 -3585.209729 -3522.923597 -3018.290593 -2959.764894 -2896.147325 -2638.296304 -2384.339379
-3357.324892 -3375.203669 -3309.692362 -3244.984313 -2988.725040 -3042.171276 -3170.823370 -3288.810526 -3384.729780 -3538.645221 -3678.936774 -3742.514884 -3774.837457 -3785.069673 -3785.017627 -3814.384225 -3822.271213 -3791.648133 -3928.616768 -4044.990032 410.870051 397.308525 -3862.612950 -4045.060010 -2694.445421 -2651.984526 -2626.545003 -4024.573393 -4005.466885 -3980.704591 -3955.615189 -3691.764517 -3650.531187 -3612.119945 -3572.735522 -3778.699784 -3727.117599 -3416.632645 -3364.209400 -3323.664736 -3286.474225 -3281.540669 -3264.823647 -3232.879357 -3228.656297 -3677.046643 -3652.409867 -3565.720678 -3333.358423 -2639.958951 -3021.831863 -3167.384448 -2585.883108 -2191.650551
-3118.234638 -3177.380327 -3422.886677 -3416.253868 -3377.046265 -3253.569831 -3343.538974 -3442.520829 -3504.719046 -3579.952130 -3624.318102 -3599.845814 -3628.733871 -3660.128540 -3667.191476 -3711.047633 -3736.789017 -3750.013065 -3776.906328 -4149.632878 228.443734 425.699001 252.963062 -3933.955366 -2761.281755 -2633.024284 -2582.172337 -2546.812948 -3973.682924 -3959.798952 -3941.879375 -3923.613692 -3894.994974 -3840.345427 -3579.255369 -3767.779649 -3742.037896 -3728.674387 -3399.423982 -3360.452414 -3331.648383 -3330.940966 -3313.663487 -3281.052390 -3268.017422 -3319.483562 -3655.234191 -3396.245533 -2640.085374 -2442.407960 -2747.429523 -2598.017949 -2963.315900 -2528.719524
-3151.340681 -3172.619342 -3213.057959 -3460.412897 -3501.258181 -3363.575405 -3456.654070 -3538.256971 -3561.803041 -3473.171263 -3450.014646 -3470.496764 -3514.505811 -3565.367334 -3609.243192 -3645.595338 -3676.416265 -3715.864983 -3732.168975 -3795.797142 -4178.542439 317.759053 344.580759 153.725081 92.060398 67.182907 -3889.222583 -2522.827307 -3959.729548 -3944.020359 -3926.415842 -3906.128947 -3878.635170 -3818.592448 -3592.436124 -3776.783121 -3750.888585 -3739.204884 -3707.500944 -3391.929212 -3371.845065 -3375.020602 -3355.345632 -3320.003987 -3325.719570 -3352.002952 -2899.575888 -3084.964263 -2849.952519 -2780.909395 -2002.474414 -1635.455661 -2063.992968 -1772.220419
-3117.689172 -2816.612681 -3252.978534 -3263.017904 -3323.324348 -3393.900576 -3440.654187 -3359.495868 -3262.707247 -3132.440984 -3177.454830 -3336.491508 -3457.704848 -3542.829856 -3610.443645 -3657.824899 -3680.643857 -3700.094010 -3718.285427 -3736.086717 -3854.798964 52.039778 273.763820 205.313385 127.190060 93.645666 69.802098 -3966.169675 -3934.002926 -3903.661623 -3889.470230 -3884.809677 -3878.802417 -3838.143362 -3605.797442 -3576.251741 -3764.829917 -3754.103402 -3717.509180 -3469.824454 -3473.271720 -3482.122083 -3394.679685 -3362.062849 -3369.204707 -3363.431146 -3323.562516 -2718.486837 -2587.762425 -2301.860823 -1757.111353 -1429.588401 -1294.111850 -1205.301273
-1753.795577 -1989.012072 -3116.424429 -3286.400079 -3348.118774 -3353.526565 -3021.425940 -2763.041349 -2686.824450 -2938.537141 -3202.653644 -3406.291550 -3528.587285 -3594.258998 -3636.139547 -3670.062095 -3692.591135 -3708.246142 -3734.767285 -3743.579298 -3820.658951 -3880.485957 205.198857 219.720014 151.303135 117.903913 95.779344 -3828.077470 -3907.518403 -3712.917214 -3690.507372 -3686.718167 -3877.904279 -3844.252028 -3796.426598 -3586.779119 -3563.213385 -3545.278593 -3514.952103 -3500.912057 -3500.827328 -3496.749158 -3760.763617 -3694.388500 -3391.418411 -3386.282560 -3264.863068 -3084.168252 -2978.364642 -2786.378798 -2357.169935 -1899.889471 -1612.587283 -1482.345895
-2574.901620 -2651.375434 -2581.325915 -2667.726794 -2804.369121 -2170.821332 -2354.488668 -2737.848154 -3098.936588 -3313.307585 -3456.234789 -3550.558705 -3688.793106 -3632.632232 -3660.164522 -3686.855480 -3714.234044 -3738.525462 -3763.449713 -3773.950875 -3830.956976 -2663.158395 154.223728 210.398162 163.647397 137.295213 130.313860 50.066174 -3909.696395 -3906.550884 -3720.014810 -3697.435411 -3876.847723 -3848.829033 -3810.008660 -3790.641488 -3580.568596 -3565.094165 -3775.031107 -3776.761823 -3481.566768 -3776.418310 -3755.847411 -3448.140892 -3428.445620 -3262.647264 -3150.955752 -3043.621196 -2927.077328 -2729.149674 -2522.398577 -2220.141112 -1714.246069 -1714.643554
-2732.564711 -2626.821207 -2518.539789 -2523.960948 -2805.367075 -2450.327572 -2932.822828 -3252.329899 -3382.419585 -3420.178936 -3588.147077 -3626.207107 -3659.280859 -3681.360832 -3704.031620 -3730.287366 -3705.780594 -3736.236404 -3766.658339 -3776.915869 -3794.895935 -2635.679405 50.734537 184.960403 168.988075 152.600120 153.509023 50.240181 -2420.930462 -3914.216216 -3914.437550 -3894.771483 -3869.752277 -3848.679484 -3816.563009 -3793.513601 -3786.323268 -3785.356172 -3786.673175 -3527.176176 -3513.915789 -3500.235805 -3484.036388 -3467.838012 -3337.837269 -3201.179938 -3021.452427 -2871.960289 -2729.179032 -2628.879516 -2478.884103 -2246.646882 -1755.540869 -1749.871241
-3130.333221 -3151.226507 -3209.909011 -3271.724671 -3343.074355 -3403.774445 -3419.367561 -3275.119959 -3358.715767 -3531.593866 -3554.295545 -3574.341459 -3615.029139 -3643.870993 -3669.213274 -3693.324303 -3709.536317 -3720.508805 -3743.436420 -3766.096914 -2644.775922 -3818.058306 -3816.979125 51.036194 163.647403 177.430954 192.148475 50.994255 -2365.208433 -3857.434953 -3854.412790 -3852.688803 -3842.142126 -3828.198883 -3813.487446 -3798.430762 -3784.317349 -3780.505215 -3783.616424 -3795.904483 -3541.585628 -3524.930417 -3495.587031 -3398.389506 -3297.790230 -3158.242320 -2973.308418 -2789.255105 -2561.383398 -2430.602418 -2313.384856 -2039.699413 -1667.652212 -1703.038585
-3191.446125 -3222.888857 -3246.234098 -2764.484525 -3315.962505 -3116.842632 -3206.499957 -3291.741857 -3457.462316 -3480.421566 -3513.502734 -3533.561460 -3567.912428 -3605.257316 -3636.070735 -3663.391644 -3679.823160 -3700.679355 -3714.554746 -3910.530160 -1050.874346 -1054.219714 -1287.758770 -3730.374934 50.293500 50.656160 50.730624 -3747.837050 -2331.884314 -2312.547828 -2298.085402 -2277.108705 -3800.130481 -3985.808705 -3689.017014 -2316.445267 -3783.950341 -3771.545357 -3788.624952 -3562.711588 -3748.958290 -3488.569366 -3417.162782 -3366.474399 -3268.953227 -3260.943843 -3190.735328 -3089.941293 -2609.680598 -2328.255796 -1995.977741 -1818.292567 -1652.401002 -1606.510643
-3189.498609 -3203.228660 -2610.656658 -2813.205902 -2989.637381 -3130.369540 -3236.595968 -3294.887186 -3349.340570 -3467.383064 -3486.975319 -3508.864967 -3566.231671 -3603.121778 -3632.794627 -3641.410593 -3657.609772 -3432.097629 -3835.971751 1469.965612 -972.114189 -4030.512641 -3698.908605 -3712.934083 -3811.950265 -3725.778981 -3719.236585 -3718.402776 -3720.049347 -3721.785139 -3712.289945 -3690.641329 -4016.386553 -3666.024563 -3579.937913 -3669.547811 -2295.927698 -3774.156601 -2330.695082 -3729.292424 -3506.245608 -3447.157523 -3413.754186 -3374.881913 -3309.014599 -3121.852462 -2957.404659 -2738.101923 -2545.236456 -2310.181783 -1918.633758 -1642.829081 -1675.545057 -1542.251854
-2646.295263 -2698.399280 -2660.825502 -2845.149883 -3014.936634 -3154.986309 -3245.461722 -3311.603280 -3353.424702 -3420.260559 -3471.831249 -3504.775592 -3569.157846 -3599.347372 -3620.413064 -3565.753742 -3747.579408 1546.533062 -3559.575169 -3558.220008 -3481.171422 -3589.980347 -3583.228337 -3541.185587 -3635.305064 -3671.728546 -3681.538877 -3684.866585 -3690.862066 -3697.524318 -3701.796434 -3562.915771 -2176.341889 -1452.897251 -1207.220174 -1119.356976 -1099.845066 -2333.355837 -2318.133174 -3548.078554 -3621.271238 -3464.436196 -3449.857597 -3399.551610 -3233.787987 -3066.375483 -2842.578459 -2589.456609 -2405.465758 -2189.301908 -1855.987550 -1650.079884 -1453.228774 -1376.890556
-2567.615680 -2739.072669 -2730.013379 -2774.733495 -3036.838702 -3182.575316 -3254.333821 -3314.568217 -3361.925405 -3418.321271 -3479.147456 -3521.278309 -3546.636432 -3562.334105 -3542.428559 -3557.714301 -3518.188784 -3531.028993 -3500.992720 -3476.535225 -3478.568923 -3482.495093 -3474.530123 -3471.359002 -3523.237246 -3647.867628 -3714.815114 -3733.824518 -3666.512058 -3676.087346 -3681.845127 -1190.159148 945.948576 -1312.592527 -1219.641720 -1143.884596 -1111.588966 -2353.808565 -2292.237687 -2205.499221 -3659.215296 -3514.258114 -3463.938486 -3340.475146 -3241.230753 -3081.601287 -2881.261830 -2637.034085 -2348.117794 -1990.669653 -1789.841326 -1672.035504 -1472.545956 -1304.682801
