geotop_simulations/templates/TEST_Venosta_3D_034_template/rec/SoilPressure0000L0003.asc
ncols         252
nrows         194
xllcorner     598250.000000
yllcorner     5144500.000000
cellsize      250.000000
NODATA_value  -9999.0
[rows 120 to 143 of 194, columns 162 to 215 of 252]
-1572.653096 -2061.640681 -2892.119427 -3126.879696 -639.965594 -3376.907665 -3395.507207 -3426.169426 -3444.963930 -3322.062560 -3359.541495 -3314.139006 -3340.881993 -3482.184842 -3490.970022 -3471.211381 -3477.006517 -3501.678588 -3548.621594 -3522.189728 -3479.272358 -3450.744834 -3450.182908 -3446.124029 -3415.100710 -3324.023498 -3177.380777 -2866.331563 -2459.785313 -2200.227827 -2078.438925 -1982.606565 -1726.162764 -1140.779762 -977.450725 -875.594410 -739.120283 -939.308554 -938.341545 -844.339893 -424.162761 30.253970 310.251288 -379.003888 -2447.675785 -308.294653 6241.492603 6470.029554 14559.326275 24619.992217 8566.903165 -1145.554201 -152752.747831 -5902.306039
-1472.212186 -1797.314906 -2788.546636 -3188.888996 -3306.543726 -3366.001645 -3393.584642 -3407.565497 -3396.924475 -3387.284710 -3234.341035 -3308.939648 -3293.220747 -3368.843769 -3447.878464 -3434.594076 -3424.089244 -3432.447431 -3517.739127 -3502.542589 -3466.125085 -3420.705901 -3377.761897 -3373.011809 -3385.959314 -3301.863666 -3187.029271 -3018.381142 -2714.348252 -2324.409632 -1951.227157 -1690.590640 -1479.227135 -1470.894917 -903.886277 -741.885132 -663.546266 -846.187386 -876.683490 -809.027030 -779.360197 -161.065938 -117.060261 -40.145401 29.272493 29.270300 14689.315086 30594.005524 54635.574291 67651.975848 61355.403082 9144.086849 -4584.058503 -4711.433288
-1535.809857 -1872.649888 -2477.298757 -3133.105680 -3367.061881 -3329.816887 -3370.783315 -3349.765228 -3325.843165 -3305.762783 -3223.714593 -3195.544510 -3245.934539 -3270.824299 -3404.824327 -3375.325813 -3354.672310 -3317.776957 -3246.600372 -3474.926803 -3428.443693 -3385.567063 -3303.148587 -3252.128735 -3345.792940 -3290.107169 -3234.946871 -3002.231874 -2661.522100 -2298.211888 -1877.971106 -1627.934038 -1281.801793 -1274.718551 -781.324462 -675.643536 -843.590456 -757.183094 -785.766358 -760.212996 -750.714494 26.872853 32.892682 32.284169 34.057124 28042.187567 30.157042 62291.985314 96256.660450 94469.627436 101494.306543 -22716.600334 128691.436364 127695.614628
-1683.833480 -2078.655091 -2375.133049 -3072.658799 -3317.826432 -3315.344834 -3328.394456 -3286.501143 -3263.311196 -3255.959028 -3059.446178 -2850.801297 -3066.173054 -3146.186591 -3345.327165 -3334.343782 -3295.438362 -3185.160116 -2862.435311 -3430.901925 -3368.304116 -3362.346883 -3281.454485 -3086.270232 -3203.630904 -3240.694190 -3088.771556 -2835.909749 -2451.028683 -2017.934163 -1835.157957 -1633.232312 -1172.289753 -913.225720 -731.831796 -611.318193 -785.836591 -609.812142 -631.833988 -710.320291 -538.378018 -125.540786 1786.212549 33.220772 2085.202561 3454.916049 17748.100932 60348.122381 27.052552 -258.498026 -7012.200046 162.595592 78193.935625 42778.550697
-1892.579776 -2116.511030 -2640.773308 -3169.600683 -3301.191037 -3322.888597 -3254.146873 -3214.089677 -3182.840931 -3144.714481 -2911.728649 -2553.546855 -2905.100898 -2994.488099 -3223.488061 -3227.224811 -3182.459654 -3087.623317 -2524.070435 -3364.582488 -3254.377701 -3301.614093 -3252.039857 -2835.869235 -2830.617752 -1762.883162 -3100.887325 -2695.211307 -2174.107165 -1755.510407 -1670.792324 -1445.497790 -1050.574922 -818.572710 -745.421042 -584.221933 -585.106906 -881.536244 -938.870264 -721.655777 -609.107765 16.313816 -14573.539417 2558.041092 -144659.230350 -205629.055881 34.880198 32.497752 27278.633002 -158.542768 -228.318918 21756.541851 -40186.306487 -24140.346625
-1891.525026 -2530.246318 -2259.226772 -3268.647920 -3268.225062 -3251.219688 -3158.223731 -3097.580911 -3030.512645 -2937.847226 -2631.815556 -2468.381289 -2593.176475 -2786.621739 -3035.059508 -2879.392550 -2750.951042 -2779.668098 -2263.303809 -3058.819921 -2956.972198 -3093.877555 -3109.756578 -2527.958908 -2074.325158 -1255.955421 -1541.781823 -3045.669056 -2571.401054 -1918.003011 -1685.911105 -1402.496083 -1112.796872 -784.173048 -688.926464 -579.767656 -564.590350 -822.601994 -1059.341982 -779.615222 -1026.354979 27.554677 -169967.842746 -128514.043921 -1352.646240 35.971537 37.813675 34.649545 33.922508 -210.838410 -211.576026 -76.384660 26.388094 24.911809
-2891.847208 -2439.208035 -2846.431393 -3262.092522 -3311.943339 -3210.643626 -3078.201162 -2919.841519 -2831.979417 -2681.218640 -2338.005988 -2063.924614 -2059.731765 -2474.611322 -2726.723461 -2643.202238 -2356.019331 -2368.682289 -2144.418487 -2778.716477 -2583.722621 -2703.216286 -2812.689087 -2355.278926 -1618.335252 -899.873145 -1078.869693 -1318.718011 -1276.179678 -1823.831031 -1398.425373 -1393.993750 -1061.790086 -929.723520 -702.275772 -644.785908 -758.645290 -620.755925 -695.328893 -801.060821 -1658.388936 32.835290 -1112.597663 -11734.131419 -40625.166204 35.867633 38.444489 39.234973 34.593439 -127.225464 -194.980008 -131.330533 25.865140 24.775044
-2770.954256 -2393.699305 -3251.012318 -3314.712943 -3328.861596 -3211.025984 -3025.904913 -2759.563706 -2659.789346 -2602.775806 -2284.009728 -1995.743986 -1862.295047 -2059.417101 -2416.572257 -2500.021933 -2258.107052 -2164.408028 -2002.617989 -2533.517618 -2351.369829 -2343.181680 -2368.664883 -2040.360197 -1488.115187 -1006.767043 -911.272435 -880.151416 -824.527724 -895.512948 -812.721107 -748.421601 -767.217233 -828.203476 -728.829826 -649.165897 -692.483138 -632.054957 -780.973619 -766.358364 2744.201667 -14.802993 5584.757742 -5388.961879 -138661.968816 34.500701 37.390424 41.347168 38.541685 26.612703 -188.256180 -116.388172 26.576121 -9999.0
-1097.934773 -3014.184821 -3307.205205 -3333.005896 -3331.962816 -3199.387334 -2998.793928 -2720.413448 -2682.268449 -2578.745332 -2344.618408 -2005.020186 -1875.243831 -1828.318754 -2077.439389 -2182.636590 -2135.592129 -2091.388141 -1841.977265 -2324.375949 -2036.391830 -1895.352071 -1808.727729 -1575.235912 -1174.447397 -959.644729 -888.177289 -825.914963 -704.595835 -651.138368 -657.888158 -730.449067 -891.259458 -746.949404 -707.933356 -716.990646 -650.939398 -668.707071 -699.724710 -692.812807 -566.142290 -275.882232 28.686331 32.753622 34.539154 34.593873 35.411305 26.588198 7.615580 27.220249 -9999.0 -9999.0 -9999.0 -9999.0
-2927.428068 -2914.297170 -3384.845444 -3375.344215 -3348.114600 -3178.523092 -2922.837552 -2686.611449 -2645.271751 -2436.024143 -2139.126385 -1967.383115 -1821.759578 -1721.065460 -1771.583598 -1801.440211 -1820.402203 -1837.119636 -1649.368599 -2063.263589 -1918.973389 -1792.346692 -1696.758524 -1999.400014 -1099.477171 -926.414968 -896.583441 -827.398035 -724.287413 -625.810765 -600.935105 -505.446228 -755.660025 -1337.555546 -2528.487898 -697.081609 -633.210419 -691.777378 -732.411412 -671.135747 -540.782053 -350.565460 27.230061 31.505732 34.436883 28.696494 -30.273578 -299760.064787 -321303.539403 -9999.0 -9999.0 -9999.0 -9999.0 -9999.0
-3346.293730 994.514843 -3414.569862 -3449.591938 -3415.375042 -3305.986722 -3091.811517 -2727.179219 -2702.004492 -2441.177651 -2028.936537 -1743.902845 -2380.229047 -1691.374421 -2113.891186 -1769.469472 -1638.452941 -1676.861029 -1479.070419 -1787.888319 -1774.238768 -1688.836335 -1649.486310 -1537.266789 -1641.829707 -951.984942 -930.921454 -858.603527 -773.800378 -705.411657 -734.058279 -713.117937 -1144.853594 -2111.206682 -708.605730 -697.400962 -648.076115 -9999.0 -9999.0 -9999.0 -9999.0 -9999.0 -9999.0 31.355452 24.661642 -404158.175091 -362078.573877 -10.502196 -121.321126 -9999.0 -9999.0 -9999.0 -9999.0 -9999.0
-3161.727129 -3382.271843 -3420.057284 -3455.144513 -3492.861063 -3452.836032 -3252.655706 -3020.637053 -2856.210515 -2588.381230 -2182.613409 -2497.964937 -1466.233748 -2143.566227 -1613.858450 -2385.654536 -1786.410238 -1564.822652 -1264.297889 -1513.376200 -2341.691565 -1970.869685 -1486.098204 -1445.823517 -1709.764258 -1217.648678 -1048.704553 -1048.220913 -989.531599 -760.498073 -796.600711 -950.857116 -706.540259 -682.289672 -676.704833 -653.868545 -627.457043 -9999.0 -9999.0 -9999.0 -9999.0 -9999.0 -9999.0 -9999.0 -9999.0 -9999.0 -9999.0 -9999.0 -9999.0 -9999.0 -9999.0 -9999.0 -9999.0 -9999.0
-3221.989348 -3286.255759 -3363.162639 -3385.927398 -3383.685512 -3481.833118 -3323.931868 -3198.264308 -2797.406831 -2623.936809 -2276.329306 -1844.783349 -2150.906414 -1504.670426 -2417.159997 -2458.240164 -2330.193250 -2075.782962 -1102.484447 -1283.286432 -2346.409610 -1498.209339 -1357.571835 -1656.383996 -1513.760730 -1363.158835 -952.764927 -829.776757 -1034.941875 -698.464154 -872.012005 -820.303908 -725.775917 -661.503136 -616.086602 -584.937323 -587.804818 -9999.0 -9999.0 -9999.0 -9999.0 -9999.0 -9999.0 -9999.0 -9999.0 -9999.0 -9999.0 -9999.0 -9999.0 -9999.0 -9999.0 -9999.0 -9999.0 -9999.0
-3138.781609 -3171.042325 -3246.855360 -3146.641911 -3134.920914 -3267.188093 -3372.310008 -3255.467280 -3033.245440 -2655.878526 -2443.596959 -2103.713540 -3038.178071 -1654.466505 -1525.391100 -1486.308351 -2221.358389 -2129.683959 -1072.943386 -1038.588561 -1650.783513 -1975.355611 -1720.523226 -1516.177866 -1672.943122 -1677.670176 -1049.490647 -1218.414067 -1115.644249 -1031.240617 -926.967200 -844.112067 -731.049686 -645.070359 -598.742863 -562.357982 -565.970038 -9999.0 -9999.0 -9999.0 -9999.0 -9999.0 -9999.0 -9999.0 -9999.0 -9999.0 -9999.0 -9999.0 -9999.0 -9999.0 -9999.0 -9999.0 -9999.0 -9999.0
-2853.874508 -2823.242462 -2986.073831 -2883.384059 -2571.951407 -2899.808358 -2162.914619 -1853.279108 -1629.937126 -1595.033083 -2713.168710 -2263.307004 -3265.846277 -3341.022501 -1879.301372 -1527.462398 -2197.620004 -1546.514238 -1481.760246 -1285.176199 -905.122582 -1726.718113 -1565.081078 -1116.633720 -1053.320992 -1728.117103 -1389.853855 -1323.647136 -1163.984358 -1033.396011 -911.341307 -830.755160 -779.300444 -741.641855 -792.509746 -9999.0 -9999.0 -9999.0 -9999.0 -9999.0 -9999.0 -9999.0 -9999.0 -9999.0 -9999.0 -9999.0 -9999.0 -9999.0 -9999.0 -9999.0 -9999.0 -9999.0 -9999.0 -9999.0
-2762.022692 -2538.890519 -2534.485610 -2739.305476 -2364.503749 -2425.650820 -2790.414429 -1729.488398 -1509.742562 -1302.576640 -1677.292942 -1545.366775 -2143.500528 -3376.296014 -3133.586766 -2594.871235 -1575.472335 -1373.079431 -1274.395650 -956.134711 -782.183292 -1785.401074 -1754.708745 -1315.541915 -1120.368452 -1294.336038 -1360.858235 -1363.660861 -1311.597948 -1254.715321 -1186.184754 -1206.179511 -9999.0 -9999.0 -9999.0 -9999.0 -9999.0 -9999.0 -9999.0 -9999.0 -9999.0 -9999.0 -9999.0 -9999.0 -9999.0 -9999.0 -9999.0 -9999.0 -9999.0 -9999.0 -9999.0 -9999.0 -9999.0 -9999.0
-2639.984635 -2588.198565 -2365.763726 -2564.479683 -2234.775308 -2138.290369 -2384.634942 -2441.134565 -1345.079932 -1044.602651 -1369.235381 -1318.208580 -1177.657621 -1306.725330 -1705.042488 -2244.206979 -2192.372480 -1287.101636 -1044.696978 -1104.359802 -824.293212 -1538.646629 -1867.568519 -1967.758912 -1477.798504 -1429.319463 -1424.868985 -1458.142882 -9999.0 -9999.0 -9999.0 -9999.0 -9999.0 -9999.0 -9999.0 -9999.0 -9999.0 -9999.0 -9999.0 -9999.0 -9999.0 -9999.0 -9999.0 -9999.0 -9999.0 -9999.0 -9999.0 -9999.0 -9999.0 -9999.0 -9999.0 -9999.0 -9999.0 -9999.0
-1964.057992 -2318.253957 -2259.234469 -2239.610660 -2036.062571 -1746.406001 -1852.708531 -1735.303346 -1069.189573 -1288.586940 -850.774228 -1423.507597 -1322.123229 -1159.422562 -937.757099 -1127.287011 -1878.490915 -1298.144163 -947.541984 -1057.201323 -1040.564674 -1344.932392 -1673.530588 -1988.157634 -1638.020017 -9999.0 -9999.0 -9999.0 -9999.0 -9999.0 -9999.0 -9999.0 -9999.0 -9999.0 -9999.0 -9999.0 -9999.0 -9999.0 -9999.0 -9999.0 -9999.0 -9999.0 -9999.0 -9999.0 -9999.0 -9999.0 -9999.0 -9999.0 -9999.0 -9999.0 -9999.0 -9999.0 -9999.0 -9999.0
-1663.702710 -1690.615129 -1944.782776 -2012.497368 -1885.026191 -2010.649526 -1709.218521 -1573.163316 -1606.497573 -775.918946 -635.516049 -910.425555 -967.617538 -733.746309 -697.922584 -735.500343 -828.684350 -1028.955884 -797.793767 -918.287949 -970.848630 -1254.042893 -1440.390902 -1999.226389 -1729.185763 -9999.0 -9999.0 -9999.0 -9999.0 -9999.0 -9999.0 -9999.0 -9999.0 -9999.0 -9999.0 -9999.0 -9999.0 -9999.0 -9999.0 -9999.0 -9999.0 -9999.0 -9999.0 -9999.0 -9999.0 -9999.0 -9999.0 -9999.0 -9999.0 -9999.0 -9999.0 -9999.0 -9999.0 -9999.0
-1743.487742 -1532.928891 -1524.782883 -2062.965966 -1743.437464 -1365.929280 -1296.732469 -1852.114728 -1303.599693 -704.333457 -523.487204 -1034.495357 -861.693368 -717.750446 -582.014206 -577.549848 -720.835760 -794.035289 -683.793994 -766.684657 -896.132001 -1248.072995 -1775.180645 -1726.833322 -9999.0 -9999.0 -9999.0 -9999.0 -9999.0 -9999.0 -9999.0 -9999.0 -9999.0 -9999.0 -9999.0 -9999.0 -9999.0 -9999.0 -9999.0 -9999.0 -9999.0 -9999.0 -9999.0 -9999.0 -9999.0 -9999.0 -9999.0 -9999.0 -9999.0 -9999.0 -9999.0 -9999.0 -9999.0 -9999.0
-1839.295513 -1655.919902 -1465.114898 -1380.006170 -1555.691111 -1427.815438 -1454.197024 -1210.429008 -1137.173409 -614.088003 -536.869838 -796.445504 -771.716584 -637.940121 -497.418221 -497.695014 -556.739038 -722.224470 -673.892728 -732.471315 -848.387940 -1007.462952 -1350.243477 -9999.0 -9999.0 -9999.0 -9999.0 -9999.0 -9999.0 -9999.0 -9999.0 -9999.0 -9999.0 -9999.0 -9999.0 -9999.0 -9999.0 -9999.0 -9999.0 -9999.0 -9999.0 -9999.0 -9999.0 -9999.0 -9999.0 -9999.0 -9999.0 -9999.0 -9999.0 -9999.0 -9999.0 -9999.0 -9999.0 -9999.0
-1937.748129 -1596.696022 -1364.057285 -1361.275139 -1184.553704 -1197.517388 -1147.929864 -899.193314 -818.027250 -429.932983 -255.081696 -534.360685 -643.300671 -558.253262 -437.976160 -396.531968 -462.871307 -563.687966 -648.501374 -720.530183 -902.123174 -9999.0 -9999.0 -9999.0 -9999.0 -9999.0 -9999.0 -9999.0 -9999.0 -9999.0 -9999.0 -9999.0 -9999.0 -9999.0 -9999.0 -9999.0 -9999.0 -9999.0 -9999.0 -9999.0 -9999.0 -9999.0 -9999.0 -9999.0 -9999.0 -9999.0 -9999.0 -9999.0 -9999.0 -9999.0 -9999.0 -9999.0 -9999.0 -9999.0
-2406.206410 -2640.554124 -1478.970834 -1018.956207 -1112.273416 -962.395087 -796.059013 -729.639978 -680.266721 -611.858785 23.605486 -339.920189 -496.165871 -420.971892 -129.519963 -207.648591 -457.436369 -541.810801 -9999.0 -9999.0 -9999.0 -9999.0 -9999.0 -9999.0 -9999.0 -9999.0 -9999.0 -9999.0 -9999.0 -9999.0 -9999.0 -9999.0 -9999.0 -9999.0 -9999.0 -9999.0 -9999.0 -9999.0 -9999.0 -9999.0 -9999.0 -9999.0 -9999.0 -9999.0 -9999.0 -9999.0 -9999.0 -9999.0 -9999.0 -9999.0 -9999.0 -9999.0 -9999.0 -9999.0
-3472.059498 -3204.633303 -1747.158601 -1376.193124 -1313.669065 -1183.171779 -1040.236436 -806.784960 -704.764430 -648.967371 29.119080 -102.389245 -346.683585 22.765170 26.159896 -191.085182 -9999.0 -9999.0 -9999.0 -9999.0 -9999.0 -9999.0 -9999.0 -9999.0 -9999.0 -9999.0 -9999.0 -9999.0 -9999.0 -9999.0 -9999.0 -9999.0 -9999.0 -9999.0 -9999.0 -9999.0 -9999.0 -9999.0 -9999.0 -9999.0 -9999.0 -9999.0 -9999.0 -9999.0 -9999.0 -9999.0 -9999.0 -9999.0 -9999.0 -9999.0 -9999.0 -9999.0 -9999.0 -9999.0
