geotop_simulations/templates/TEST_Venosta_3D_034_template/rec/SoilTemperature0000L0002.asc
ncols         252
nrows         194
xllcorner     598250.000000
yllcorner     5144500.000000
cellsize      250.000000
NODATA_value  -9999.0
[rows 112 to 139 of 194, columns 0 to 62 of 252]
-9999.0 -9999.0 1.826452 1.754518 1.977668 2.505342 1.450019 2.330599 3.130071 3.453353 3.669667 3.930138 4.045200 5.341940 5.578238 5.783678 5.830218 5.820395 5.848537 5.736951 5.348424 4.412389 3.996650 3.560524 3.113115 2.692648 2.295019 1.933754 1.607375 1.383897 1.165186 0.936829 0.717348 0.506165 0.535856 0.546639 0.538493 0.700179 0.974251 1.334100 1.601447 1.853562 2.285499 2.869874 3.419369 3.946928 4.520374 5.222474 5.811134 6.406031 6.877363 5.018372 7.282762 6.044711 5.486433 5.563943 4.818248 3.944865 3.171263 2.892420 2.772492 2.444005 2.134391
-9999.0 -9999.0 1.142346 1.301168 1.974212 2.918770 3.973541 1.882607 2.787154 3.239388 3.418412 3.670910 3.891327 4.848409 5.102039 5.423307 5.526675 3.634514 5.897947 5.744918 5.004255 4.678804 4.301774 3.950847 4.668690 4.429306 4.065084 2.438533 2.110634 1.844703 1.627854 1.403357 1.229316 1.075330 1.039414 1.024242 0.989386 1.121019 1.408543 1.766727 2.078301 2.240553 2.657468 3.232867 3.921482 4.498175 4.990899 4.684693 6.132573 6.635388 8.939167 3.754343 6.189227 5.491186 5.687664 4.519939 4.506527 3.809983 3.047226 2.369507 2.080849 1.924504 1.828991
-9999.0 -9999.0 0.470108 0.537878 1.305899 2.825146 3.965997 4.488078 2.433435 3.557499 3.158104 3.434481 4.372449 4.593305 4.766059 4.793010 3.306789 1.675757 2.495890 3.495373 5.647586 4.926837 4.577655 4.274054 4.840007 4.779410 4.512478 3.069688 2.676772 2.360642 2.136952 1.926464 1.717408 1.564349 1.524524 1.493166 1.434157 1.569275 1.862538 2.217184 2.561984 2.747170 2.730405 3.399364 4.151362 4.898488 5.496696 5.946581 5.348501 6.526050 8.857577 6.335308 5.761065 4.803253 5.029582 4.506797 4.078295 3.552975 2.914747 2.165307 1.470946 1.414695 0.872666
-9999.0 -9999.0 0.239342 0.370029 0.991547 2.809657 3.668468 3.857122 2.580571 2.992502 3.391472 3.690887 3.920715 4.231427 4.437469 4.593289 4.748917 4.911503 1.644338 1.675795 5.845303 5.184547 4.886242 4.631711 4.372253 5.007684 4.821476 4.626763 3.277553 2.949627 2.641221 2.413955 2.197972 1.970974 2.025785 1.975171 1.908154 1.929987 2.259240 2.698029 4.533732 4.759165 3.435340 3.271864 4.081496 4.980060 5.801795 6.325326 6.410376 6.488615 8.767375 5.973665 5.246657 5.535006 4.809772 4.120099 3.533943 3.089170 2.612179 2.085371 1.382373 0.836015 0.415656
-9999.0 -9999.0 0.139557 0.431735 0.952523 1.954871 2.114513 2.476506 1.154609 2.374640 2.782126 3.102859 3.383233 3.715795 3.992034 4.187370 4.355933 4.528057 4.773700 4.986850 5.259858 6.012167 5.205021 5.013562 4.776192 4.542062 4.335578 5.126870 4.874106 3.529308 3.214861 2.914417 2.742798 2.528776 2.384140 2.310824 2.329440 2.376178 2.535467 2.977981 3.575676 5.193918 4.401753 4.643778 4.746961 5.255300 6.079526 6.613909 5.850893 6.634167 6.273059 5.581040 5.831372 5.194838 4.532154 3.920366 3.312521 2.650253 1.656479 1.667807 0.700845 0.109056 0.063422
-9999.0 -9999.0 -9999.0 0.766410 1.295014 1.486931 1.647351 0.380804 0.922390 2.136211 1.600167 2.544601 2.890260 3.209789 3.483396 3.739601 3.979619 4.212351 4.478392 4.707516 4.925681 5.288264 6.093526 5.363329 5.187222 5.014339 4.830722 4.627198 4.376827 4.074544 3.759395 3.490128 3.272274 3.067317 2.924069 2.845581 2.820971 2.824484 2.754841 2.908649 3.673114 5.407970 4.904938 5.253701 5.430597 5.749312 6.417032 6.825183 4.006119 5.474857 6.044071 5.388883 5.525472 4.841768 4.098176 3.435345 2.986720 2.170100 1.543925 1.353078 0.763335 0.291564 0.554969
-9999.0 -9999.0 -9999.0 1.372034 1.735972 2.137468 2.387777 2.403808 0.582998 0.937127 1.159574 1.421108 2.454013 2.776036 3.047400 3.315174 3.584621 3.907764 4.240423 4.501067 4.652318 5.050332 5.430956 6.135687 6.156256 6.154926 5.260170 5.125343 4.899426 5.402102 4.289082 4.034807 3.844175 3.664212 3.482214 4.808455 3.315571 3.289774 3.231172 3.119650 3.592802 4.343636 5.872325 6.374587 5.924523 6.100300 6.695643 6.750278 6.601365 6.108232 5.620139 5.890832 5.206219 4.478214 3.745007 2.459788 1.955520 2.186705 1.894681 1.324629 1.003674 0.765509 1.143063
-9999.0 -9999.0 -9999.0 0.816931 1.488676 1.898228 1.615682 1.348861 0.972312 1.172819 1.635117 0.855271 1.429643 1.917582 2.651690 2.937881 3.200816 3.542705 3.917083 4.204606 4.420583 4.727875 5.160537 5.456829 2.518183 4.920333 5.538024 5.464149 5.955802 5.085153 5.673697 4.589743 4.421719 4.273135 4.080276 5.210221 5.066228 3.794597 3.789458 3.766960 3.966101 4.419290 5.100445 5.873973 6.663706 6.472012 6.700132 6.589860 6.306545 5.845386 6.104543 5.621095 4.955833 4.209932 3.411078 2.640321 1.976174 1.613046 1.224444 1.080577 0.835939 0.582672 0.508556
-9999.0 -9999.0 -9999.0 0.223013 0.647932 0.669084 0.504046 0.383584 0.338005 0.411866 0.889757 1.785524 0.990807 1.511646 1.870011 2.593852 2.847126 3.176244 3.530624 3.837116 4.148011 4.391321 4.718676 5.137450 5.407472 5.427654 1.915026 5.190170 6.082785 6.026479 6.087140 5.095881 4.998413 4.873407 4.657222 5.637788 5.540974 5.510868 5.616173 5.668996 4.474077 4.957528 5.519769 6.483380 6.491973 6.800675 6.830821 6.725973 6.000724 6.245202 5.703647 5.206747 4.668521 4.043540 3.254447 2.498142 1.422816 0.775538 0.625525 0.605488 0.410110 0.188045 0.710728
-9999.0 -9999.0 -9999.0 0.207702 -0.016059 0.322008 0.247192 0.209155 0.238650 0.339533 0.575767 1.431426 2.131535 2.663787 2.965516 1.863043 2.513965 2.793640 3.107348 3.392560 3.765683 4.052205 4.323237 4.681781 5.087210 5.309282 5.406825 5.690006 5.921053 6.183527 6.361912 5.501737 5.519295 5.895655 6.000287 6.084251 6.063432 5.035055 4.996109 6.179657 6.153171 5.422731 6.073261 7.008297 6.932360 6.731315 6.791320 6.199252 5.771917 5.886233 5.253471 4.669707 4.122794 3.806858 2.956395 2.401512 1.957630 1.383921 0.923446 0.591409 0.812369 0.615511 0.885841
-9999.0 -9999.0 -9999.0 -9999.0 -9999.0 0.200530 0.042698 0.108050 0.268979 0.295530 0.575806 1.076099 1.769726 2.218065 2.483009 1.482828 1.679364 2.430933 2.637800 2.923158 3.268445 3.612130 3.944933 4.251143 4.684593 4.993354 5.172986 5.329152 5.465041 5.866008 6.071472 5.979554 6.340354 6.499952 5.708081 6.566943 5.632189 6.517906 5.709427 5.707049 6.710589 5.970014 6.520396 6.829257 5.938524 6.577725 6.372663 6.085941 5.683194 5.616468 4.926033 4.246761 3.531014 3.205059 3.098189 2.666382 2.119478 1.596767 1.302169 0.885251 1.212296 0.734304 0.800328
-9999.0 -9999.0 -9999.0 -9999.0 -9999.0 -9999.0 -9999.0 -9999.0 -9999.0 -9999.0 0.738215 0.904598 1.197258 1.600727 0.986392 1.146821 2.320528 1.479224 2.246129 2.414801 2.750607 2.607294 2.933904 3.163415 4.246333 4.622801 4.855218 5.008455 5.160938 5.422740 5.564621 5.607672 5.991119 5.911771 6.107965 6.875031 6.828286 6.923889 7.006423 6.348714 6.373405 6.606187 6.840059 3.447872 7.020520 6.434249 6.205036 5.786438 5.295310 5.276940 4.614274 3.917617 3.236694 2.689140 2.434801 2.419508 1.865162 1.398520 1.075205 0.780989 1.387835 0.859432 0.731198
-9999.0 -9999.0 -9999.0 -9999.0 -9999.0 -9999.0 -9999.0 -9999.0 -9999.0 -9999.0 -9999.0 -9999.0 1.205982 1.170035 1.298600 1.546943 1.805536 2.083726 1.207168 1.416254 2.168367 2.625783 2.591923 3.444362 3.824175 4.188515 4.469642 4.655316 4.894183 5.173978 5.350423 5.533538 5.692351 5.954065 6.315921 6.622589 6.792703 8.695193 8.735235 8.783409 5.808377 5.912906 7.405914 7.562922 8.295216 6.242361 5.766645 5.063441 5.384404 4.824654 4.239164 3.589314 3.013737 2.480988 2.056101 2.011168 1.428677 1.097309 0.679012 0.153543 0.657078 0.618132 0.686340
-9999.0 -9999.0 -9999.0 -9999.0 -9999.0 -9999.0 -9999.0 -9999.0 -9999.0 -9999.0 -9999.0 -9999.0 -9999.0 0.908921 0.669980 0.947584 1.167584 1.304075 0.617500 0.753007 1.038898 1.518992 1.993027 3.024549 3.365266 3.045502 4.043389 4.283780 4.667258 4.930460 5.031410 5.197918 5.369739 5.569605 5.884628 6.173180 6.350726 6.596173 6.610603 8.167569 6.528854 6.841982 6.485067 6.494462 7.964718 5.912222 5.341864 5.525950 4.888729 4.293731 3.761946 3.173180 2.624403 2.175845 1.782242 1.675775 1.392243 0.927016 1.075908 0.516177 0.191910 -0.016576 0.294502
-9999.0 -9999.0 -9999.0 -9999.0 -9999.0 -9999.0 -9999.0 -9999.0 -9999.0 -9999.0 -9999.0 -9999.0 -9999.0 -9999.0 0.690043 1.077006 1.329526 1.555955 0.437338 0.493832 0.496299 0.834038 1.481846 1.961912 2.294446 2.714931 3.116096 3.394108 4.350477 4.583020 4.703805 4.855809 4.980226 5.167867 5.454325 5.710371 6.075208 6.345656 6.479484 6.023439 6.559279 6.571500 6.539553 6.139987 6.426541 5.994039 5.558542 5.104509 4.535256 3.894642 3.309382 2.744042 2.177984 1.741922 2.083943 2.171761 1.222610 0.885860 0.189809 0.478953 -0.017065 -0.018710 0.604783
-9999.0 -9999.0 -9999.0 -9999.0 -9999.0 -9999.0 -9999.0 -9999.0 -9999.0 -9999.0 -9999.0 -9999.0 -9999.0 -9999.0 0.524067 0.571898 0.707199 1.468738 2.031929 2.385200 0.589994 0.687947 1.204140 1.603108 1.923874 2.371688 2.801275 3.706785 3.986851 4.168844 4.329092 4.505495 4.656129 4.856958 5.114175 5.317889 5.660393 5.917553 6.030036 6.075041 6.064320 6.052383 6.039144 6.087870 6.054631 5.642668 5.056760 4.539922 4.075415 3.090105 2.989589 2.334539 1.736529 1.157168 1.771039 1.733641 0.721307 0.738470 0.148572 0.712258 0.502592 0.388981 0.625855
-9999.0 -9999.0 -9999.0 -9999.0 -9999.0 -9999.0 -9999.0 -9999.0 -9999.0 -9999.0 -9999.0 -9999.0 -9999.0 0.106448 -0.016996 0.159076 0.279576 0.403615 0.623810 1.622922 2.274944 2.412465 2.322288 1.054190 1.351535 1.800820 2.224947 3.253133 3.543099 3.736136 3.899985 4.110495 4.334363 4.539253 4.765503 5.025098 5.354395 5.599463 5.650056 5.591281 5.462583 5.444439 5.439348 5.406551 5.467097 5.286276 4.740873 4.086591 3.509754 3.065034 2.081545 1.876686 1.204468 0.928916 1.424149 1.221193 0.140345 0.155407 0.057010 1.451373 0.906911 0.701159 -0.020137
-9999.0 -9999.0 -9999.0 -9999.0 -9999.0 -9999.0 -9999.0 -9999.0 -9999.0 -9999.0 -9999.0 -9999.0 -9999.0 -9999.0 -0.018772 -0.016213 0.241121 0.261250 0.337557 0.472063 0.589111 0.965430 0.165265 0.299654 0.703854 1.276140 1.754416 2.133271 3.029988 2.852092 3.508346 3.763990 4.093144 4.414919 4.661258 4.905859 5.075672 5.220626 5.239820 5.094623 4.848844 4.850440 4.836476 4.701326 4.708818 4.881628 4.512674 3.918964 3.245770 2.608769 1.612941 1.156961 0.676074 0.299583 0.605272 0.562102 0.567894 0.621012 0.025921 0.018661 0.935800 0.667596 0.601023
-9999.0 -9999.0 -9999.0 -9999.0 -9999.0 -9999.0 -9999.0 -9999.0 -9999.0 -9999.0 -9999.0 -9999.0 -9999.0 -9999.0 -9999.0 -9999.0 0.201236 0.196061 0.230935 0.298070 0.306676 0.320009 0.385026 0.476467 0.915526 0.770286 1.326975 1.735646 2.095366 2.419584 3.218850 3.583432 3.974912 4.362066 4.710320 4.759635 4.889509 4.836639 4.728787 5.207101 4.257093 4.157451 4.141532 4.074063 4.001862 4.338612 4.420950 3.923056 3.255261 2.549843 1.622479 0.899284 0.549726 0.418132 0.108883 0.090403 0.285925 0.335832 0.414217 0.480568 0.425117 -0.016256 0.416991
-9999.0 -9999.0 -9999.0 -9999.0 -9999.0 -9999.0 -9999.0 -9999.0 -9999.0 -9999.0 -9999.0 -9999.0 -9999.0 -9999.0 -9999.0 -9999.0 -9999.0 -9999.0 -0.017424 0.176395 0.125567 0.148227 0.198196 0.262724 0.337521 0.448184 0.917838 1.277180 1.860100 2.372855 2.821315 3.510101 3.864776 4.332634 4.026204 4.584450 4.498580 4.207008 3.855344 4.081691 3.890449 3.396701 3.402545 3.388383 3.354946 3.723856 4.133192 3.972777 3.383907 2.676583 1.942322 1.176615 0.803212 0.496230 0.008775 -0.017905 -0.000428 0.068036 0.212634 0.217637 0.176174 -0.018170 -0.021501
-9999.0 -9999.0 -9999.0 -9999.0 -9999.0 -9999.0 -9999.0 -9999.0 -9999.0 -9999.0 -9999.0 -9999.0 -9999.0 -9999.0 -9999.0 -9999.0 -9999.0 -9999.0 -9999.0 -9999.0 -0.021145 -0.018849 0.515191 0.654066 0.641846 0.652076 1.373198 2.414854 2.121547 2.584851 3.046850 3.445027 3.942179 4.268858 3.691442 4.244325 3.995943 3.556365 2.740835 2.573577 2.738338 2.625288 2.435350 2.602220 3.216016 3.169312 3.705198 3.941441 3.565394 2.918587 2.171251 1.408738 0.870912 0.876095 0.666149 0.112880 -0.022144 -0.017690 0.156085 0.121823 0.100756 -0.024735 0.094414
-9999.0 -9999.0 -9999.0 -9999.0 -9999.0 -9999.0 -9999.0 -9999.0 -9999.0 -9999.0 -9999.0 -9999.0 -9999.0 -9999.0 -9999.0 -9999.0 -9999.0 -9999.0 -9999.0 -9999.0 -9999.0 0.775568 1.283162 1.812337 2.029193 2.202237 2.823124 3.933418 2.292871 2.677331 3.166465 3.591363 4.101276 3.407881 4.289498 3.604734 3.254769 3.215045 2.550990 1.591211 1.219557 1.194055 1.453568 2.277864 2.182998 2.810553 3.519808 3.534933 3.623602 3.167108 2.486381 1.639528 1.155736 0.747426 0.369288 0.737028 0.678058 0.712551 0.626223 0.088143 -0.023789 -0.024323 0.291828
-9999.0 -9999.0 -9999.0 -9999.0 -9999.0 -9999.0 -9999.0 -9999.0 -9999.0 -9999.0 -9999.0 -9999.0 -9999.0 -9999.0 -9999.0 -9999.0 -9999.0 -9999.0 -9999.0 -9999.0 -9999.0 1.282440 1.760306 2.271347 2.610330 2.903288 3.277889 4.009222 5.208391 2.468901 3.327698 3.232500 3.808858 3.164421 2.694180 2.515462 2.336699 2.005853 1.689701 0.931735 0.384974 0.365285 0.825998 1.832118 1.752462 2.112752 2.992536 2.992485 3.535350 2.690515 2.594148 2.034598 1.516282 1.125196 0.742899 0.461825 0.446852 1.414191 0.221628 0.152443 0.397147 0.468344 0.662640
-9999.0 -9999.0 -9999.0 -9999.0 -9999.0 -9999.0 -9999.0 -9999.0 -9999.0 -9999.0 -9999.0 -9999.0 -9999.0 -9999.0 -9999.0 -9999.0 -9999.0 -9999.0 -9999.0 -9999.0 -9999.0 2.700044 2.778009 3.127474 3.446243 3.779870 4.494215 5.237312 5.604467 1.966190 2.976240 2.407499 3.049451 2.826366 2.866659 1.692860 0.515214 0.363836 0.371978 0.375056 0.245150 0.415754 0.632502 0.855988 0.957469 1.803607 3.389549 2.608614 3.245019 2.978883 2.013492 1.824145 1.727106 1.482606 1.121317 0.812963 0.649353 0.440434 0.183285 0.125011 0.554751 0.832590 1.862411
-9999.0 -9999.0 -9999.0 -9999.0 -9999.0 -9999.0 -9999.0 -9999.0 -9999.0 -9999.0 -9999.0 -9999.0 -9999.0 -9999.0 -9999.0 -9999.0 -9999.0 -9999.0 -9999.0 -9999.0 -9999.0 3.552413 3.604934 3.944732 1.475943 1.861928 2.059813 1.379125 1.588558 1.800302 1.914670 2.032601 2.535336 3.354350 2.548216 1.449298 0.455781 0.274758 0.178885 -0.014050 -0.017834 0.615783 0.674145 0.834028 1.459845 2.744049 4.398934 2.539974 3.042162 2.624274 1.523938 1.296337 1.369217 1.378278 1.340046 1.029119 0.689777 0.335269 0.114427 0.114508 0.874427 2.095242 0.860958
-9999.0 -9999.0 -9999.0 -9999.0 -9999.0 -9999.0 -9999.0 -9999.0 -9999.0 -9999.0 -9999.0 -9999.0 -9999.0 -9999.0 -9999.0 -9999.0 -9999.0 -9999.0 -9999.0 -9999.0 -9999.0 1.482072 1.596269 1.646455 1.672265 1.856165 1.386994 3.714186 2.516810 1.758994 1.240191 1.332183 1.649512 2.445442 1.983655 1.266792 0.545885 0.034604 -0.012075 -0.020468 0.591592 0.817203 1.397882 1.971988 2.842171 4.076024 1.216058 2.524197 2.281663 2.215118 1.171738 0.541752 0.452396 0.691102 1.033143 0.961609 0.464225 0.044053 -0.012979 0.362136 0.879599 2.073943 0.975193
-9999.0 -9999.0 -9999.0 -9999.0 -9999.0 -9999.0 -9999.0 -9999.0 -9999.0 -9999.0 -9999.0 -9999.0 -9999.0 -9999.0 -9999.0 -9999.0 -9999.0 -9999.0 -9999.0 -9999.0 -9999.0 1.717063 1.779362 1.804505 1.027472 0.035416 1.858137 1.582376 0.791647 0.401005 0.417787 0.859523 1.227458 1.264868 1.194880 0.739762 0.535180 0.230892 0.017740 0.236985 0.338995 0.442316 0.574167 1.106583 2.125650 3.201343 1.287880 2.452497 2.007726 1.812859 0.850656 0.277078 0.062633 0.089352 0.445911 0.904726 0.266902 0.038709 -0.005683 -0.019947 0.535388 0.955466 0.597745
-9999.0 -9999.0 -9999.0 -9999.0 -9999.0 -9999.0 -9999.0 -9999.0 -9999.0 -9999.0 -9999.0 -9999.0 -9999.0 -9999.0 -9999.0 -9999.0 -9999.0 -9999.0 -9999.0 -9999.0 -9999.0 1.274948 1.102099 0.818280 0.714473 1.144856 1.349026 0.548934 0.382515 0.465816 0.980662 1.415968 1.536022 1.401453 0.067361 0.858768 1.054086 1.000876 0.771728 0.483898 -0.021326 -0.014082 0.035036 0.125379 0.515145 1.956696 1.453982 1.829514 1.811321 1.206671 0.611793 0.141509 0.222447 0.417876 0.127019 0.663349 0.181392 0.009863 -0.029652 -0.026607 -0.018022 0.452202 0.755845
