geotop_simulations/templates/TEST_Venosta_3D_034_template/rec/SoilPressure0000L0001.asc
ncols         252
nrows         194
xllcorner     598250.000000
yllcorner     5144500.000000
cellsize      250.000000
NODATA_value  -9999.0
[rows 168 to 191 of 194, columns 108 to 161 of 252]
-149087.311425 -44177.214543 -48341.508335 -60805.993472 -50612.839681 -50816.044962 -77120.209438 -51678.978041 -58107.830656 -52437.477925 -43467.916844 -28579.199776 -3951.227380 -4326.403561 -4747.974750 -4556.306842 -4517.853196 -4453.234392 -4451.908439 -4306.401256 -4200.412330 -4091.580555 -4107.133541 -4118.678876 -3185.748578 -4258.478644 -4341.101719 -3986.241657 -3788.936710 -3808.791537 -3947.569831 -3920.701653 -3683.920176 -3516.098420 -3819.204939 -4292.419228 -4492.156460 -4605.577995 -4759.947014 -4714.467362 -4469.641753 -10162.837179 -37627.915936 -22802.646666 -21473.010951 -9999.0 -9999.0 -9999.0 -9999.0 -9999.0 -9999.0 -9999.0 -9999.0 -9999.0
-69569.918397 -58576.798539 -66935.109852 -77991.941997 -61349.264912 -68018.357391 -83236.528038 -66941.463348 -70051.770229 -63084.925052 -52009.335425 -35322.389729 -4574.443420 -4242.127808 -4492.744530 -4470.176057 -4532.960492 -4479.142911 -4402.581396 -4323.875828 -4273.990936 -4198.742400 -4138.336477 -3720.463554 138.038928 -3590.327767 -3855.388792 -3811.511225 -3895.698441 -3945.400743 -3855.408462 -3943.304953 -3755.053026 -2995.558483 -2726.960992 -3556.213672 -4327.803170 -4182.837091 -4053.296369 -4280.095296 -11545.910559 -19545.113909 -15676.556900 -27155.457713 -9999.0 -9999.0 -9999.0 -9999.0 -9999.0 -9999.0 -9999.0 -9999.0 -9999.0 -9999.0
-50521.506963 -60797.286802 -67143.003134 -62875.130654 -67579.893017 -66415.126253 -61856.207141 -42742.328119 -44497.774324 -37543.167500 -6615.528373 -4494.822072 -4563.175060 -4425.301850 -4426.234398 -4339.195903 -4452.419639 -4462.346544 -4431.942770 -4325.006052 -4334.674214 -4143.957908 -3906.993074 -3861.707435 -3690.593076 -3642.674686 -4033.839592 -4015.846973 -4007.991159 -4024.411220 -3847.996169 -3316.360138 -3088.019770 -2774.810661 -1937.014837 -2513.561563 -2931.865227 -4711.488879 -4539.836539 -19477.027962 -30780.084800 -19849.225533 -32221.011553 -36371.065165 -9999.0 -9999.0 -9999.0 -9999.0 -9999.0 -9999.0 -9999.0 -9999.0 -9999.0 -9999.0
-593620.493742 -49059.217209 -59290.828999 -55010.884658 -43236.499098 -40824.500793 -28954.785757 -5412.720134 -4683.884543 -4672.314923 -4659.748743 -4706.529363 -4775.848236 -4676.605027 -4560.176602 -4225.872935 -4336.979608 -4466.070799 -4478.639293 -4449.207488 -4398.805045 -4262.012870 -3955.074098 -3786.905106 -3626.905227 -3493.155889 -4039.725548 -4047.131032 -4001.014204 -3733.850369 -3320.296034 -2900.623803 -3278.458457 -3210.638486 -1127.838676 -2790.254934 -4053.665423 -5515.739565 -33698.635135 -499838.363928 -22159.967516 -375445.567125 -9999.0 -9999.0 -9999.0 -9999.0 -9999.0 -9999.0 -9999.0 -9999.0 -9999.0 -9999.0 -9999.0 -9999.0
-46003.285089 -28183.088280 -47664.215156 -41617.513758 -31701.858138 -7982.952894 -4554.292426 -4610.260786 -4728.632864 -4808.328502 -4779.956151 -4763.084075 -4800.476799 -4767.423768 -4229.195687 -4202.128018 -4321.953416 -4592.632909 1426.894961 -3321.621119 -4550.914315 -4376.673142 -4094.632358 -3865.825660 -3634.749950 -3468.466004 -3894.471186 -4192.382596 -4045.860936 -3839.225281 -3447.857569 -3840.033857 -5085.535147 -1484.122917 -22083.799693 -181884.399656 -107958.500601 -117487.299554 -103613.469847 -100286.598688 -298095.012758 -97119.935907 -9999.0 -9999.0 -9999.0 -9999.0 -9999.0 -9999.0 -9999.0 -9999.0 -9999.0 -9999.0 -9999.0 -9999.0
-60135.885473 -60387.331664 -53350.432579 -50308.116654 -41214.641342 -29919.240664 -4984.609406 -4546.672149 -4307.553368 -4374.856090 -4341.333523 -4334.384980 -4349.941041 -4310.852307 -4270.453242 -4258.321663 -4522.534855 -4647.188640 -4716.797439 -4757.391493 -4319.580745 -4200.588270 -4025.373149 -3784.052659 -3461.627410 -3323.075102 -3904.021651 -4347.234719 -4185.743758 -3946.741779 -3666.591036 -6710.897761 -18342.178594 -9739.435851 -12296.223520 -9999.0 -9999.0 -9999.0 -9999.0 -9999.0 -9999.0 -58157.590361 -46070.592566 -41613.823248 -1551.868813 -2746521.057382 -9999.0 -9999.0 -9999.0 -9999.0 -9999.0 -9999.0 -9999.0 -9999.0
-51297.739232 -62352.706979 -61179.904658 -46802.886821 -46477.706836 -45129.449452 -26812.412986 -4211.342653 -4288.596518 -4456.508350 -4449.886654 -4449.962669 -4421.724626 -4360.616887 -4358.339835 -4531.318957 -4596.710438 -4487.938502 -4443.390525 -4363.131459 -4391.165193 -4270.269320 -4091.112293 -4026.553213 -3806.365214 -2928.020286 -3952.753669 -3948.981811 -4110.730742 -3947.125670 -4821.900384 -22606.307084 -28819.662633 -56937.190228 -9999.0 -9999.0 -9999.0 -9999.0 -9999.0 -9999.0 -9999.0 -9999.0 -9999.0 -9999.0 -9999.0 -9999.0 -9999.0 -9999.0 -9999.0 -9999.0 -9999.0 -9999.0 -9999.0 -9999.0
-44383.873702 -57954.489177 -68773.814711 -71468.364218 -56499.049355 -54197.552725 -39670.975623 -27423.790430 -4370.668020 -4224.293880 -4437.003161 -4550.766757 -4516.532773 -4117.627504 -4233.433501 -4532.496892 -4827.687886 -4853.258669 -4378.162262 -4191.944961 -3984.005172 -3768.351189 -3279.647780 -3246.176245 -3378.192384 -2602.295172 -3041.897641 -3222.342588 -3840.354781 -4095.617368 -5137.650147 -33769.053866 -50809.959699 -9999.0 -9999.0 -9999.0 -9999.0 -9999.0 -9999.0 -9999.0 -9999.0 -9999.0 -9999.0 -9999.0 -9999.0 -9999.0 -9999.0 -9999.0 -9999.0 -9999.0 -9999.0 -9999.0 -9999.0 -9999.0
-33321.956736 -49014.066015 -60163.790236 -62565.412911 -67468.087431 -69352.652420 -52651.599376 -41831.237570 -18297.103434 -4168.085965 -4398.987851 -4521.310742 -4577.901155 -3243.689906 -3839.072274 -4359.247454 -4443.342597 -4342.474861 -4104.995179 -4076.445116 -3676.947743 -2770.908830 -4872.262535 -4257.189500 -2948.443620 -2539.151425 -3106.850813 -3245.979146 -3796.585413 -4071.062242 -8636.002291 -46088.166264 -40261.247229 -9999.0 -9999.0 -9999.0 -9999.0 -9999.0 -9999.0 -9999.0 -9999.0 -9999.0 -9999.0 -9999.0 -9999.0 -9999.0 -9999.0 -9999.0 -9999.0 -9999.0 -9999.0 -9999.0 -9999.0 -9999.0
-43598.244200 -61938.575080 -50219.456176 -42384.856043 -47437.372187 -49737.674011 -53402.463347 -45182.231257 -4507.683376 -4626.984455 -4773.971407 -4831.521396 -4358.919602 -4134.757611 -3885.870722 -4442.429479 -4377.340192 -4226.542898 -4204.659255 -3632.518213 -3137.743255 -5694.595837 -6114.016309 -4177.410751 -3568.029712 -3831.499844 -5346.635885 -10367.087125 -7185.932014 -9822.098528 -38593.072459 -42522.481284 -9999.0 -9999.0 -9999.0 -9999.0 -9999.0 -9999.0 -9999.0 -9999.0 -9999.0 -9999.0 -9999.0 -9999.0 -9999.0 -9999.0 -9999.0 -9999.0 -9999.0 -9999.0 -9999.0 -9999.0 -9999.0 -9999.0
-56784.354940 -62326.429616 -45061.775214 -25327.388549 -6944.142945 -5857.357154 -4528.091286 -4415.157213 -4429.988087 -4652.727009 -4819.306431 -4361.137618 -3939.040549 -3721.257008 -4427.678008 -4348.147215 -4179.356711 -4184.822089 -3112.303800 -3347.108264 -6165.224768 -6615.712980 -7417.432666 -3213.766980 -3444.960954 -4037.715987 -4694.405589 -20044.851880 -25981.269889 -39485.945003 -39798.072764 -9999.0 -9999.0 -9999.0 -9999.0 -9999.0 -9999.0 -9999.0 -9999.0 -9999.0 -9999.0 -9999.0 -9999.0 -9999.0 -9999.0 -9999.0 -9999.0 -9999.0 -9999.0 -9999.0 -9999.0 -9999.0 -9999.0 -9999.0
-33569.170617 -37033.729670 -33683.221695 -6462.750758 -4322.791005 -4533.113054 -4619.778633 -4609.502691 -4614.756480 -4204.748802 -4353.509434 -4355.879798 -3398.273121 -4402.902266 -4241.093610 -4278.085463 -3862.382690 -3552.731748 -3853.604956 -7474.401641 -4798.974741 -4324.600797 -1887.614984 -1085.961191 -1195.847468 -2118.832546 -5195.285380 -13211.461975 -28705.347006 -9999.0 -9999.0 -9999.0 -9999.0 -9999.0 -9999.0 -9999.0 -9999.0 -9999.0 -9999.0 -9999.0 -9999.0 -9999.0 -9999.0 -9999.0 -9999.0 -9999.0 -9999.0 -9999.0 -9999.0 -9999.0 -9999.0 -9999.0 -9999.0 -9999.0
-4658.787445 -4674.612369 -4595.229360 -4174.750471 -4357.139478 -4534.043275 -4596.903887 -4654.923188 -4696.516552 -4732.047288 -4466.428502 -4379.745624 -4066.726055 -3568.648871 -3434.341306 -3057.822117 -3880.418390 -3397.390365 -6962.393669 -5862.521204 -3840.151182 -1646.142559 -1332.587834 -1915.136317 -1490.438395 -1003.119414 -2930.747933 -8032.041054 -9999.0 -9999.0 -9999.0 -9999.0 -9999.0 -9999.0 -9999.0 -9999.0 -9999.0 -9999.0 -9999.0 -9999.0 -9999.0 -9999.0 -9999.0 -9999.0 -9999.0 -9999.0 -9999.0 -9999.0 -9999.0 -9999.0 -9999.0 -9999.0 -9999.0 -9999.0
-4462.690912 -4551.399859 -4463.237037 -4343.162703 -4355.963374 -4176.655699 -4242.384788 -4280.664802 -4249.173289 -4040.832853 -4067.201822 -3983.765470 -3610.041184 -3243.231250 -3269.668153 -2627.877005 -3442.736041 -4746.919972 -7927.262189 -2763.160052 -1790.776399 -1111.688470 -22676.059170 -47498.490268 -47249.319623 -21017.640589 -1673.087321 -9999.0 -9999.0 -9999.0 -9999.0 -9999.0 -9999.0 -9999.0 -9999.0 -9999.0 -9999.0 -9999.0 -9999.0 -9999.0 -9999.0 -9999.0 -9999.0 -9999.0 -9999.0 -9999.0 -9999.0 -9999.0 -9999.0 -9999.0 -9999.0 -9999.0 -9999.0 -9999.0
-1646.652504 -2573.753807 -2831.164719 -4183.068337 -4111.772776 -3501.735501 -3421.422958 -3545.551845 -3568.795141 -3436.169181 -3676.928846 -3655.868981 -3384.592915 -7091.831818 -6094.535587 -3270.627354 -3218.314315 -5827.587795 -1790.917007 -988.469441 -866.328439 -28336.267294 -48534.243298 -206205.493679 -256165.849979 -317651.210721 -9999.0 -9999.0 -9999.0 -9999.0 -9999.0 -9999.0 -9999.0 -9999.0 -9999.0 -9999.0 -9999.0 -9999.0 -9999.0 -9999.0 -9999.0 -9999.0 -9999.0 -9999.0 -9999.0 -9999.0 -9999.0 -9999.0 -9999.0 -9999.0 -9999.0 -9999.0 -9999.0 -9999.0
-32135.310292 -30652.820179 -27999.866526 -4016.071418 -5666.302069 -12736.915438 -10304.764611 -5956.062641 -4565.337499 -3881.851651 -3644.571703 -4104.442502 -11737.561875 -13513.657555 -8650.777547 -2528.246922 -1275.022316 -1149.163665 -1634.978899 -41905.721942 -267372.017003 -177623.926022 -117240.586648 -105840.549466 -46969.302039 -45832.686536 -9999.0 -9999.0 -9999.0 -9999.0 -9999.0 -9999.0 -9999.0 -9999.0 -9999.0 -9999.0 -9999.0 -9999.0 -9999.0 -9999.0 -9999.0 -9999.0 -9999.0 -9999.0 -9999.0 -9999.0 -9999.0 -9999.0 -9999.0 -9999.0 -9999.0 -9999.0 -9999.0 -9999.0
-265994.268183 -392871.725802 -34406.958050 -27100.092719 -11508.406475 -19394.992848 -24641.090355 -12704.449063 -5596.051022 -4178.085060 -4662.258311 -12656.801717 -13976.375550 -7501.852965 -6484.678416 -31906.779711 -31294.062838 -38444.793346 -201519.092892 -120881.667006 -108136.815802 -108001.556374 -105252.920669 -43005.528719 -9999.0 -35171.800706 -17371.517258 -726.133471 -41915616.912999 -9999.0 -9999.0 -9999.0 -9999.0 -9999.0 -9999.0 -9999.0 -9999.0 -9999.0 -9999.0 -9999.0 -9999.0 -9999.0 -9999.0 -9999.0 -9999.0 -9999.0 -9999.0 -9999.0 -9999.0 -9999.0 -9999.0 -9999.0 -9999.0 -9999.0
-44591.574379 -44367.841554 -36274.559682 -21410.879228 -10252.100174 -23127.744304 -28350.927168 -23280.084116 -13343.030378 -7157.493269 -14274.587550 -14050.184682 -5582.211254 -6461.096151 -20459.631384 -45189.553497 -41364.393344 -174824.606417 -105163.881394 -77895.463294 -79055.243923 -93872.322034 -31515.020016 -9999.0 -9999.0 -9999.0 -9999.0 -9999.0 -9999.0 -9999.0 -9999.0 -9999.0 -9999.0 -9999.0 -9999.0 -9999.0 -9999.0 -9999.0 -9999.0 -9999.0 -9999.0 -9999.0 -9999.0 -9999.0 -9999.0 -9999.0 -9999.0 -9999.0 -9999.0 -9999.0 -9999.0 -9999.0 -9999.0 -9999.0
-53029.859292 -47934.378260 -49878.702641 -17789.650731 -7677.578256 -15354.766092 -22677.794431 -19010.675831 -15451.454387 -10030.284227 -15238.516754 -4710.185365 -19522.480088 -37046.793579 -49241.222052 -47082.984455 -148438.161854 -90231.587910 -75971.302420 -84339.936472 -9999.0 -9999.0 -9999.0 -9999.0 -9999.0 -9999.0 -9999.0 -9999.0 -9999.0 -9999.0 -9999.0 -9999.0 -9999.0 -9999.0 -9999.0 -9999.0 -9999.0 -9999.0 -9999.0 -9999.0 -9999.0 -9999.0 -9999.0 -9999.0 -9999.0 -9999.0 -9999.0 -9999.0 -9999.0 -9999.0 -9999.0 -9999.0 -9999.0 -9999.0
-157445.426548 -252184.304281 -45886.580625 -49239.178678 -10006.649461 -3163.334784 -7379.481172 -16653.841396 -1978.009797 -10878.502800 -451775.722789 -234830.880979 -126796.202002 -167644.832296 -227069.734435 -122759.450645 -100183.571839 -79734.160762 -93396.686899 -9999.0 -9999.0 -9999.0 -9999.0 -9999.0 -9999.0 -9999.0 -9999.0 -9999.0 -9999.0 -9999.0 -9999.0 -9999.0 -9999.0 -9999.0 -9999.0 -9999.0 -9999.0 -9999.0 -9999.0 -9999.0 -9999.0 -9999.0 -9999.0 -9999.0 -9999.0 -9999.0 -9999.0 -9999.0 -9999.0 -9999.0 -9999.0 -9999.0 -9999.0 -9999.0
-71490.408200 -75923.739933 -87692.271950 -172997.266080 -29970.846611 -41797.827607 -4424.244835 -16784.366960 -559367.592760 -264894.680578 -172403.262353 -82216.561689 -80684.713405 -101591.605007 -106858.731519 -75768.702806 -70816.213422 -91449.343019 -9999.0 -9999.0 -9999.0 -9999.0 -9999.0 -9999.0 -9999.0 -9999.0 -9999.0 -9999.0 -9999.0 -9999.0 -9999.0 -9999.0 -9999.0 -9999.0 -9999.0 -9999.0 -9999.0 -9999.0 -9999.0 -9999.0 -9999.0 -9999.0 -9999.0 -9999.0 -9999.0 -9999.0 -9999.0 -9999.0 -9999.0 -9999.0 -9999.0 -9999.0 -9999.0 -9999.0
-66416.045873 -71615.977899 -88207.298499 -117571.266879 -216410.161888 -281705.391841 -197405.090393 -98324.074110 -95312.636208 -91659.816303 -117082.949787 -9999.0 -9999.0 -9999.0 -9999.0 -9999.0 -91423.826002 -45877.394142 -1716.277631 -4172.233000 -15201.756893 -42261284.215922 -9999.0 -9999.0 -9999.0 -9999.0 -9999.0 -9999.0 -9999.0 -9999.0 -9999.0 -9999.0 -9999.0 -9999.0 -9999.0 -9999.0 -9999.0 -9999.0 -9999.0 -9999.0 -9999.0 -9999.0 -9999.0 -9999.0 -9999.0 -9999.0 -9999.0 -9999.0 -9999.0 -9999.0 -9999.0 -9999.0 -9999.0 -9999.0
-88543.526355 -96372.529135 -101563.834331 -107322.412669 -125272.898142 -177482.361896 -9999.0 -9999.0 -9999.0 -9999.0 -9999.0 -9999.0 -9999.0 -9999.0 -9999.0 -9999.0 -9999.0 -9999.0 -9999.0 -9999.0 -9999.0 -9999.0 -9999.0 -9999.0 -9999.0 -9999.0 -9999.0 -9999.0 -9999.0 -9999.0 -9999.0 -9999.0 -9999.0 -9999.0 -9999.0 -9999.0 -9999.0 -9999.0 -9999.0 -9999.0 -9999.0 -9999.0 -9999.0 -9999.0 -9999.0 -9999.0 -9999.0 -9999.0 -9999.0 -9999.0 -9999.0 -9999.0 -9999.0 -9999.0
-58150.097545 -62458.160219 -9999.0 -9999.0 -9999.0 -9999.0 -9999.0 -9999.0 -9999.0 -9999.0 -9999.0 -9999.0 -9999.0 -9999.0 -9999.0 -9999.0 -9999.0 -9999.0 -9999.0 -9999.0 -9999.0 -9999.0 -9999.0 -9999.0 -9999.0 -9999.0 -9999.0 -9999.0 -9999.0 -9999.0 -9999.0 -9999.0 -9999.0 -9999.0 -9999.0 -9999.0 -9999.0 -9999.0 -9999.0 -9999.0 -9999.0 -9999.0 -9999.0 -9999.0 -9999.0 -9999.0 -9999.0 -9999.0 -9999.0 -9999.0 -9999.0 -9999.0 -9999.0 -9999.0
