geotop_simulations/templates/TEST_Venosta_3D_034_template/rec/SoilPressure0000L0000.asc
ncols         252
nrows         194
xllcorner     598250.000000
yllcorner     5144500.000000
cellsize      250.000000
NODATA_value  -9999.0
[rows 48 to 71 of 194, columns 108 to 161 of 252]
-4277.669954 -3980.918517 -3895.990043 -1804.760888 -1103.892530 -605.657654 0.990195 6.385505 9.926321 12.985977 6.096881 3.027310 -428.412508 -429.875513 -700.124049 -1576.802846 -3002.949168 -3871.009670 -5865.119274 -17187.822677 -31715.370404 -41746.042211 -14123.298166 -33595.522332 0.006515 4.117723 4.565357 4.768095 4.540311 8.750407 0.088614 -20172.699630 -5268.283101 -31674.205682 -38810.056317 -17318.159513 -4333.961498 -4630.080965 -5261.488158 -5114.545225 -4772.932317 -4873.672823 -5105.589713 -5286.683492 -5852.019450 -6667.756712 -68390.560351 -92484.457008 -101272.735112 -101550.113308 -96868.397188 -86699.739903 -62208.110786 -47097.100473
-3676.374862 -3609.834334 -2272.897436 -3460.865380 -8145.050286 -744.013342 2.542043 6.779878 7.829265 0.000563 -9362.081430 -4554.806142 -1048.649581 -1209.370505 -7368.408243 -3430.672420 -3794.382941 -3922.151954 -4621.208710 -6880.598914 -18234.139476 -29925.761773 -17488.437864 -22382.010146 -42067.104816 3.996514 4.641553 4.756603 4.675431 0.063873 -38971.682881 -12137.342996 -19924.007893 -38037.968602 -20295.455095 -4303.766287 -4425.085648 -4564.763716 -5353.063656 -5498.815593 -5042.569529 -4942.193104 -5212.902688 -5734.427709 -6077.105167 -5722.454552 -10229.690374 -55605.524102 -84584.765779 -88245.020819 -82198.196318 -56761.712458 -9893.608603 -5267.427988
-3780.722461 -1927.421186 -2167.533343 -2045.597008 -3543.138757 -7061.921145 -7511.890472 -4765.486176 0.000419 -4866.882617 -2153.561411 -2132.999161 -5995.990634 -24683.387180 -9258.406039 -3729.309206 -3795.459312 -30127.328707 -6617.041756 -3996.582954 -7470.235313 -5738.871276 -26684.855802 -10647.085101 -35229.724906 4.295784 4.596366 4.739193 4.703155 -47353.150002 -10511.680112 -42847.221359 -36682.302361 -23350.163722 -4753.666061 -4485.991879 -4141.704635 -4396.010422 -5134.243592 -5595.103597 -5218.875471 -4749.077363 -5245.436654 -5938.371900 -6300.470982 -6622.982233 -5832.112400 -5648.779869 -40851.220515 -51096.250345 -48980.250599 -11162.065801 -5113.953306 -5314.640175
-1782.998406 -1644.018170 -1225.023912 -1388.235106 -2206.149579 -18673.024187 -13998.667102 -9163.607284 -5200.591965 -8078.117652 -7287.560198 -3630.736453 -6761.465586 -24897.033690 -20114.194720 -4850.830716 -17410.746498 -14623.826707 -16179.260495 -3764.691053 -4061.224904 -4045.250968 -1788.534875 -33010.523512 0.048930 7.704850 4.607252 4.652247 7.499648 0.000569 -24024.210400 -40288.142192 -30051.500705 -8986.586628 -4709.717786 -5167.498075 -3640.331804 -4023.666750 -4556.020308 -5341.139451 -5389.397951 -5009.492113 -5142.131309 -5839.448213 -6374.953477 -6670.983170 -6014.637083 -5955.461384 -5789.813785 -6048.253372 -6632.575782 -5181.202857 -5258.617765 -5341.587707
-3189.260740 -1169.019413 -1011.363032 -1063.897401 -1393.681107 -2388.205554 -5423.620590 -3836.583375 -3346.401830 -15803.387607 -6886.088464 -2803.499043 -3476.603603 -11902.945427 -23028.353360 -9037.465555 -3473.108208 -3719.314427 -3819.593290 -3723.414105 -3582.219851 -3682.368026 -2311.892850 -45699.787255 3.547650 0.061541 8.001226 4.608302 10.943846 2.032597 -1943.315111 -4110.235566 -15098.794448 -24793.907903 -21549.818589 -9851.026127 -4277.403105 -4091.664389 -4196.171268 -4702.149254 -5061.506970 -5034.129549 -5036.502087 -5600.810244 -6203.085954 -6595.509295 -6663.167393 -6129.958201 -5984.641225 -5819.609648 -5530.537758 -5276.564925 -5436.751187 -5473.409589
-2279.123187 -1328.742782 -1034.851485 -929.700882 -1041.016991 -1069.059614 -716.661129 -432.616345 -3008.005141 -3800.569688 -9791.890460 -8454.710092 -22472.163296 -30426.790486 -28376.058185 -6518.208560 -3778.057208 -30962.976334 -14285.698774 -3744.229582 -3471.753812 -7350.110416 -12480.541744 -23360.430645 -19307.431967 -36982.755749 0.038752 4.645953 9.586736 8.038020 0.348808 -2014.920237 -3646.399225 -13192.970154 -27728.879919 -4561.043286 -4051.722758 -4140.861072 -4213.428025 -4290.096638 -4784.434341 -5021.375417 -5474.251883 -5602.055344 -5997.604081 -6446.545778 -6317.829672 -6335.368307 -6159.802337 -6003.351460 -5678.979599 -5011.077992 -5123.282408 -5374.510496
-3043.895542 -2475.083526 -1250.392064 -958.079825 -790.691337 -370.996819 0.240012 2.062461 -3480.269414 -4067.275346 -12437.363445 -27759.959795 -31819.146815 -33110.993295 -13378.446053 -4134.394576 -3868.279132 -14643.176403 -4307.825930 -3966.216161 -4198.389235 -12733.081834 -55615.045875 -66638.664304 -24660.962676 -22335.748421 0.000207 5.237000 5.843258 0.002759 0.013094 -33722.489189 -18141.403133 -19747.352492 -12481.777440 -4130.648080 -4200.250252 -4210.058238 -4416.470815 -4412.256291 -4431.878783 -4486.739135 -4903.737202 -6109.850627 -6044.360175 -6429.273083 -6767.522223 -7032.711375 -6331.135220 -6143.463623 -5885.652534 -5166.335340 -4664.314759 -5006.765448
-2728.382676 -2124.528400 -1235.661375 -1032.273401 -1493.078937 4.217716 4.416632 -47794.281365 -1093.522237 -2518.478015 -22826.635303 -11236.277411 -5935.095071 -5129.067980 -4144.436181 -29960.327693 -3971.631922 -5623.846462 -3513.394686 -4016.185901 -4102.679499 -6337.263408 -51889.352966 -69147.507543 -20033.305741 -18243.897027 0.000212 4.996823 4.852166 4.557558 5.680601 0.004270 -44978.700536 -33644.143545 -6320.027731 -3976.203939 -4123.456851 -4378.250173 -4492.241502 -4455.348713 -4436.306880 -4377.362035 -4735.405989 -5306.581993 -5885.442012 -6262.826606 -6549.925920 -6976.178347 -6401.398199 -6252.310436 -6113.832672 -5668.477450 -4944.820447 -4857.664312
-3800.305503 -1513.985639 -1199.955099 -1816.770980 -6142.300317 -2656.239648 -68247.518002 -13666.828681 -26667.611880 -5022.796670 -5286.097252 -3700.069909 -3915.164393 -29722.562599 -25109.270934 -12184.123655 -4370.455476 -3885.218543 -3717.417460 -4091.061781 -4260.346309 -4135.361822 -31989.464576 -36080.896757 -12559.794229 -14846.873939 -23558.148612 4.636105 4.571412 4.770106 -18524.190657 -37021.409116 -34090.355195 -28803.345627 -7620.209695 -4156.916260 -3858.597791 -3701.958821 -4186.433816 -4188.240647 -4357.716563 -4295.684403 -4474.725124 -5060.685665 -5733.779654 -6192.243451 -6554.647265 -7003.598145 -7143.283656 -6403.694412 -6282.509992 -5895.130146 -5205.155937 -4945.171021
-16232.840098 -2027.331740 -2265.955038 -4163.958379 -76617.364885 -80104.938041 -53804.068963 -49035.726568 -36409.186146 -5257.151658 -3504.786143 -3856.879021 -4073.071460 -22599.290562 -5055.530548 -3745.319411 -3832.433447 -3708.212213 -3810.953418 -4126.927280 -4235.008847 -3575.656335 -13236.667941 -29834.979109 -5975.097935 -18460.873261 -25049.359846 4.430095 4.543789 4.839799 -1384.662749 -2380.216608 -7791.308261 -6315.340720 -15472.085684 -9953.689206 -23190.350677 -30502.599137 -4745.823288 -3894.785041 -4252.942217 -4212.345863 -4299.962996 -4821.256910 -5492.387719 -5982.665247 -6514.962738 -7010.350930 -7204.621161 -7184.882218 -6431.922698 -6077.836640 -5379.715615 -5052.621059
-5086.917804 -5481.960045 -5542.270360 -35640.754169 -64285.332954 -65037.909994 -45600.400755 -22260.125750 -5866.323100 -3922.554033 -3822.642744 -29631.410826 -5891.307074 -3724.308092 -3764.177802 -3924.822796 -3998.386079 -3861.947255 -3884.157145 -4152.433263 -4277.916349 -3529.933083 -4978.879578 -23756.979499 -6133.272317 -25809.836827 4.479733 4.167048 4.704124 4.781888 0.271454 0.006060 -1603.450511 -2629.757605 -7327.487003 -35247.596058 -47164.675374 -48854.834974 -41971.987594 -6284.799969 -4110.174711 -4231.164009 -4473.507898 -4641.537736 -4912.332326 -5669.513580 -6317.425937 -6803.826896 -7086.519101 -7239.469004 -6583.636930 -6505.529755 -5686.311232 -5260.436696
-27910.975429 -36742.274726 -56574.428548 -50679.927690 -48092.438137 -42978.570047 -6846.205827 -4734.936100 -3953.053957 -4031.945880 -3997.764635 -9314.309770 -3754.481123 -3787.354413 -3889.852867 -4018.570850 -4100.634430 -3983.962981 -4021.779626 -4151.843008 -4167.477846 -4046.463058 -3875.998089 -27297.775368 -3117.150770 0.000076 4.505980 4.300912 4.614382 4.469150 4.182799 4.478042 0.006947 -1855.124786 -5565.592445 -54053.095889 -57503.048186 -51769.645125 -30795.497571 -4624.551873 -4409.856777 -4313.769433 -4570.613340 -4617.910256 -4614.605549 -5526.175044 -6084.195485 -6563.067303 -6862.934798 -7189.430278 -7306.292337 -6796.109485 -6001.304985 -5427.010609
-29799.998874 -54920.516705 -52875.564573 -46319.067202 -11883.796855 -4177.471898 -4008.579801 -3999.767870 -3941.999281 -4114.620084 -4535.645129 -4075.286169 -3740.560502 -3791.489275 -3782.206235 -3931.349690 -4056.394553 -4066.740928 -4007.247508 -3926.516001 -4026.351770 -4114.952992 -4168.751783 -8212.479518 -48504.557009 0.000432 5.946312 4.390567 4.481621 4.659025 4.335398 6.347728 0.006285 -3490.151334 -46790.619153 -50747.872156 -47384.649498 -26227.899571 -5695.449845 -4865.207878 -4804.564269 -4537.837884 -4533.858499 -4570.406396 -4470.496725 -4971.474491 -5943.153377 -6292.619746 -6658.030807 -6957.068647 -7233.321742 -7000.145811 -6305.795121 -5753.713158
-35037.231363 -57653.050198 -49320.370334 -6885.720442 -3828.517371 -3864.096229 -4083.356703 -4157.458056 -4090.146925 -4111.039627 -3754.732440 -3841.073690 -3817.095945 -3837.053412 -3821.593874 -3911.782676 1300.001103 -3968.837621 -3861.150204 -3636.365666 -3643.536806 -3321.842148 -3775.023101 -4687.180384 -36360.146019 0.000222 4.464397 4.246668 4.624279 4.815547 4.705559 10.198904 0.026705 -34380.595276 -40119.746335 -14759.467524 -6707.106459 -4952.137036 -4781.357663 -4945.301820 -5037.195455 -4944.504390 -4844.152748 -4680.442642 -4591.435636 -4867.648163 -5231.551595 -5913.113012 -6293.830319 -6623.631346 -6984.182074 -7001.181877 -6403.762608 -5816.680784
-25368.380362 -42938.868153 -4759.209847 -3848.555795 -4011.249687 -4022.029943 -4082.727862 -4037.564203 -4249.956568 -4156.612564 -4244.818641 -3835.675787 -3842.895521 -3885.389302 -3854.972087 -3957.063913 -2813.362671 -3861.039934 -3610.653343 -3312.862279 -2980.214688 -2930.386150 -3829.753266 -7919.403367 -5451.876233 -18737.500751 3.877373 4.183526 4.861277 4.812572 4.682527 0.008082 -1551.157458 -2200.938811 -29653.068691 -4479.833549 -4789.018982 -4961.152727 -4939.872991 -5002.826304 -5166.865934 -5230.781274 -5220.112395 -5211.881865 -4880.767472 -4810.141191 -4982.387132 -5072.302873 -5401.613360 -5892.498225 -6502.224426 -6774.492922 -6616.055434 -5865.280791
-17659.405485 -3963.109410 -3905.646222 -3997.937748 -4123.984206 -3858.769662 -3649.978199 -3849.528418 -4357.210355 -3939.505570 -3932.167543 -3816.165788 -3810.078802 -3886.787627 -3891.514752 -4114.112874 -3892.605265 -3404.960230 -2666.434424 -2650.422011 -2673.200007 -3280.514343 -2802.910188 -1296.160541 -2111.460842 -24202.899317 3.914198 4.272779 4.928646 4.787239 4.817215 -50750.629456 -2893.388610 -749.524176 -2006.470142 -3391.516234 -4082.853642 -4822.065833 -4932.569323 -5017.364954 -5197.759872 -4994.540002 -5019.149706 -5015.615083 -5067.830865 -5026.638870 -5121.430308 -4927.219740 -5077.457919 -5424.158990 -5784.588623 -6376.392742 -6460.810637 -6195.294555
-3960.651958 -3886.393428 -4021.325490 -3767.965558 -3700.151078 -3770.614393 -3791.189948 -3876.342283 -3993.117503 -3997.524901 -4015.999524 -3945.067797 -3810.141153 -3715.199240 -3931.612910 -4336.844175 -4363.995386 -3827.638143 -3445.543989 -3458.573917 -2256.152624 -1668.013286 -995.932996 -1361.747299 4.263172 4.326290 4.460538 4.450660 4.965305 4.784963 4.868918 -60874.236881 -12967.344229 -1074.991348 -1007.403089 -2591.704295 -3369.439342 -4011.882989 -4967.466306 -4982.122049 -4671.160869 -4804.847011 -4845.804105 -4875.935116 -5029.463601 -5092.575748 -4892.446166 -5007.965033 -5031.523091 -5029.221641 -5156.456475 -5528.005499 -6234.907162 -6230.106890
-3987.571735 -3995.301976 -3630.492670 -3846.664832 -3878.231229 -3838.631418 -3850.944557 -3904.066084 -4000.719445 -4031.206198 -4082.440747 -4077.625664 -3915.892674 -3787.972795 -4139.214375 -4393.080972 -4370.495601 -3662.198651 -6236.357950 -6270.366539 -1641.938823 -1271.204026 -3647.957598 1.132826 4.318793 4.527384 4.534549 4.488701 4.942066 4.754661 4.882061 -55822.181209 -1896.431737 -978.634520 -1167.980281 -1669.124453 -2620.917940 -3146.552992 -3690.883205 -4237.947292 -4314.280046 -4264.979438 -4308.356726 -4436.414504 -4697.732745 -4874.289759 -4734.323447 -4556.430682 -4634.025990 -4946.158920 -4839.617422 -5164.477406 -5611.759474 -5904.898344
-4077.558246 -3699.710092 -3761.343642 -3850.739842 -3898.398680 -3924.454102 -3929.414013 -3945.757369 -4015.859551 -4043.081539 -4097.281838 -4108.321930 -3998.648651 -3975.045894 -4641.286329 -4320.770163 -4260.769341 -3686.954362 -6263.674386 -32196.789625 -5429.130564 -1361.499886 -50466.333219 4.536657 4.473009 4.716879 4.755147 4.763884 4.843950 0.135166 -58982.884477 -57642.816897 -1510.892957 -1255.715273 -1320.273939 -993.431905 -1229.254518 -2393.749925 -2677.219187 -3309.021424 -3838.870231 -3947.204084 -3970.337384 -4037.386175 -4354.156669 -4499.503836 -4577.027216 -4592.261100 -4603.743768 -4669.719421 -4795.643073 -4930.190856 -5192.600971 -5580.590688
-3804.134008 -3814.563783 -3793.536789 -3833.540176 -3897.575860 -3961.661581 -4001.786355 -4033.883222 -3974.962342 -3993.452288 -4053.780595 -4045.092244 -4017.333792 -4257.335148 -4108.824415 -3860.651553 -3954.144100 -3929.807660 -6935.547338 -6857.286612 -37023.502375 -45843.430223 -1961.451360 -54848.699367 4.499667 4.740708 4.950136 4.847741 -43240.342000 -8323.886760 -61632.708138 -41459.987355 -15274.258810 -2591.691400 -1060.203440 -502.831641 -989.141693 -1834.195695 -4916.953136 -9075.990131 -6896.783361 -6125.300165 -5003.823117 -3910.853182 -4132.093480 -4416.870274 -4562.481943 -4739.532929 -4679.184471 -4708.240985 -4686.147664 -4945.189041 -5023.867876 -5424.825538
-3890.741237 -3855.206769 -3832.329584 -3837.531574 -3895.916723 -3963.486709 -4029.835031 -4742.260200 -4056.224284 -4054.905965 -3566.161431 4116.832385 2491.332028 -3957.796807 -4129.011975 -3633.859088 -2637.277594 -2829.819212 -3867.332924 -4317.914398 -6666.300008 -33452.102535 -30645.430735 0.002320 5.248497 5.301300 7.801702 0.018146 -3257.658047 -1031.332681 -1682.692718 -17734.277594 -24806.425004 -19727.778945 0.823176 1.852316 -3520.927376 -1647.391568 -10794.778706 -34052.129193 -32185.003294 -17146.455339 -18209.502545 -7746.690266 -4203.163479 -4278.496803 -4335.822133 -4434.882053 -4474.279763 -4570.359582 -4633.712877 -4694.057724 -4694.241842 -4951.616073
-3938.366774 -3902.932731 -3874.604544 -3875.892318 -3919.075460 -3977.965171 -4688.634103 -1062.637067 -823.628672 -830.456224 -815.745998 -2448.023497 -4164.037552 -3449.385477 -3623.595159 -2122.640668 -2857.801576 -2792.232086 -2568.229313 -1345.906419 -1210.161458 -1598.666284 -3194.395992 0.000220 4.212912 10.770735 0.020092 -3332.085253 -1426.337821 -1571.665277 -20022.387659 -16707.645187 -19333.087193 0.000176 6.644053 3.668051 -877.950266 -14095.670745 -47291.551783 -39505.828319 -5603.035093 -4837.204927 -4760.938390 -4643.177206 -4481.562879 -4186.478878 -4176.215738 -4199.839598 -4327.467309 -4422.273171 -4579.623011 -4697.943260 -4708.276063 -4859.332260
-3976.197957 -3938.782391 -3907.833843 -3911.206519 -3951.672716 -707.702811 12915.411441 3001.832172 -3908.786090 -3968.838304 -3958.946266 -3983.666700 -3871.497771 -3743.233065 -3980.977534 -3609.374269 -3032.785580 -5750.468476 -1049.362790 -742.924115 -664.388854 -384.855542 1.834671 2.718450 0.006511 0.089555 -7280.360697 -3137.817200 -6289.303594 -18474.350305 -24613.657673 -26920.543161 -23859.391200 -19686.682850 0.000178 -76991.035883 -79447.096794 -61197.623965 -32228.917756 -5170.310685 -4585.390633 -4848.552540 -4926.682606 -4804.702743 -6161.569383 -26115.653326 -5221.121473 -4153.160943 -4225.125966 -4238.021963 -4514.141965 -4630.939741 -4666.290506 -4635.877489
-3996.528851 -3963.903405 -3936.743879 -3964.624102 -3996.391572 -1384.674319 -3899.311459 -3741.425877 -3382.377570 -3392.733607 -3793.613474 -3835.091233 -3722.341941 -3537.120571 -3977.026551 -4121.324314 -3726.080218 -6544.268760 -6597.272959 -1770.270494 -897.334524 2.483810 6.708580 9.225489 11.518093 -3941.177967 -13693.099195 -50413.525854 -38172.469943 -18847.965804 -9467.929706 -21344.547406 -33540.152632 -50817.283603 -68656.466148 -78280.805503 -66139.120647 -46168.247550 -5297.965287 -4545.966370 -4708.295715 -4782.198993 -4680.157713 -6133.245010 -38116.820541 -45327.881676 -4304.486271 -4195.137378 -4059.944891 -3960.186952 -4043.027775 -4409.388700 -4336.725300 -4163.866736
