geotop_simulations/templates/TEST_Venosta_3D_034_template/rec/SoilTemperature0000L0001.old.asc
ncols         252
nrows         194
xllcorner     598250.000000
yllcorner     5144500.000000
cellsize      250.000000
NODATA_value  -9999.0
[rows 84 to 111 of 194, columns 62 to 123 of 252]
6.703497 7.619455 7.240887 7.918812 8.276195 8.540464 10.055795 10.352504 10.510633 9.003953 11.415029 11.141596 6.253654 6.240676 11.249569 11.399024 12.513787 12.447000 12.316922 11.208234 10.904565 10.588857 10.252918 9.791433 9.336928 8.835121 8.331525 7.903879 7.338333 6.694237 6.114196 5.589019 5.197220 4.974458 4.876613 4.907424 5.182058 6.349642 6.465361 6.304495 5.830605 6.138651 4.920492 4.430675 4.184956 3.354806 2.465462 1.443558 0.394678 -0.017611 -0.007306 -0.005571 -0.006705 -0.008829 -0.010026 -0.003468 -0.003587 -0.004236 -0.009298 -0.458455 -4.545893 -0.367979
6.459627 7.324842 6.821142 8.464300 8.759437 9.051265 8.039555 9.545636 9.762947 10.029538 10.391718 10.177512 6.086292 6.178584 6.155600 11.224901 12.445176 12.348884 12.273932 12.106070 10.925103 10.705336 10.462821 10.167154 9.782246 9.241217 8.792897 8.153907 7.678906 7.219947 6.535981 6.026768 5.638573 5.426421 5.323127 5.322344 5.539067 6.339086 6.811638 6.378863 6.530581 6.033606 5.043686 4.471897 3.675144 2.864967 1.977988 1.054497 0.257785 -0.016930 -0.008452 -0.006858 -0.009886 -0.004124 -0.005381 -0.572798 -0.602413 -0.604454 -4.449974 -1.324993 -0.006148 -0.005520
6.582354 7.015940 7.464562 7.701934 7.933260 8.253697 8.556233 8.742080 8.962203 9.360578 9.693741 10.569783 10.549208 6.058732 6.082194 6.047687 6.032445 5.966533 10.940799 12.152642 11.018470 10.781828 10.569591 10.310757 9.971039 9.481239 9.195808 8.478067 7.976558 7.542649 7.060828 6.458498 6.087928 5.894936 5.778797 5.694317 6.140118 6.797071 6.894629 6.386824 5.971753 5.572143 5.339781 4.651559 3.371840 2.687937 1.956012 1.041707 0.358697 -0.018362 -0.012851 -0.034015 -0.005695 -0.006955 -0.017970 -0.382303 -1.903574 -0.949433 -0.663046 -0.009645 -0.006617 -0.009965
6.055960 6.257501 6.556260 6.851461 7.190747 7.587631 7.947794 8.223414 8.455975 8.818390 9.363033 9.820003 11.047373 7.622810 6.021014 6.033089 6.001551 5.958417 5.871595 11.228166 11.011736 10.680097 10.460524 10.350275 10.178280 9.839260 8.925868 8.376030 8.330484 7.901940 7.440357 6.549356 6.261751 6.057230 6.281396 6.226385 6.777897 7.152742 6.509991 6.941040 6.481779 5.844453 5.157084 4.378962 3.578128 2.880795 2.462361 1.040434 0.131209 -0.022546 -0.030449 -0.136947 -0.007449 -0.011138 -0.023604 -0.039518 -2.233834 -2.705630 -0.016080 -0.007596 -0.007959 -0.012052
5.217869 5.506783 5.884797 6.337099 6.854125 7.305280 7.631714 7.959724 8.264402 8.585975 9.170148 9.440029 10.512378 10.552889 5.964275 5.995611 5.956105 5.940870 5.888972 10.808420 10.989742 10.437939 10.056416 9.925170 10.310013 10.069258 9.608494 8.755023 8.233848 7.753155 7.375211 7.037023 6.742951 6.504586 7.359521 7.039152 7.172672 7.389494 7.340802 6.993636 6.429489 5.805639 5.114694 4.319354 3.521295 2.817196 2.163917 1.277526 0.211166 -0.058213 -0.021567 -0.018872 -0.017554 -0.018209 -0.023868 -0.029521 -0.027692 -0.009554 -0.012845 -0.009361 -0.011492 -0.035054
4.916064 5.280236 5.786910 6.338930 6.886046 7.466946 7.786530 8.112468 8.439670 8.748045 9.240570 9.488425 10.472102 12.317718 6.802812 6.759318 5.927176 5.919171 5.887420 7.449897 11.081150 10.997267 10.308530 10.060797 10.457181 10.289894 9.930340 9.512687 8.651519 8.190139 8.429757 8.220911 7.760535 7.936717 7.850636 7.632512 7.560481 7.527220 7.354375 6.908842 6.316808 5.695020 5.031772 4.254588 3.473491 2.796678 1.946698 0.840792 0.032599 -0.063413 -0.301723 -0.674582 -0.694992 -0.026398 -0.027833 -0.030154 -0.026149 -0.027649 -0.024597 -0.016435 -0.027362 -0.024272
5.091225 5.438914 5.712586 6.163673 6.843694 7.382862 7.768406 8.041669 8.765266 9.090793 9.511876 8.872752 9.839016 12.426435 7.565782 5.909413 5.889819 5.878197 5.870558 7.424592 11.960550 11.090294 11.021157 10.809766 10.588315 10.447924 10.176716 9.806968 9.433775 9.099240 8.843771 8.576622 8.395287 8.292245 8.207191 8.124232 7.932440 7.652500 7.189184 6.609053 6.030805 5.468257 4.912846 4.238380 3.459257 2.725283 1.800015 0.666395 -0.048064 -0.081060 -0.585386 -0.718442 -0.612451 -0.273445 -0.129572 -0.029746 -0.047934 -0.129199 -0.314555 -0.041235 0.102446 0.831011
5.338834 5.672096 5.615684 5.881202 6.738369 7.340448 7.841628 8.121074 8.265983 8.439509 8.914620 9.643632 12.629015 10.587874 10.738850 7.482259 5.820647 5.807668 5.792726 7.359651 11.789394 10.769009 10.740075 10.699279 10.575937 10.444134 10.311250 10.065673 9.727767 9.408930 9.174446 8.996895 8.900097 8.868678 8.660310 8.366664 7.975692 7.522401 6.926004 6.285213 5.676984 5.075899 4.623080 4.108420 3.390161 2.640164 1.643664 0.534453 -0.040005 -0.115262 -0.645717 -0.529562 -0.042176 -0.032015 -0.029547 0.048300 -0.029061 -0.041834 -0.093130 -0.028816 0.942732 1.524937
5.291013 5.838820 5.942719 6.025349 7.957514 8.528447 8.976456 9.331234 8.478111 8.856123 9.457183 10.531474 8.746672 8.276959 8.871743 10.509617 7.304036 7.293024 7.279596 10.567585 11.681340 11.628802 11.547915 11.483954 10.423676 10.407891 10.066673 11.205444 9.983201 9.666808 9.472429 9.388719 8.921603 9.129471 8.758932 7.302712 7.692883 6.362226 5.816969 5.233441 5.352257 4.693194 4.113526 3.672159 3.106057 2.426426 1.444531 0.386349 -0.044129 -0.384329 -0.424642 -0.035329 -0.280013 -0.251104 -0.144440 -0.113418 -0.170363 -0.247428 -0.031852 0.330113 1.504718 -0.017323
5.824846 6.000354 6.362687 6.566533 8.607069 9.091156 9.407788 8.512835 8.895692 8.737905 10.011599 5.599235 7.814861 10.002650 9.935935 10.053867 10.353454 10.334864 10.323447 10.318314 10.368521 10.410584 10.385641 10.280424 10.248704 10.178726 9.880546 9.934985 10.996867 9.905115 10.706264 9.202202 9.436004 9.066869 7.720915 7.081800 6.414860 6.697701 6.100609 5.490778 4.930297 4.347126 3.694661 3.069087 2.587246 2.061731 1.226344 0.238050 -0.044670 -0.067551 -0.031145 0.368154 -0.079374 -0.082992 -0.060646 -0.062291 -0.062991 -0.073828 -0.089013 -0.051115 -0.023956 -0.031758
6.263307 6.965663 6.480598 6.974325 9.053774 9.493142 9.778198 8.617198 9.308021 5.000179 8.686896 8.598854 8.350996 10.281779 10.210664 8.424854 9.386624 9.855014 9.990753 10.014424 10.089711 10.228532 10.294710 10.091289 9.049499 8.842468 8.397366 8.171228 8.108008 10.883996 10.624532 9.892407 8.738351 8.975464 7.625045 6.934366 6.938566 6.272144 5.635141 5.004817 4.400876 3.876424 3.268572 2.560861 1.904201 1.489215 0.938107 0.079145 -0.029223 0.429115 -0.029332 1.163485 -0.032475 -0.031958 -0.026940 -0.025807 0.142905 0.048685 -0.018538 0.025564 -0.034143 -0.026266
6.890247 7.406223 8.149125 8.791250 9.219973 9.591581 9.786639 8.378443 8.188605 9.862586 9.689156 9.498144 9.418483 9.333843 9.249415 9.271853 9.631710 9.017818 9.620734 9.777891 9.822179 9.993494 10.139683 8.267173 5.326250 8.507349 8.438260 8.219204 8.074563 10.773106 10.563111 10.197602 8.917692 8.291071 7.615406 7.464659 6.743715 6.023021 5.294688 4.631494 3.959394 3.337172 2.770331 2.155456 1.524809 1.024337 0.610410 0.554697 1.047307 0.363071 0.284669 0.338392 0.372279 0.146842 0.270606 0.423572 0.730840 0.685988 0.502390 0.356271 -0.026278 0.576080
7.418258 7.944657 8.541966 8.918667 9.211693 9.498079 9.541569 9.384295 9.177058 9.049368 8.850226 8.549148 8.406837 8.377494 8.389777 8.431162 8.678799 8.267024 9.006245 9.321478 9.531864 9.795433 9.988399 8.571689 5.288267 7.833395 8.673612 8.476683 8.289945 10.814212 9.555820 9.364767 8.893097 8.286070 8.234656 7.440581 6.658184 5.902593 5.111562 4.358081 3.638715 2.946812 2.321441 1.786972 1.263486 0.905143 0.943019 1.067120 0.933064 0.853354 0.762670 0.848454 0.988733 0.942461 0.634149 0.824476 1.232824 1.335440 0.949508 0.685212 0.274629 1.120212
7.843465 8.241098 6.609286 4.875411 5.942954 7.422392 8.831097 8.613075 8.323559 8.073393 7.848765 7.596942 7.413456 7.413455 7.576922 7.756394 7.930586 9.086637 9.653134 9.760298 10.056593 9.370828 9.771705 9.932443 5.228901 5.199903 8.663299 8.698887 8.560106 9.598056 9.537729 9.444270 8.986587 8.370778 7.672535 7.502684 6.669992 5.880637 5.073405 4.262833 3.473660 2.753602 2.094945 1.550774 1.214345 1.216831 1.298413 1.225438 1.251957 1.326368 1.308302 1.422432 1.638525 1.646410 1.307773 1.390502 2.148618 1.752062 1.289750 0.965283 0.677692 1.255902
6.719596 6.013936 4.748097 7.351658 6.806296 8.091575 7.781899 7.492770 7.230144 7.023742 6.719608 6.536068 6.439326 6.496605 6.819075 7.075797 7.536351 8.746979 9.143752 9.212971 9.502318 9.894629 10.364091 9.833402 5.202008 5.193071 9.729670 8.819885 8.758785 9.595463 9.478831 9.422416 9.018542 8.453607 7.760238 7.614527 6.765814 5.945545 5.123905 4.320730 3.527692 2.820383 2.204726 1.761695 1.523027 1.528384 1.282812 1.392646 1.474656 1.810310 1.943198 1.975842 2.219414 2.282039 2.022882 2.215086 2.530447 2.072989 1.543364 1.207789 0.799454 1.220257
5.027002 4.004313 7.172270 6.576421 7.627014 7.033829 6.605356 6.300263 6.052003 5.928883 5.627045 5.435069 5.518999 5.713560 6.180239 6.521563 7.435538 8.309568 8.561917 8.646261 9.059790 9.428880 9.921238 10.497875 9.855901 5.384493 5.341233 8.484800 8.972175 9.604146 9.432927 10.117032 9.760825 8.464249 7.823394 7.092490 6.909143 6.081132 5.257815 4.481177 3.726658 3.053196 2.456831 1.984136 1.883373 1.597860 1.670074 2.006688 2.228421 2.728783 3.077020 3.093550 2.717588 3.595404 3.469837 3.188986 2.829063 2.297591 1.710293 1.287788 0.939587 0.948225
4.897033 6.275758 5.790117 7.259897 6.677170 6.036934 5.442664 5.065246 4.919731 4.878415 4.739444 4.652358 4.779241 5.025895 5.590735 6.354675 7.110854 7.699592 7.946128 8.110929 8.629356 9.077720 9.547678 10.228305 9.723914 5.116057 5.332974 5.288543 8.091245 9.344188 10.263043 10.120543 9.802123 8.528665 7.873240 7.212614 6.509278 6.295785 5.501754 4.755289 4.056179 3.438499 2.895411 2.471580 2.205717 2.100407 1.913478 2.446844 2.770876 3.254016 3.690486 3.740513 3.999336 3.959409 3.110042 3.521649 3.060113 2.481955 1.875647 1.404620 1.128391 1.057772
6.418302 5.589913 6.797101 6.246278 5.670389 5.202440 4.648883 4.071860 3.836390 3.841439 3.408790 3.589001 3.566576 4.485518 5.116398 5.858864 6.559764 7.078515 7.423890 7.756100 8.241884 8.786341 9.285070 9.967158 9.568569 6.448608 5.077062 5.028658 5.208095 9.061645 10.246483 10.117503 9.131052 8.624733 8.040531 7.376897 6.747744 6.075262 5.860320 5.152823 4.505597 3.944374 3.444114 3.054002 2.809926 2.689313 2.651834 2.789816 3.122482 3.629383 4.146794 4.295889 4.386398 3.649370 3.929323 3.156155 3.229838 2.691666 2.139460 1.681591 1.444583 1.324375
5.666741 6.626267 5.956931 5.341816 4.738727 4.329429 3.957297 3.466824 2.465577 2.458155 2.561287 2.784601 2.976519 4.006698 4.694281 5.327923 6.053533 6.698921 7.117865 7.533279 7.992653 8.526814 9.067382 9.746911 9.424823 8.679998 5.047771 5.006914 4.982971 5.179240 7.608776 10.106352 9.218189 8.795412 8.237994 7.621294 6.987309 6.393581 5.788214 5.641033 5.030477 4.509263 4.055706 3.704733 3.463812 3.303520 3.269644 3.324483 3.441751 3.878907 4.457920 4.728190 4.804273 4.033136 3.780873 3.950567 3.432531 2.952683 2.510374 2.113392 1.912345 1.826741
6.323543 5.941354 5.280948 4.661437 4.019474 3.406933 2.603305 2.618067 2.450561 2.272991 2.161911 2.303495 2.777645 3.753445 4.453844 4.981306 5.646018 6.641313 7.169484 7.516565 7.922387 8.377103 8.901831 9.579517 10.231256 9.355130 5.019467 4.988941 4.966938 5.162553 5.136804 9.374726 9.250532 8.955626 8.429404 7.901374 7.315705 6.726933 6.183770 5.656327 5.576203 5.098658 4.693691 4.371248 4.140188 3.951307 3.886751 3.943605 4.021529 4.274376 4.758873 5.057660 4.993709 4.414125 4.328565 4.060902 3.356142 3.024276 2.993327 2.531612 2.407112 2.315825
5.310807 5.093973 4.592889 3.959897 3.422505 2.864220 1.962311 2.220391 2.356651 2.330669 2.352415 2.460636 2.799518 3.624550 4.274422 4.549909 5.286327 6.653261 6.765426 7.662088 8.044342 8.416372 7.673299 9.405321 10.091297 9.562332 5.166843 5.162905 4.948178 4.920187 4.892470 5.082078 9.993639 9.155268 8.841541 8.193884 7.716116 7.152184 6.621219 6.118464 5.633576 5.711423 5.414581 5.037572 4.822695 4.844062 4.792329 4.580246 4.903569 4.901394 5.170942 5.442347 5.355448 4.768892 4.389249 4.533084 4.281055 3.505251 3.252117 3.068175 3.159791 2.842766
4.595419 4.353412 4.008521 3.377256 2.803249 2.010887 1.825181 1.966529 2.225726 2.371493 2.516167 2.627137 2.663605 3.020143 4.065565 4.528110 5.467769 6.609216 7.319140 7.733499 8.117352 8.485167 8.783869 9.276353 9.903274 9.433126 7.158434 5.131948 5.111673 4.901737 5.103857 5.073343 9.010298 9.855263 9.040331 8.498805 8.076313 7.590033 7.080140 6.600751 6.148578 6.230237 5.937378 5.702591 5.483603 5.375119 5.312643 5.318185 5.396226 5.530108 4.790266 5.871680 6.236634 5.194248 4.767846 4.971997 4.749460 4.062118 3.839441 4.065284 3.888737 3.419725
3.856125 3.578210 2.714323 2.959385 1.992795 1.846074 1.929610 1.896068 2.038322 2.237053 2.409456 2.553719 2.506049 2.704270 3.982999 4.594700 5.481804 6.512879 7.146655 7.589163 8.010949 8.408550 8.056800 8.221927 8.728314 10.172739 9.536728 5.101807 5.130715 4.877397 4.857268 4.836306 4.790614 9.068904 8.981154 8.947149 8.623991 8.003379 7.541959 7.107691 6.678292 6.285929 5.991156 5.769926 5.554647 5.389576 5.854318 5.852681 5.343612 6.006721 6.015757 6.746440 6.723419 6.297030 5.209831 5.425977 5.266125 5.139352 4.460162 4.868450 4.143695 4.032838
2.895170 2.537747 2.527854 1.998653 1.918520 1.832779 1.675777 1.459381 1.729293 2.124823 2.448005 2.678296 2.780410 3.404391 4.021838 4.604075 5.486896 6.427348 6.983725 6.885297 7.386769 7.750113 8.176683 9.099493 9.583517 10.224842 10.342552 10.304283 5.546163 4.850932 5.062698 4.827586 4.793334 4.750033 9.001304 8.851317 8.687982 8.615648 8.694047 8.301732 7.237558 6.872963 6.580894 6.366945 6.166594 5.975008 5.916321 5.956315 6.873225 6.962296 6.891009 7.299980 6.418647 6.785274 5.731106 5.550638 5.365531 5.706619 5.579674 5.434950 5.277096 5.158270
2.292627 2.029718 1.937674 1.959722 1.640276 1.498722 1.239326 1.234503 1.731715 2.216057 2.531642 2.884390 3.247564 3.490883 4.188876 4.736446 5.594295 6.404279 6.907578 7.084628 7.566479 7.946272 8.205077 9.024277 9.574876 9.913734 10.070578 9.370818 10.144950 5.069451 4.830386 4.813923 4.788291 4.745843 4.691761 9.874832 9.544180 9.829472 9.674480 8.814149 8.510014 8.199098 7.178669 6.966584 6.776418 6.570004 6.537459 7.524731 7.582848 7.616405 7.563237 7.782233 6.818230 7.306986 7.069734 6.889536 5.970944 5.851590 6.442852 6.276979 6.097601 5.902228
2.265788 1.815474 1.465577 1.407162 1.268961 1.240998 1.405533 1.741823 1.963394 2.207251 2.429406 2.998237 3.579320 3.924994 4.179731 5.038141 5.770078 6.527563 7.100089 7.392280 7.801485 8.069227 8.550920 8.931100 9.414627 9.687278 9.816308 10.067302 10.201015 5.063578 4.803089 4.793550 5.462649 5.440943 5.417514 4.920061 7.105054 9.774573 9.744813 9.777011 8.184748 8.253208 8.505002 7.516484 7.342306 7.153647 7.114312 8.122580 8.138775 8.123246 7.040745 8.863615 7.158092 7.830800 7.707457 7.550637 7.406408 7.319621 7.201355 7.058828 6.903875 6.705542
2.266730 1.815246 1.416962 1.297294 1.224103 1.265917 1.667209 1.927010 1.989210 2.062077 2.386298 3.163148 4.182493 4.580748 5.000728 5.459220 6.019123 6.987230 7.289943 7.408440 7.316638 8.155098 8.400100 8.631479 8.989316 8.391219 8.519314 8.985578 9.350244 6.012180 4.783112 4.752379 6.958138 6.701535 4.919611 5.458936 5.439182 5.429026 5.326503 4.504415 4.798277 4.349649 4.559369 4.495080 4.164511 4.462831 4.415269 4.356721 5.255168 5.226188 5.230983 6.642399 5.177386 7.333698 7.347440 8.146749 8.064889 8.006735 7.925087 7.821407 7.711466 7.539910
2.267962 1.853326 1.638643 1.461705 1.295270 1.474992 1.725309 1.813012 1.926892 2.081813 3.124727 3.726820 4.109587 4.474326 5.075078 5.688861 6.016822 6.558041 6.733881 7.347867 7.571312 7.713186 7.891698 8.117898 8.447675 8.907269 9.270375 9.714034 10.070828 9.365694 8.382521 8.612707 9.789881 9.669580 9.106732 5.410906 5.290530 5.322534 4.620907 4.568786 4.518520 4.465330 4.391708 4.335962 4.301556 4.261394 4.238145 4.221423 4.194363 5.305451 5.309161 4.134892 4.505708 4.484642 4.097241 4.084508 4.060698 4.039722 4.231503 7.481322 7.456838 7.347408
