geotop_simulations/templates/TEST_Venosta_3D_034_template/rec/SoilTemperature0000L0001.asc
ncols         252
nrows         194
xllcorner     598250.000000
yllcorner     5144500.000000
cellsize      250.000000
NODATA_value  -9999.0
[rows 56 to 83 of 194, columns 62 to 123 of 252]
1.992091 2.271890 2.311025 2.419822 1.275839 1.587669 2.271444 2.778324 3.343409 3.871450 4.468549 5.154530 5.488964 3.962760 3.914055 3.425170 5.603764 5.357212 4.997897 4.591312 4.209810 3.755103 3.347360 3.134172 2.850264 2.211866 3.860699 1.900672 2.063508 0.948744 0.615233 0.232249 0.563334 0.553990 0.362923 0.141469 -0.028775 0.134320 0.544783 0.851322 0.875272 0.763683 0.440529 0.108099 -0.016393 -0.025507 -0.031456 -0.012254 -0.009755 -0.014633 -0.050561 -0.021940 -0.840420 -0.299750 -0.731492 -0.041726 -0.042738 -0.029712 0.227664 -0.251850 -0.211254 -0.099607
2.429117 2.698472 1.285761 1.457317 1.756077 2.089235 2.619010 3.067743 3.589406 3.395541 4.671297 5.339115 7.125651 4.139647 4.112777 5.913409 5.820259 5.594539 5.392110 4.600775 4.365209 3.892305 3.609296 3.237555 3.061220 3.152962 3.825103 2.642792 2.198071 0.815642 1.087977 0.766518 1.087721 0.648684 0.725238 0.561680 0.355073 0.450001 0.694342 0.920658 1.051833 1.212258 0.937158 0.434914 -0.019703 -0.026735 -0.152597 -0.016632 -0.018963 -0.037811 -0.882697 -0.932414 -0.887043 -0.876095 -0.624374 -0.042440 -0.028139 0.482828 0.744427 -0.194884 -0.040661 0.025518
1.292848 1.332992 1.373505 1.500932 1.943872 2.433276 2.945673 3.400714 3.370975 4.224530 4.715821 5.418315 7.297708 4.279171 4.268234 4.971512 6.369809 5.850893 5.537687 5.060404 4.534957 4.149689 3.868813 3.381710 3.683684 4.409707 3.266290 2.818699 1.754180 1.308944 1.108129 0.852150 0.894713 1.000686 1.051163 0.940979 0.785893 0.853926 0.841846 0.821612 1.267855 1.221455 0.839208 0.108923 -0.035633 -0.125036 -0.043417 -0.050191 -0.054018 -0.744311 -0.900776 -0.906360 -0.845693 -0.195270 -0.047292 -0.016631 0.422923 -0.262316 -0.047463 -0.029884 0.235229 0.641122
1.081431 0.224526 0.563692 1.613137 2.311764 3.018591 3.379098 3.118997 3.861553 4.208050 4.779216 5.546461 6.154489 4.426914 3.797421 4.920157 6.507460 6.382586 6.087835 5.349322 4.922906 4.553907 4.129793 4.078608 4.736252 3.478742 3.147596 2.727527 1.832045 1.462837 1.183503 1.330554 1.087044 1.265438 1.305188 1.191029 1.149138 1.121239 1.038520 1.151232 1.323718 1.435158 0.556196 -0.026737 -0.077205 -0.147198 -0.240050 -0.708403 -0.799745 -0.861665 -0.870129 -0.538547 -0.055323 -0.038089 -0.031745 0.292670 0.738751 -0.075569 -0.030128 0.362230 0.761284 1.218546
1.580629 1.179060 2.022202 2.886555 3.209238 2.828288 3.408194 3.540900 3.780450 4.204133 4.922413 5.700142 6.275396 3.818154 3.887164 6.577934 6.626831 6.567502 6.466396 5.737734 5.355711 6.660613 4.802831 5.721524 4.552608 3.657235 2.914261 1.598583 1.472721 1.126833 1.397727 1.536108 1.474639 1.509380 1.524819 1.458394 1.464412 1.371237 1.305342 1.364352 1.983871 0.935970 0.216264 -0.029291 -0.159631 -0.214975 -0.317454 -0.808845 -0.859900 -0.813560 -0.097679 -0.033567 -0.032194 0.180970 0.431694 0.739045 -0.036443 1.556750 0.259810 0.653302 0.934217 1.482711
2.311688 2.430236 0.762620 2.436699 2.439075 3.193201 3.270486 3.474776 3.775860 4.307396 5.058412 5.874397 6.427548 7.970437 4.068275 6.977832 6.887037 6.699638 6.638513 6.780324 6.752890 6.443029 6.060195 5.384496 4.485939 3.787675 3.065457 2.052337 1.415313 1.787513 1.948735 1.933667 1.854170 1.792749 1.827377 1.790309 1.734161 1.767238 1.810771 2.564252 1.674571 0.844914 -0.024536 -0.041086 -0.181962 -0.139967 -0.698279 -0.794696 -0.812372 -0.055658 -0.030744 0.518005 0.680956 0.700043 0.909668 1.154200 0.117292 0.431875 0.678081 1.044988 1.285434 1.721207
2.083655 2.091232 2.107254 3.042406 3.010609 3.014781 3.165304 3.121709 3.851576 4.500331 5.226494 6.063445 6.579059 6.970682 4.207080 7.285617 7.216456 7.083582 7.015988 6.964055 6.752930 6.486791 6.221028 5.770224 4.737217 4.026564 3.196473 2.684737 2.816806 2.356843 2.342759 2.227760 2.123156 2.056090 2.158818 2.161845 2.020248 2.225553 3.173020 2.305638 1.583156 0.693591 -0.027251 -0.120865 -0.172044 -0.123959 -0.587817 -0.696260 -0.038287 0.231764 0.748673 1.151916 1.307697 -0.032415 1.388346 1.626558 1.884592 0.714229 1.032232 1.445593 1.620697 2.026065
2.283412 2.166485 2.947844 2.958213 2.943401 2.764374 2.998774 4.191430 3.492866 4.764269 5.418194 6.252876 5.847513 7.216727 4.385348 7.622950 7.539672 7.435326 7.290669 7.101783 6.635676 5.946370 5.632167 5.637947 4.896996 4.256586 3.417212 3.034162 2.908476 2.720627 2.594371 2.529616 2.449662 2.299161 2.474887 2.519975 2.407111 3.589520 2.746391 2.475984 1.678136 0.347989 -0.034496 -0.161278 -0.192043 -0.700671 -0.151562 -0.031833 0.470507 1.053250 1.457811 -0.030971 0.046767 0.427563 2.093750 0.818252 0.974682 0.954243 1.208080 1.701866 1.918180 2.929296
2.399604 2.910292 2.839290 2.700914 2.893452 3.054085 3.166286 4.444675 3.736266 5.002778 5.633348 6.462957 6.096850 7.547123 4.620950 7.946526 7.858848 7.739295 7.618400 7.404422 6.744016 6.113642 5.545695 5.186441 4.772522 4.317795 3.853096 3.504529 3.326487 3.099126 2.853249 2.872689 2.867184 2.643289 2.830540 2.817113 3.862333 3.038504 2.835791 2.140885 0.445266 0.160484 -0.134065 -0.162738 -0.714986 -0.045873 0.084883 0.729396 1.407810 -0.030238 0.095575 0.336255 0.583471 0.935428 1.257335 1.379839 1.547916 1.585444 1.451983 2.526194 2.975339 3.067811
2.838059 2.353848 2.318564 2.514022 2.939388 3.312150 4.038711 3.605995 4.087863 5.241788 5.899378 5.736480 7.286065 7.927399 4.807283 8.308226 8.213258 8.092755 7.984458 7.769033 6.882698 6.346497 5.707097 5.170731 4.742294 4.428084 4.240829 4.008494 3.773121 3.537980 3.143733 3.216678 3.263980 3.085036 4.672417 4.121569 3.249070 3.060577 2.471064 1.706706 0.687299 -0.036987 -0.165341 -0.443304 -0.043928 0.036391 0.706444 1.540780 -0.029129 0.445526 0.735633 0.887649 1.129696 1.446944 1.782719 1.923831 2.128087 2.266453 2.049551 2.913171 3.342208 3.050856
2.361510 2.409678 2.501760 2.801438 3.254577 4.110140 4.875930 3.930170 4.434577 5.488988 6.155707 5.891536 7.584009 8.365265 5.067663 8.657452 8.542829 8.423289 8.300229 8.095798 7.632785 6.655978 6.002446 5.404196 5.015895 4.745171 4.633226 4.561966 4.413831 3.994073 3.590912 3.601095 5.283089 4.952198 4.281745 3.425496 3.343361 2.780830 1.999101 1.218809 0.314654 -0.029308 -0.032976 0.018108 0.312515 0.726473 1.465163 0.107835 0.341448 0.840960 1.251460 1.557767 1.777135 1.991706 2.279301 2.416588 2.620829 2.758059 2.613316 3.448831 3.028482 2.930601
2.668805 2.890724 3.186742 3.608418 4.119724 4.780173 3.909219 4.273223 4.828012 5.811805 6.395116 5.918731 8.143364 9.064489 5.243081 8.953059 8.877738 8.796932 8.634796 8.485833 8.182472 7.085878 6.418462 5.833872 5.442232 5.189689 5.000243 5.120161 5.032901 4.802959 5.878944 5.582711 5.031683 4.317553 3.390653 3.506550 3.002679 2.334322 1.141081 0.689325 0.351373 0.195500 0.288229 0.772937 1.075206 1.560226 0.344501 0.501936 0.695112 1.137658 1.657699 2.117885 2.429270 2.666022 3.340566 3.441419 3.600015 3.701305 3.755998 3.089181 2.479499 2.585544
2.879091 3.353643 3.841840 4.113211 4.074054 4.250666 4.238155 4.656878 5.887052 6.278662 6.845500 7.572925 8.716899 9.359816 7.459350 9.313014 9.254471 9.167690 8.994198 8.786851 8.583438 7.578297 6.965000 6.388735 5.983039 5.755083 5.393484 5.543365 5.539710 6.272138 5.799024 4.801036 3.967714 4.202433 3.683974 3.033549 2.394418 1.735330 1.110675 0.647443 0.543293 0.683170 0.706433 0.674802 0.692752 0.776167 0.836837 0.967635 1.166159 1.491585 2.045980 2.555268 2.944280 3.962387 3.891524 3.915677 3.513839 0.595496 0.327798 2.647392 3.314779 2.135249
3.172265 3.682090 3.930456 4.183745 4.386585 4.546668 4.678997 5.095444 5.717000 6.714917 7.268019 8.018476 9.137614 9.767965 9.359061 9.692048 9.563350 9.411199 9.209436 8.979199 8.804366 8.462048 7.553810 7.003041 6.564706 7.556866 7.272150 6.932378 6.475619 5.732994 4.712989 4.814887 4.191513 3.697669 3.217925 2.535059 1.864514 0.922108 0.712642 0.683735 0.946005 1.051076 1.037077 0.989934 1.048730 1.216490 1.378335 1.504189 1.674423 1.985316 2.494502 2.975329 4.149629 2.486990 1.809086 1.713485 1.558507 2.017727 2.482680 3.021966 2.717144 1.340393
3.618685 4.063847 4.193540 4.541519 4.768256 4.871320 4.970157 6.003332 6.738975 7.161478 7.753495 7.465842 9.625659 5.882900 5.797267 9.982080 9.841736 9.653226 9.446093 9.260439 9.017144 8.773387 8.403550 8.297255 8.144275 7.880323 7.437097 6.518052 6.018032 5.534200 4.982772 4.393200 3.677059 3.110999 2.577414 2.025083 1.272678 0.986994 0.936629 1.111783 1.241936 1.265336 1.287583 1.363188 1.462759 1.704648 1.942441 2.043885 2.180586 2.495327 2.956404 2.622463 0.949755 0.550973 3.938848 3.826119 3.570055 3.342754 2.986658 2.598564 2.505791 1.492515
4.249701 4.744315 5.422146 4.823157 5.107870 5.175607 5.292014 6.440838 7.336551 7.940897 8.785185 9.222967 10.095993 6.061556 6.018023 10.317313 10.145560 9.969578 9.786683 9.577926 9.282966 9.073003 8.886941 8.000159 8.136115 7.008563 6.650490 6.184440 5.774479 5.272126 4.576149 3.822921 3.157044 2.550569 1.530180 1.183200 1.016081 1.145643 1.352016 1.473980 1.450373 1.384361 1.556228 1.844149 1.996827 2.190592 2.470865 2.572491 2.692711 3.076914 3.402137 2.375160 4.014360 3.611130 3.063052 2.865625 2.816996 2.528350 2.168850 1.777498 2.158101 1.810116
4.881692 5.316769 5.804121 5.076903 5.363356 6.006529 6.016601 7.144610 8.118215 8.833023 8.640019 8.702082 9.514276 6.241089 6.149840 10.572446 10.413131 10.207293 9.975572 9.700927 9.366463 9.009540 8.531221 8.088959 7.458583 6.898310 6.235636 5.619348 5.279240 4.914707 4.261818 3.495487 2.296461 2.138935 1.390828 1.159369 1.285378 1.561793 1.697412 1.693548 1.609826 1.639848 1.865992 2.331072 2.585346 2.663993 2.952535 3.059686 3.149569 4.418482 4.342693 3.958197 3.408605 2.869849 2.238249 1.923968 1.835320 1.605786 1.269160 -0.027252 1.212448 1.260774
4.482930 4.593954 4.902091 5.242925 5.657135 6.637753 6.960758 7.624472 8.634856 9.275230 9.163393 9.551852 9.937011 7.399353 6.230896 10.815389 10.622725 10.383403 10.108458 9.699355 8.968945 8.926325 8.439299 7.833236 7.174057 6.447450 5.681943 4.988332 4.686006 4.501731 4.036462 3.393843 2.518184 1.900668 1.426538 1.387612 1.674593 1.815840 1.818685 1.839520 1.893161 2.104014 2.239407 2.792148 3.117140 3.176416 3.366904 4.627548 3.591060 3.746068 4.056460 3.422669 2.837382 1.989352 0.824566 0.481866 0.427376 0.531332 -0.028506 -0.080757 0.080217 0.494945
4.896222 5.054046 5.226777 5.315045 5.723625 6.523788 7.639502 8.288827 9.006033 9.315099 10.236541 11.092359 10.515697 7.645488 6.400750 11.068124 10.831488 10.570177 10.186738 9.548974 9.420455 8.783524 8.161905 7.477273 6.647012 5.831765 5.045628 4.387461 4.091045 3.940735 3.672954 3.181103 2.526330 1.916328 1.683218 1.789635 1.899096 1.880271 1.922708 2.097527 2.333340 2.627764 2.704675 3.143001 4.711103 3.700171 4.809213 3.693383 3.984199 4.302299 3.553367 2.751718 1.774455 0.945096 -0.015948 -0.011692 -0.030516 -0.053787 -0.052851 -0.023020 -0.015723 -0.017617
5.308490 5.564270 5.841629 5.915298 6.638567 7.257179 7.261901 8.199357 9.501903 9.583384 10.264191 11.334751 12.710753 6.908719 6.728530 11.226594 10.987260 10.635650 9.964291 9.882541 9.280498 8.595314 7.843301 7.016378 6.138402 5.304353 4.543988 3.940869 3.640147 3.419820 3.197861 2.837072 2.198353 1.930158 2.003284 2.063496 2.021050 1.933822 2.068673 2.459367 2.796671 3.116415 3.296378 3.484013 3.867081 5.028066 4.901711 3.863953 3.189569 3.817146 3.047023 1.835397 0.667807 -0.035007 -0.030575 -0.017248 -0.014025 -0.056911 -0.048133 -0.012761 -0.013384 -0.013742
5.663561 5.770541 6.087148 6.559910 7.203326 7.770768 8.285651 8.339014 9.012435 8.899328 10.379320 11.265866 7.011050 6.877145 6.055220 11.403204 11.069972 10.382746 10.380139 9.720895 9.029372 8.313725 7.534240 6.705254 5.874161 5.067550 4.343727 3.528135 3.101700 2.760946 2.510426 2.301642 2.109661 2.074479 2.224107 2.210955 2.133529 2.100756 2.271242 2.792498 3.185204 3.500685 3.773402 3.974770 4.139160 4.988223 4.462467 4.083587 3.714626 3.180315 2.487024 1.268521 -0.040716 -0.130285 -0.077907 -0.012535 -0.009675 -0.013203 -0.009851 -0.012318 -0.007745 -0.009305
6.089374 6.067209 6.071808 6.732360 7.384860 8.096933 8.647184 9.247084 9.893218 10.319276 10.718058 11.482860 6.770269 6.232572 6.153463 10.978203 11.067087 10.942246 10.258870 9.475984 8.795919 8.132602 7.381329 6.608850 5.889004 5.205054 4.578080 4.289931 3.663124 3.309545 2.811543 2.417289 2.245260 2.327134 2.362437 2.345958 2.351308 2.417756 2.712971 3.086620 3.531529 3.869911 4.068906 5.414611 5.245637 4.720235 4.261676 3.644196 3.001341 2.903938 1.417548 1.052322 -0.038341 -0.158622 -0.229273 -0.014087 -0.008398 -0.006068 -0.053005 -0.007519 -0.005963 -0.005328
6.616780 6.659119 6.667944 7.085017 7.551191 8.260830 9.012070 9.448801 9.960685 10.525609 10.499922 11.511948 6.343166 6.294512 6.191393 11.079030 11.069474 10.997201 10.211041 9.384079 8.405938 8.100567 7.428084 6.746935 6.851539 6.396847 4.965717 4.480901 4.038462 3.599235 3.131459 2.912397 2.706494 2.652354 2.552783 2.522855 2.551906 3.181861 3.746265 3.453756 5.194311 5.423948 5.510691 5.417274 4.518297 4.654661 3.883451 2.969812 2.211496 1.809601 0.687810 0.410379 -0.028166 -0.188515 -0.072872 -0.014689 -0.006838 -0.008837 -0.006547 -0.004444 -0.004488 -0.004493
7.171004 7.179998 7.311824 7.563530 7.956935 9.241976 9.514837 9.771982 10.145259 10.863223 11.011281 11.666049 6.309687 6.305967 6.221674 11.198046 11.274534 11.095236 10.317961 9.754098 9.140214 8.268710 8.110274 7.736508 7.271235 5.969957 5.472295 5.004544 4.532358 4.040944 3.643508 3.300721 3.067899 2.896990 2.745281 2.777516 2.745759 3.529188 4.112463 3.785646 5.454311 5.607990 5.562419 4.970980 4.119183 4.453321 3.447196 2.301315 1.721180 0.497038 -0.005651 -0.012363 -0.030694 -0.028215 -0.021121 -0.011073 -0.007709 -0.071926 -0.014329 -0.006885 -0.005038 -0.003674
7.739002 7.745095 7.833286 8.051100 8.413435 9.780796 10.131643 10.410899 10.384694 11.252580 10.368084 11.276229 6.359051 6.368444 6.256057 11.748000 11.404339 11.244137 10.519617 10.097718 9.500954 8.992793 8.576078 8.124845 7.670021 6.515729 6.067357 5.638517 5.165225 4.633133 4.086573 3.605429 3.371211 3.210911 3.056798 3.139795 3.174910 3.294713 4.388348 4.034748 5.643701 5.681338 5.391677 5.658014 5.009003 4.192122 3.112123 2.294164 0.765168 -0.006086 -0.006254 -0.008319 -0.007018 -0.020017 -0.034528 -0.079571 -0.015028 -1.010375 -0.993072 -1.185192 -0.013886 -0.003992
8.206536 8.330418 8.437176 8.633702 8.885370 10.289062 10.630197 10.935788 9.872331 10.123637 12.015877 12.131264 6.408648 6.346166 6.253680 11.341797 11.483594 11.419835 10.787462 10.328086 9.606860 9.047906 8.523822 8.018363 7.537667 7.081558 6.668265 6.274522 5.806096 5.257417 4.688314 4.155029 3.785476 3.604605 3.396526 3.710581 4.076711 4.448416 4.792005 4.336662 5.773687 5.756685 6.003962 5.480059 4.729705 3.884727 3.034316 2.044469 0.523505 -0.008340 -0.005544 -0.005357 -0.005019 -0.010414 -0.036616 -0.030349 -0.280782 -4.221831 -4.276449 -5.528484 -0.246881 -0.003949
8.164552 8.686034 9.631510 9.950010 10.170205 10.520153 9.328133 9.414529 10.064902 10.465510 11.193518 12.004133 6.367012 6.280569 8.283214 11.378398 11.644494 11.624270 11.106336 10.689540 10.083413 9.584374 9.104701 8.618752 8.147441 7.675435 7.711029 7.283057 6.714429 5.808616 5.212577 4.678290 4.283535 4.009157 3.768546 4.051930 4.430771 4.851534 5.250748 5.768128 5.901464 5.668099 5.943069 5.272308 4.477578 3.663015 2.812629 1.949927 0.976847 -0.024891 -0.011071 -0.004525 -0.005540 -0.006692 -0.125781 -0.237171 -0.013047 -0.007194 -0.008580 -0.061668 -0.016344 -0.004749
5.858481 7.316215 9.056694 9.430695 9.676217 9.137945 9.417847 9.394016 10.908257 9.803101 10.651734 11.228319 6.315674 6.254225 11.356171 11.383143 12.461995 12.330110 11.402111 11.044356 10.715759 10.335097 9.692697 9.227096 8.767609 8.276460 7.797590 7.369933 6.909421 6.270691 5.671013 5.134439 4.744466 4.518496 4.226620 4.467152 4.795106 5.311360 5.937193 5.967913 5.934049 6.254620 5.783089 5.086424 4.272281 3.466729 2.618200 1.762626 0.604175 -0.022580 -0.010479 -0.004708 -0.005955 -0.007624 -0.010593 -0.211744 -0.121328 -0.013117 -0.006574 -0.482764 -2.976993 -1.892864
