geotop_simulations/templates/TEST_Venosta_3D_034_template/rec/SoilIceContent0000L0001.asc
ncols         252
nrows         194
xllcorner     598250.000000
yllcorner     5144500.000000
cellsize      250.000000
NODATA_value  -9999.0
[rows 56 to 83 of 194, columns 189 to 251 of 252]
0.003145 0.001889 0.000000 0.000000 0.000000 0.000000 0.000000 0.000000 0.000000 0.000000 0.322240 0.012651 0.113591 0.191021 0.205723 0.226872 0.200049 0.194597 0.018856 0.213009 0.199953 0.438120 0.380031 0.399963 0.463505 0.479134 0.479661 0.479826 0.479839 0.105974 0.479943 0.474394 0.479964 0.479430 0.472945 0.471403 0.479923 0.472095 0.307568 0.288688 0.456475 -9999.0 -9999.0 -9999.0 -9999.0 -9999.0 -9999.0 -9999.0 -9999.0 -9999.0 -9999.0 -9999.0 -9999.0 -9999.0 -9999.0 -9999.0 -9999.0 -9999.0 -9999.0 -9999.0 -9999.0 -9999.0 -9999.0
0.000000 0.000000 0.000000 0.000000 0.000000 0.000000 0.000000 0.000000 0.000000 0.000000 0.000000 0.000000 0.130109 0.225574 0.007078 0.044902 0.228832 0.204025 0.077048 0.046113 0.360548 0.478744 0.458161 0.463149 0.479212 0.120521 0.479869 0.128751 0.124865 0.168998 0.348984 0.479987 0.475845 0.477040 0.471436 0.140675 0.154469 0.172438 0.408582 0.467296 0.465970 -9999.0 -9999.0 -9999.0 -9999.0 -9999.0 -9999.0 -9999.0 -9999.0 -9999.0 -9999.0 -9999.0 -9999.0 -9999.0 -9999.0 -9999.0 -9999.0 -9999.0 -9999.0 -9999.0 -9999.0 -9999.0 -9999.0
0.000000 0.000000 0.000000 0.000000 0.000000 0.000000 0.000000 0.000000 0.000000 0.000000 0.000000 0.007217 0.129745 0.221312 0.020943 0.086799 0.433711 0.236135 0.093855 0.072754 0.061059 0.076800 0.477800 0.479653 0.177457 0.197116 0.294981 0.376160 0.479944 0.479489 0.477750 0.465829 0.471500 0.379456 0.049333 0.035482 0.097966 0.162494 0.472443 0.225469 0.158069 -9999.0 -9999.0 -9999.0 -9999.0 -9999.0 -9999.0 -9999.0 -9999.0 -9999.0 -9999.0 -9999.0 -9999.0 -9999.0 -9999.0 -9999.0 -9999.0 -9999.0 -9999.0 -9999.0 -9999.0 -9999.0 -9999.0
0.000000 0.000000 0.000000 0.000000 0.000000 0.000000 0.000000 0.000000 0.000000 0.000000 0.000000 0.052174 0.213143 0.278801 0.356681 0.141006 0.457391 0.159897 0.125081 0.107710 0.107369 0.130428 0.479285 0.479855 0.319590 0.479982 0.479674 0.479563 0.479619 0.479553 0.478716 0.465421 0.272971 0.080019 0.012050 0.019813 0.244762 0.474319 0.466673 0.457988 0.415203 -9999.0 -9999.0 -9999.0 -9999.0 -9999.0 -9999.0 -9999.0 -9999.0 -9999.0 -9999.0 -9999.0 -9999.0 -9999.0 -9999.0 -9999.0 -9999.0 -9999.0 -9999.0 -9999.0 -9999.0 -9999.0 -9999.0
0.000000 0.000000 0.000000 0.000000 0.000000 0.000000 0.000000 0.000000 0.000000 0.000000 0.008695 0.147409 0.253175 0.371672 0.407841 0.180083 0.475841 0.236914 0.237324 0.170926 0.142137 0.250276 0.479719 0.303070 0.479775 0.478885 0.478971 0.479413 0.474778 0.479760 0.287643 0.131816 0.086241 0.027730 0.000055 0.456453 0.249340 0.475482 0.477507 0.455565 0.475370 -9999.0 -9999.0 -9999.0 -9999.0 -9999.0 -9999.0 -9999.0 -9999.0 -9999.0 -9999.0 -9999.0 -9999.0 -9999.0 -9999.0 -9999.0 -9999.0 -9999.0 -9999.0 -9999.0 -9999.0 -9999.0 -9999.0
0.000000 0.000000 0.000000 0.000000 0.000000 0.000000 0.000000 0.000000 0.000000 0.000000 0.000000 0.166003 0.232901 0.432069 0.448863 0.240730 0.297860 0.437610 0.353325 0.168032 0.171063 0.475227 0.196951 0.479890 0.479761 0.479402 0.479420 0.479212 0.455725 0.402380 0.128751 0.069254 0.030341 0.004739 0.370197 0.455733 0.463330 0.479841 0.372393 0.424605 0.361959 0.191913 -9999.0 -9999.0 -9999.0 -9999.0 -9999.0 -9999.0 -9999.0 -9999.0 -9999.0 -9999.0 -9999.0 -9999.0 -9999.0 -9999.0 -9999.0 -9999.0 -9999.0 -9999.0 -9999.0 -9999.0 -9999.0
0.000000 0.000000 0.000000 0.000000 0.000000 0.000000 0.000000 0.000000 0.000000 0.000000 0.000000 0.087993 0.315093 0.417166 0.476188 0.432583 0.479541 0.479981 0.479983 0.363294 0.476346 0.473824 0.389516 0.479533 0.479784 0.478448 0.454370 0.466675 0.410445 0.162623 0.073923 0.031146 0.008961 0.391178 0.379699 0.455508 0.479860 0.479784 0.479896 0.476545 0.280320 0.180432 0.189640 -9999.0 -9999.0 -9999.0 -9999.0 -9999.0 -9999.0 -9999.0 -9999.0 -9999.0 -9999.0 -9999.0 -9999.0 -9999.0 -9999.0 -9999.0 -9999.0 -9999.0 -9999.0 -9999.0 -9999.0
0.000000 0.000000 0.000000 0.000000 0.000000 0.005677 0.044959 0.000000 0.000000 0.000000 0.000000 0.018279 0.276854 0.411826 0.465045 0.464800 0.479792 0.479576 0.476943 0.479628 0.479982 0.470633 0.479877 0.479540 0.479402 0.259687 0.471816 0.479989 0.476651 0.135368 0.065955 0.043459 0.477916 0.476096 0.439992 0.455783 0.479050 0.479835 0.459248 0.472871 0.294023 0.186377 0.153949 -9999.0 -9999.0 -9999.0 -9999.0 -9999.0 -9999.0 -9999.0 -9999.0 -9999.0 -9999.0 -9999.0 -9999.0 -9999.0 -9999.0 -9999.0 -9999.0 -9999.0 -9999.0 -9999.0 -9999.0
0.000000 0.000000 0.000000 0.000000 0.000000 0.000000 0.388722 0.000000 0.000000 0.000000 0.000000 0.010526 0.196774 0.409608 0.434729 0.266627 0.479990 0.476477 0.478834 0.470415 0.477035 0.476636 0.478639 0.479646 0.477344 0.317507 0.276757 0.461277 0.479899 0.472385 0.467983 0.124257 0.053700 0.402182 0.360411 0.458663 0.475295 0.479563 0.462669 0.479982 0.479669 0.202778 0.181716 0.174159 -9999.0 -9999.0 -9999.0 -9999.0 -9999.0 -9999.0 -9999.0 -9999.0 -9999.0 -9999.0 -9999.0 -9999.0 -9999.0 -9999.0 -9999.0 -9999.0 -9999.0 -9999.0 -9999.0
0.000000 0.000000 0.000000 0.000000 0.000000 0.000000 0.262588 0.000000 0.000000 0.000000 0.000000 0.001434 0.176091 0.342545 0.422533 0.478718 0.479787 0.479938 0.470817 0.474692 0.478729 0.478713 0.478423 0.479689 0.479667 0.479436 0.479345 0.476280 0.479924 0.477839 0.310344 0.053445 0.001504 0.000000 0.329769 0.474511 0.477479 0.478795 0.479395 0.479903 0.416842 0.478294 0.164721 0.184743 0.199604 -9999.0 -9999.0 -9999.0 -9999.0 -9999.0 -9999.0 -9999.0 -9999.0 -9999.0 -9999.0 -9999.0 -9999.0 -9999.0 -9999.0 -9999.0 -9999.0 -9999.0 -9999.0
0.000000 0.000000 0.000000 0.000000 0.000000 0.000000 0.263995 0.000000 0.000000 0.000000 0.000000 0.000000 0.119761 0.297585 0.391321 0.465390 0.479578 0.479891 0.478590 0.478525 0.479236 0.479260 0.479268 0.479674 0.473813 0.457197 0.431951 0.479875 0.348877 0.097657 0.050103 0.010382 0.000000 0.389247 0.412994 0.400688 0.454850 0.467045 0.475925 0.479750 0.462507 0.458904 0.479842 0.436051 0.423350 0.175881 0.348654 -9999.0 -9999.0 -9999.0 -9999.0 -9999.0 -9999.0 -9999.0 -9999.0 -9999.0 -9999.0 -9999.0 -9999.0 -9999.0 -9999.0 -9999.0 -9999.0
0.000000 0.000000 0.000000 0.000000 0.000000 0.000000 0.271651 0.000000 0.000000 0.000000 0.000000 0.032586 0.216365 0.291352 0.363441 0.427209 0.479180 0.479922 0.479117 0.479755 0.479212 0.478160 0.459310 0.349821 0.309050 0.441877 0.479959 0.277071 0.090511 0.040991 0.012365 0.001708 0.438924 0.458121 0.458746 0.466167 0.405412 0.421400 0.419495 0.462861 0.479733 0.458551 0.474825 0.478903 0.415922 0.159812 0.181650 0.161192 0.464280 -9999.0 -9999.0 -9999.0 -9999.0 -9999.0 -9999.0 -9999.0 -9999.0 -9999.0 -9999.0 -9999.0 -9999.0 -9999.0 -9999.0
0.000000 0.000000 0.000000 0.000000 0.000000 0.000000 0.330213 0.000000 0.000000 0.000000 0.000000 0.046307 0.323299 0.385949 0.454358 0.146224 0.233028 0.440272 0.479713 0.479733 0.474235 0.375305 0.280424 0.239478 0.404298 0.479616 0.471390 0.237003 0.074875 0.019656 0.012327 0.479816 0.459215 0.458779 0.458461 0.464236 0.391668 0.340149 0.468500 0.429272 0.479143 0.458535 0.479983 0.465121 0.218970 0.457212 0.479976 0.307153 0.184390 -9999.0 -9999.0 -9999.0 -9999.0 -9999.0 -9999.0 -9999.0 -9999.0 -9999.0 -9999.0 -9999.0 -9999.0 -9999.0 -9999.0
0.000000 0.000000 0.000000 0.000000 0.000000 0.000000 0.273014 0.000000 0.000000 0.000000 0.000000 0.000000 0.232571 0.440936 0.479488 0.479891 0.410446 0.479969 0.479565 0.479725 0.462813 0.358175 0.425280 0.466041 0.447851 0.471489 0.470475 0.363545 0.225936 0.460499 0.479829 0.479850 0.460050 0.461449 0.476896 0.459378 0.405674 0.354883 0.344289 0.455786 0.478251 0.479787 0.479873 0.315991 0.106153 0.049280 0.042006 0.039495 0.037046 0.006715 -9999.0 -9999.0 -9999.0 -9999.0 -9999.0 -9999.0 -9999.0 -9999.0 -9999.0 -9999.0 -9999.0 -9999.0 -9999.0
0.000000 0.000000 0.000000 0.000000 0.000000 0.000000 0.032575 0.000000 0.000000 0.000000 0.000000 0.000054 0.141968 0.254228 0.340921 0.258873 0.353782 0.479766 0.479584 0.479434 0.474083 0.474060 0.477923 0.479253 0.477461 0.446890 0.471505 0.327587 0.287705 0.479944 0.462124 0.479984 0.479974 0.479981 0.479885 0.478446 0.478804 0.418128 0.344762 0.411432 0.462843 0.471896 0.478951 0.066598 0.008336 0.000000 0.477373 0.472632 0.002067 0.000000 -9999.0 -9999.0 -9999.0 -9999.0 -9999.0 -9999.0 -9999.0 -9999.0 -9999.0 -9999.0 -9999.0 -9999.0 -9999.0
0.000000 0.000000 0.000000 0.000000 0.000000 0.000000 0.000000 0.000000 0.000000 0.000000 0.000000 0.012079 0.048655 0.205307 0.261422 0.297648 0.164229 0.247682 0.479725 0.475734 0.471142 0.478620 0.479661 0.478939 0.475449 0.439595 0.479970 0.476488 0.479985 0.479956 0.479397 0.479052 0.477878 0.479972 0.061200 0.477991 0.479841 0.479468 0.370028 0.369581 0.379312 0.415033 0.456188 0.415764 0.000000 0.419232 0.414996 0.000000 0.000000 0.000000 -9999.0 -9999.0 -9999.0 -9999.0 -9999.0 -9999.0 -9999.0 -9999.0 -9999.0 -9999.0 -9999.0 -9999.0 -9999.0
0.000000 0.000000 0.000000 0.000000 0.000000 0.000000 0.000000 0.000000 0.000000 0.000000 0.000000 0.010163 0.144757 0.190903 0.300149 0.086150 0.105360 0.178057 0.404711 0.476049 0.476043 0.476292 0.476287 0.472513 0.467704 0.470542 0.457704 0.466747 0.475218 0.478743 0.478775 0.475680 0.473663 0.139271 0.039943 0.478803 0.479794 0.479898 0.390932 0.333175 0.312339 0.365530 0.375838 0.000000 0.346817 0.352584 0.342436 0.336956 0.000000 0.000000 -9999.0 -9999.0 -9999.0 -9999.0 -9999.0 -9999.0 -9999.0 -9999.0 -9999.0 -9999.0 -9999.0 -9999.0 -9999.0
0.000000 0.000000 0.000000 0.000000 0.000000 0.000000 0.000000 0.000000 0.000000 0.000000 0.000000 0.000000 0.055796 0.173120 0.267754 0.322629 0.391175 0.479508 0.479941 0.478886 0.475861 0.444115 0.465284 0.477298 0.473662 0.474565 0.474998 0.476524 0.479098 0.479347 0.475398 0.443510 0.478794 0.136411 0.479800 0.479687 0.461877 0.464218 0.479939 0.333511 0.278694 0.334360 0.303274 0.231256 0.279038 0.266711 0.300518 0.361728 0.309616 0.393369 0.000000 -9999.0 -9999.0 -9999.0 -9999.0 -9999.0 -9999.0 -9999.0 -9999.0 -9999.0 -9999.0 -9999.0 -9999.0
0.000000 0.000000 0.000000 0.000000 0.000000 0.000000 0.000000 0.000000 0.000000 0.000000 0.000000 0.000000 0.012604 0.115503 0.224190 0.298651 0.361195 0.478683 0.479922 0.479964 0.467988 0.467521 0.384031 0.479305 0.476736 0.474814 0.477706 0.479204 0.479670 0.478188 0.445934 0.479751 0.473379 0.479982 0.462770 0.461868 0.461762 0.463077 0.479951 0.479942 0.277441 0.218367 0.193588 0.149604 0.161386 0.085715 0.096072 0.098838 0.131289 0.226026 0.149881 -9999.0 -9999.0 -9999.0 -9999.0 -9999.0 -9999.0 -9999.0 -9999.0 -9999.0 -9999.0 -9999.0 -9999.0
0.000000 0.000000 0.000000 0.000000 0.000000 0.000000 0.000000 0.000000 0.000000 0.000000 0.000000 0.000000 0.004011 0.074403 0.186868 0.259927 0.351859 0.477836 0.479942 0.479980 0.479208 0.479973 0.473144 0.478514 0.479321 0.479206 0.479638 0.479569 0.479560 0.479049 0.473643 0.453126 0.467812 0.479933 0.421600 0.463436 0.463385 0.464302 0.463416 0.479954 0.479541 0.144597 0.009745 0.094312 0.100042 0.000000 0.072898 0.002859 0.010149 0.062110 0.060234 -9999.0 -9999.0 -9999.0 -9999.0 -9999.0 -9999.0 -9999.0 -9999.0 -9999.0 -9999.0 -9999.0 -9999.0
0.000000 0.000000 0.000000 0.000000 0.000000 0.000000 0.000000 0.000000 0.000000 0.000000 0.000000 0.000000 0.000481 0.036338 0.154842 0.252395 0.367631 0.478541 0.479896 0.461601 0.479986 0.471816 0.479860 0.478506 0.479650 0.479596 0.479447 0.479557 0.479536 0.479678 0.479261 0.478541 0.478469 0.463043 0.475469 0.479814 0.124189 0.479972 0.479973 0.479970 0.479881 0.279544 0.000000 0.000000 0.067655 0.028992 0.021385 0.021009 0.022969 0.020129 0.000000 -9999.0 -9999.0 -9999.0 -9999.0 -9999.0 -9999.0 -9999.0 -9999.0 -9999.0 -9999.0 -9999.0 -9999.0
0.000000 0.000000 0.000000 0.000000 0.000000 0.000000 0.000000 0.000000 0.000000 0.000000 0.000000 0.000000 0.000000 0.014741 0.170167 0.251936 0.372350 0.475660 0.479778 0.479899 0.479927 0.421167 0.479039 0.478882 0.479694 0.479652 0.479591 0.479617 0.479506 0.479586 0.479615 0.479670 0.479671 0.479380 0.479420 0.478592 0.479960 0.479973 0.479974 0.479973 0.479919 0.413006 0.009741 0.000000 0.057624 0.002076 0.000000 0.000000 0.000000 0.000000 0.000000 -9999.0 -9999.0 -9999.0 -9999.0 -9999.0 -9999.0 -9999.0 -9999.0 -9999.0 -9999.0 -9999.0 -9999.0
0.000000 0.000000 0.000000 0.000000 0.000000 0.000000 0.000000 0.000000 0.000000 0.000000 0.000000 0.000000 0.000000 0.009172 0.178569 0.364344 0.468458 0.479580 0.478272 0.479725 0.479909 0.350593 0.479827 0.467878 0.477995 0.479753 0.479645 0.479665 0.479543 0.479489 0.479525 0.479470 0.479521 0.479597 0.479647 0.479353 0.469805 0.232748 0.479968 0.479967 0.479932 0.479865 0.477792 0.035618 0.128256 0.000000 0.000000 0.000000 0.000000 0.000000 -9999.0 -9999.0 -9999.0 -9999.0 -9999.0 -9999.0 -9999.0 -9999.0 -9999.0 -9999.0 -9999.0 -9999.0 -9999.0
0.000000 0.000000 0.000000 0.000000 0.000000 0.000000 0.000000 0.000000 0.000000 0.000000 0.000000 0.000000 0.000000 0.000000 0.068134 0.398487 0.469390 0.478987 0.445546 0.479139 0.460758 0.460724 0.479984 0.479280 0.474247 0.479730 0.479608 0.479635 0.479647 0.479522 0.479522 0.479514 0.479420 0.479398 0.479589 0.479298 0.474896 0.472465 0.479970 0.479933 0.479939 0.479903 0.479921 0.456658 0.450292 0.013769 0.000000 0.000000 0.000000 0.000000 -9999.0 -9999.0 -9999.0 -9999.0 -9999.0 -9999.0 -9999.0 -9999.0 -9999.0 -9999.0 -9999.0 -9999.0 -9999.0
0.000000 0.000000 0.000000 0.000000 0.000000 0.000000 0.000000 0.000000 0.000000 0.000000 0.000000 0.000000 0.000000 0.000000 0.079546 0.375189 0.448760 0.348678 0.420005 0.457627 0.459554 0.461176 0.479958 0.474386 0.479519 0.479609 0.479600 0.479619 0.479547 0.479531 0.479634 0.479631 0.479622 0.479587 0.479568 0.479700 0.478253 0.446196 0.479977 0.479907 0.479920 0.479921 0.479914 0.478933 0.020888 0.000000 0.000000 0.000000 0.000000 0.000000 0.000000 -9999.0 -9999.0 -9999.0 -9999.0 -9999.0 -9999.0 -9999.0 -9999.0 -9999.0 -9999.0 -9999.0 -9999.0
0.000000 0.000000 0.000000 0.000000 0.000000 0.000000 0.021411 0.000000 0.000000 0.000000 0.000000 0.000000 0.000000 0.000000 0.075037 0.267065 0.245859 0.334515 0.425752 0.479160 0.479871 0.479976 0.476583 0.479749 0.479635 0.479619 0.479602 0.479576 0.479553 0.479634 0.479662 0.479661 0.479652 0.479633 0.479571 0.479699 0.478009 0.471955 0.401680 0.479722 0.479644 0.479714 0.432468 0.352511 0.000000 0.000000 0.000000 0.000000 0.000000 0.000000 0.000000 -9999.0 -9999.0 -9999.0 -9999.0 -9999.0 -9999.0 -9999.0 -9999.0 -9999.0 -9999.0 -9999.0 -9999.0
0.011946 0.000000 0.000000 0.000000 0.000000 0.000000 0.184333 0.000000 0.000000 0.000000 0.000000 0.000000 0.000000 0.000000 0.021623 0.117857 0.223069 0.393704 0.466177 0.479818 0.479981 0.478598 0.479763 0.479648 0.479636 0.479595 0.479556 0.479589 0.479630 0.479628 0.479641 0.479628 0.479633 0.479642 0.479619 0.479608 0.472574 0.479624 0.479967 0.479685 0.466563 0.410972 0.295957 0.015607 0.000000 0.000000 0.000000 0.000000 0.000000 0.000000 0.000000 -9999.0 -9999.0 -9999.0 -9999.0 -9999.0 -9999.0 -9999.0 -9999.0 -9999.0 -9999.0 -9999.0 -9999.0
0.044996 0.012557 0.000000 0.000000 0.000000 0.000000 0.000000 0.000000 0.000000 0.000000 0.000000 0.000000 0.000000 0.000000 0.016957 0.083139 0.351709 0.460478 0.478862 0.479861 0.479638 0.479755 0.479625 0.479603 0.479599 0.479584 0.479612 0.479633 0.479623 0.479635 0.479729 0.479686 0.479622 0.479626 0.479632 0.479619 0.475204 0.479912 0.479960 0.479795 0.457402 0.379527 0.148614 0.049093 0.032348 0.019873 0.000000 0.000000 0.000000 0.000000 0.000000 0.000000 -9999.0 -9999.0 -9999.0 -9999.0 -9999.0 -9999.0 -9999.0 -9999.0 -9999.0 -9999.0 -9999.0
