geotop_simulations/templates/TEST_Venosta_3D_034_template/rec/SoilTemperature0000L0001.old.asc
ncols         252
nrows         194
xllcorner     598250.000000
yllcorner     5144500.000000
cellsize      250.000000
NODATA_value  -9999.0
[rows 28 to 55 of 194, columns 124 to 185 of 252]
3.374388 2.762009 1.916733 -0.011663 -0.017465 -0.019426 -0.019793 -0.021253 -0.052276 -0.029373 -0.312159 -0.393982 -4.343661 -2.787866 -1.194000 -0.915980 -0.762546 -0.765556 -9999.0 -9999.0 -9999.0 -9999.0 -9999.0 -9999.0 -9999.0 -9999.0 -9999.0 -9999.0 -9999.0 -9999.0 -9999.0 -9999.0 -9999.0 -9999.0 -9999.0 -9999.0 -9999.0 -9999.0 -9999.0 -9999.0 -9999.0 -9999.0 -9999.0 -9999.0 -9999.0 -9999.0 -9999.0 -9999.0 -9999.0 -9999.0 -9999.0 -9999.0 -9999.0 -9999.0 -9999.0 -9999.0 -9999.0 -9999.0 -9999.0 -9999.0 -9999.0 -9999.0
-0.011292 -0.007847 0.671586 -0.008028 -0.010586 -0.007363 -0.018251 -0.402983 -1.280563 -1.090450 -1.020237 -1.094845 -1.133187 -1.052596 -0.817020 -1.369751 -0.630643 -9999.0 -9999.0 -9999.0 -9999.0 -9999.0 -9999.0 -9999.0 -9999.0 -9999.0 -9999.0 -9999.0 -9999.0 -9999.0 -9999.0 -9999.0 -9999.0 -9999.0 -9999.0 -9999.0 -9999.0 -9999.0 -9999.0 -9999.0 -9999.0 -9999.0 -9999.0 -9999.0 -9999.0 -9999.0 -9999.0 -9999.0 -9999.0 -9999.0 -9999.0 -9999.0 -9999.0 -9999.0 -9999.0 -9999.0 -9999.0 -9999.0 -9999.0 -9999.0 -9999.0 -9999.0
-0.008387 -0.006233 -0.011396 -0.017955 -0.009572 -0.009033 -0.023772 -1.331869 -0.863138 -0.847563 -0.861695 -1.003358 -1.015423 -0.908001 -1.268924 -1.365889 -0.600195 -9999.0 -9999.0 -9999.0 -9999.0 -9999.0 -9999.0 -9999.0 -9999.0 -9999.0 -9999.0 -9999.0 -9999.0 -9999.0 -9999.0 -9999.0 -9999.0 -9999.0 -9999.0 -9999.0 -9999.0 -9999.0 -9999.0 -9999.0 -9999.0 -9999.0 -9999.0 -9999.0 -9999.0 -9999.0 -9999.0 -9999.0 -9999.0 -9999.0 -9999.0 -9999.0 -9999.0 -9999.0 -9999.0 -9999.0 -9999.0 -9999.0 -9999.0 -9999.0 -9999.0 -9999.0
-0.006274 -0.006160 -0.278937 -0.412491 -0.032542 -0.417866 -1.175780 -0.888333 -0.756824 -0.729647 -0.747391 -0.848103 -0.848206 -0.658582 -1.365594 -1.209103 -0.584176 -9999.0 -9999.0 -9999.0 -9999.0 -9999.0 -9999.0 -9999.0 -9999.0 -9999.0 -9999.0 -9999.0 -9999.0 -9999.0 -9999.0 -9999.0 -9999.0 -9999.0 -9999.0 -9999.0 -9999.0 -9999.0 -9999.0 -9999.0 -9999.0 -9999.0 -9999.0 -9999.0 -9999.0 -9999.0 -9999.0 -9999.0 -9999.0 -9999.0 -9999.0 -9999.0 -9999.0 -9999.0 -9999.0 -9999.0 -9999.0 -9999.0 -9999.0 -9999.0 -9999.0 -9999.0
-0.006387 -0.387739 -1.147291 -1.014757 -1.034641 -1.017888 -0.687066 -1.279925 -0.609937 -0.553044 -0.569166 -0.583677 -0.605690 -0.608795 -1.305321 -0.636520 -9999.0 -9999.0 -9999.0 -9999.0 -9999.0 -9999.0 -9999.0 -9999.0 -9999.0 -9999.0 -9999.0 -9999.0 -9999.0 -9999.0 -9999.0 -9999.0 -9999.0 -9999.0 -9999.0 -9999.0 -9999.0 -9999.0 -9999.0 -9999.0 -9999.0 -9999.0 -9999.0 -9999.0 -9999.0 -9999.0 -9999.0 -9999.0 -9999.0 -9999.0 -9999.0 -9999.0 -9999.0 -9999.0 -9999.0 -9999.0 -9999.0 -9999.0 -9999.0 -9999.0 -9999.0 -9999.0
-0.318886 -1.070795 -0.707118 -0.763340 -0.786411 -0.604982 -0.630771 -1.110976 -0.533136 -0.492745 -0.503712 -0.576163 -0.568596 -0.593912 -9999.0 -9999.0 -9999.0 -9999.0 -9999.0 -9999.0 -9999.0 -9999.0 -9999.0 -9999.0 -9999.0 -9999.0 -9999.0 -9999.0 -9999.0 -9999.0 -9999.0 -9999.0 -9999.0 -9999.0 -9999.0 -9999.0 -9999.0 -9999.0 -9999.0 -9999.0 -9999.0 -9999.0 -9999.0 -9999.0 -9999.0 -9999.0 -9999.0 -9999.0 -9999.0 -9999.0 -9999.0 -9999.0 -9999.0 -9999.0 -9999.0 -9999.0 -9999.0 -9999.0 -9999.0 -9999.0 -9999.0 -9999.0
-1.228352 -0.714685 -0.615327 -0.664889 -0.399529 -0.754217 -0.642823 -0.582860 -0.522232 -0.490996 -0.507243 -0.578255 -9999.0 -9999.0 -9999.0 -9999.0 -9999.0 -9999.0 -9999.0 -9999.0 -9999.0 -9999.0 -9999.0 -9999.0 -9999.0 -9999.0 -9999.0 -9999.0 -9999.0 -9999.0 -9999.0 -9999.0 -9999.0 -9999.0 -9999.0 -9999.0 -9999.0 -9999.0 -9999.0 -9999.0 -9999.0 -9999.0 -9999.0 -9999.0 -9999.0 -9999.0 -9999.0 -9999.0 -9999.0 -9999.0 -9999.0 -9999.0 -9999.0 -9999.0 -9999.0 -9999.0 -9999.0 -9999.0 -9999.0 -9999.0 -9999.0 -9999.0
-0.783987 -0.620819 -0.160608 -4.394850 -3.101597 -0.555352 -1.355801 -0.977231 -0.588150 -0.542793 -0.499586 -9999.0 -9999.0 -9999.0 -9999.0 -9999.0 -9999.0 -9999.0 -9999.0 -9999.0 -9999.0 -9999.0 -9999.0 -9999.0 -9999.0 -9999.0 -9999.0 -9999.0 -9999.0 -9999.0 -9999.0 -9999.0 -9999.0 -9999.0 -9999.0 -9999.0 -9999.0 -9999.0 -9999.0 -9999.0 -9999.0 -9999.0 -9999.0 -9999.0 -9999.0 -9999.0 -9999.0 -9999.0 -9999.0 -9999.0 -9999.0 -9999.0 -9999.0 -9999.0 -9999.0 -9999.0 -9999.0 -9999.0 -9999.0 -9999.0 -9999.0 -9999.0
-0.821804 -1.987258 -0.557197 -0.412129 -1.620936 -0.451054 -1.263402 -0.936002 -0.738149 -0.608957 -0.549235 -9999.0 -9999.0 -9999.0 -9999.0 -9999.0 -9999.0 -9999.0 -9999.0 -9999.0 -9999.0 -9999.0 -9999.0 -9999.0 -9999.0 -9999.0 -9999.0 -9999.0 -1.796874 -1.901761 -1.854905 -1.941517 -3.159631 -9999.0 -9999.0 -9999.0 -9999.0 -9999.0 -9999.0 -9999.0 -9999.0 -9999.0 -9999.0 -9999.0 -9999.0 -9999.0 -9999.0 -9999.0 -9999.0 -9999.0 -9999.0 -9999.0 -9999.0 -9999.0 -9999.0 -9999.0 -9999.0 -9999.0 -9999.0 -9999.0 -9999.0 -9999.0
-0.564727 -0.024585 -0.021468 -0.007701 -0.150333 -0.518683 -0.856309 -1.548921 -1.296537 -0.904785 -0.598567 -9999.0 -9999.0 -9999.0 -9999.0 -9999.0 -9999.0 -9999.0 -9999.0 -9999.0 -9999.0 -9999.0 -9999.0 -9999.0 -9999.0 -9999.0 -1.857094 -2.025635 -2.047312 -2.154046 -2.752843 -3.684078 -9999.0 -9999.0 -9999.0 -9999.0 -9999.0 -9999.0 -9999.0 -9999.0 -9999.0 -9999.0 -9999.0 -9999.0 -9999.0 -9999.0 -9999.0 -9999.0 -9999.0 -9999.0 -9999.0 -9999.0 -9999.0 -9999.0 -9999.0 -9999.0 -9999.0 -9999.0 -9999.0 -9999.0 -9999.0 -9999.0
-0.012997 -0.016167 -0.032753 -0.027393 -0.008416 -0.503183 -2.084106 -1.663955 -1.220787 -1.201410 -0.907549 -9999.0 -9999.0 -9999.0 -9999.0 -9999.0 -9999.0 -9999.0 -9999.0 -9999.0 -9999.0 -9999.0 -9999.0 -9999.0 -9999.0 -2.131985 -3.773539 -1.114446 -1.085777 -4.844103 -5.941174 -1.035088 -1.236129 -9999.0 -9999.0 -9999.0 -9999.0 -9999.0 -9999.0 -9999.0 -9999.0 -9999.0 -9999.0 -9999.0 -9999.0 -9999.0 -9999.0 -9999.0 -9999.0 -9999.0 -9999.0 -9999.0 -9999.0 -9999.0 -9999.0 -9999.0 -9999.0 -9999.0 -9999.0 -9999.0 -9999.0 -9999.0
-0.011065 -0.156617 -0.619912 -0.026436 -0.011254 -0.371808 -3.147376 -1.776476 -0.891666 -1.171392 -0.921909 -0.639039 -0.655525 -0.720066 -0.752233 -0.762783 -0.787482 -9999.0 -9999.0 -9999.0 -9999.0 -9999.0 -1.674277 -1.773723 -2.830880 -5.973759 -1.726457 -1.681877 -2.049540 -1.187998 -1.167947 -0.971001 -1.183358 -9999.0 -9999.0 -9999.0 -9999.0 -9999.0 -9999.0 -9999.0 -9999.0 -9999.0 -9999.0 -9999.0 -9999.0 -9999.0 -9999.0 -9999.0 -9999.0 -9999.0 -9999.0 -9999.0 -9999.0 -9999.0 -9999.0 -9999.0 -9999.0 -9999.0 -9999.0 -9999.0 -9999.0 -9999.0
-0.040321 -0.556156 -0.688897 -0.040813 -0.015245 -0.049907 -0.476451 -2.478472 -0.824112 -1.169239 -1.394884 -1.234656 -0.765024 -0.832860 -1.422124 -1.608974 -1.653617 -1.808242 -1.828445 -1.761938 -1.718310 -2.104566 -3.661835 -3.890034 -4.014957 -5.742175 -0.634091 -1.274746 -1.605052 -1.335587 -1.198727 -1.222026 -0.471132 -4.665731 -9999.0 -9999.0 -9999.0 -9999.0 -9999.0 -9999.0 -9999.0 -9999.0 -9999.0 -9999.0 -9999.0 -9999.0 -9999.0 -9999.0 -9999.0 -9999.0 -9999.0 -9999.0 -9999.0 -9999.0 -9999.0 -9999.0 -9999.0 -9999.0 -9999.0 -9999.0 -9999.0 -9999.0
-0.045097 -0.079741 -0.520721 -0.337634 -0.021956 -0.022896 -0.474888 -1.286583 -0.823159 -0.861330 -1.442054 -0.728121 -0.889447 -0.860713 -0.963248 -2.523039 -4.517169 -0.517041 -1.488533 -1.705623 -5.397203 -3.493666 -3.935530 -5.870771 -1.031025 -0.527310 -0.574377 -1.124572 -1.195974 -1.193694 -1.195343 -1.145425 -1.032643 -0.467693 -0.860791 -9999.0 -9999.0 -9999.0 -9999.0 -9999.0 -9999.0 -9999.0 -9999.0 -9999.0 -1.212470 -1.990565 -0.491634 -0.482760 -0.661883 -1.508945 -9999.0 -9999.0 -9999.0 -9999.0 -9999.0 -9999.0 -9999.0 -9999.0 -9999.0 -9999.0 -9999.0 -9999.0
-0.026546 -0.031542 -0.115294 -0.407313 -0.009057 -0.392916 -0.428959 -0.924502 -0.812286 -0.769032 -1.004618 -0.698807 -0.951577 -0.999311 -1.675990 -0.467153 -0.475545 -0.502492 -1.252632 -1.483432 -1.956988 -1.494255 -0.484564 -0.853090 -0.873802 -1.051421 -0.968458 -0.915459 -0.868911 -1.062877 -1.127360 -1.130566 -0.860566 -0.547854 -0.517669 -9999.0 -9999.0 -9999.0 -9999.0 -9999.0 -9999.0 -9999.0 -1.682327 -2.447118 -4.668480 -0.442827 -0.424979 -9999.0 -9999.0 -9999.0 -9999.0 -9999.0 -9999.0 -9999.0 -9999.0 -9999.0 -9999.0 -9999.0 -9999.0 -9999.0 -9999.0 -9999.0
0.552407 0.329148 -0.061886 -0.136226 -0.036214 -0.446909 -1.248526 -1.354151 -0.709275 -0.678853 -0.705502 -0.661411 -0.870361 -1.016005 -2.015501 -0.442737 -0.434913 -0.471803 -0.791851 -1.358582 -1.616383 -1.628462 -1.327152 -1.248489 -1.259274 -1.028830 -0.810817 -0.607591 -0.798256 -0.865300 -1.121591 -1.115892 -1.076334 -0.840670 -0.538170 -9999.0 -9999.0 -9999.0 -9999.0 -9999.0 -9999.0 -9999.0 -3.695143 -0.917713 -0.753819 -0.488171 -0.438478 -0.664664 -9999.0 -9999.0 -9999.0 -9999.0 -9999.0 -9999.0 -9999.0 -9999.0 -9999.0 -9999.0 -9999.0 -9999.0 -9999.0 -9999.0
1.038573 -0.226439 -0.181676 -0.067766 -0.409709 -1.373206 -0.847401 -0.858328 -0.792260 -0.782961 -1.372965 -0.673734 -0.653931 -0.847733 -1.184136 -2.652287 -0.401105 -0.391610 -0.398170 -0.408814 -1.102598 -1.116240 -1.208385 -1.054485 -1.034822 -0.812297 -0.564003 -0.499651 -0.544259 -0.855408 -1.108608 -1.741382 -1.153657 -0.493202 -9999.0 -9999.0 -9999.0 -9999.0 -9999.0 -9999.0 -9999.0 -2.593622 -1.124478 -0.808673 -0.760662 -0.679185 -0.640417 -0.685117 -0.730892 -0.725646 -9999.0 -9999.0 -9999.0 -9999.0 -9999.0 -9999.0 -9999.0 -9999.0 -9999.0 -9999.0 -9999.0 -9999.0
1.229667 -0.193731 -0.232096 -0.022134 -0.438545 -1.219811 -1.020475 -1.619860 -1.011542 -0.792468 -1.694753 -1.200080 -0.645766 -0.948285 -3.360466 -0.457835 -0.463274 -0.448465 -0.421771 -0.458461 -0.649291 -0.887746 -0.899084 -0.941666 -0.902463 -0.579145 -0.420654 -0.244444 -0.422656 -0.841839 -1.504877 -1.632281 -4.569207 -0.474946 -9999.0 -9999.0 -9999.0 -1.346868 -1.365391 -1.667940 -6.350119 -0.673455 -0.622323 -0.721728 -0.604216 -0.136770 -0.131420 -0.425248 -0.595447 -0.669734 -0.678419 -9999.0 -9999.0 -9999.0 -9999.0 -9999.0 -9999.0 -9999.0 -9999.0 -9999.0 -9999.0 -9999.0
0.469027 -0.030662 -0.173979 -0.579140 -0.392183 -0.467036 -0.515492 -0.487233 -4.474555 -0.843595 -1.785014 -1.527936 -0.742949 -1.640937 -0.478406 -0.497423 -0.480877 -0.552210 -0.574446 -0.616609 -0.593535 -0.561494 -0.578989 -0.713688 -0.596035 -0.520942 -0.052233 -0.038827 -0.063133 -0.718964 -1.562406 -1.921913 -5.364957 -4.395883 -9999.0 -0.954591 -1.290052 -1.436968 -1.610912 -1.869366 -1.330068 -0.763317 -0.770910 -0.649863 -0.046481 0.315755 0.533772 0.317937 -0.049172 -0.533199 -0.448659 -0.411886 -9999.0 -9999.0 -9999.0 -9999.0 -9999.0 -9999.0 -9999.0 -9999.0 -9999.0 -9999.0
0.322961 0.714747 -0.144003 -0.216146 -0.636903 -0.681543 -0.360583 -0.474756 -0.466477 -1.634522 -1.707274 -1.543444 -0.844704 -1.471496 -0.460784 -0.465616 -0.402075 -0.552557 -0.609382 -0.565995 -0.204647 -0.079942 -0.098024 -0.449250 -0.380465 -0.045387 0.351573 0.488261 0.315547 -0.401658 -1.016657 -1.764492 -1.793540 -1.164454 -1.202226 -1.278088 -1.139340 -1.073337 -1.083199 -1.114137 -1.185791 -1.046544 -0.731601 -0.381511 0.285059 0.969139 1.304137 1.224448 0.587701 -0.062920 -0.593839 -0.586794 -3.001980 -9999.0 -9999.0 -1.012534 -9999.0 -9999.0 -9999.0 -9999.0 -9999.0 -9999.0
0.613772 1.286541 -0.046845 -0.141546 -0.420664 -0.661513 -0.318459 -0.458049 -0.468771 -2.352564 -1.578025 -0.754410 -0.788088 -2.313712 -0.453591 -0.423451 -0.042839 -0.527308 -0.554737 -0.127401 0.010596 0.082021 0.414661 0.263039 0.110011 0.540044 1.065897 1.154703 0.954955 -0.052675 -0.677743 -1.086637 -1.255227 -1.259027 -1.157051 -0.937788 -0.623482 -0.487553 -0.454918 -0.532618 -0.751154 -0.764257 -0.694286 -0.090909 0.590974 1.445468 1.893440 1.849930 1.213514 0.189380 -0.516695 -0.597057 -0.580924 -0.500171 -0.497731 -1.177727 -0.798462 -9999.0 -9999.0 -9999.0 -9999.0 -9999.0
0.965153 1.587012 -0.036748 -0.055449 -0.150430 -0.353131 -0.366315 -0.142172 -0.464945 -3.176495 -1.570674 -0.789216 -0.982147 -0.460240 -0.474362 -0.173139 -0.435952 -0.577389 -0.154680 -0.030853 0.548450 0.504914 1.076086 1.077425 0.962947 1.338243 1.780567 1.984225 1.652629 0.641201 -0.080054 -0.518325 -0.932966 -0.992424 -0.863851 -0.599427 -0.074869 0.160643 0.336996 0.056739 -0.308530 -0.550719 -0.622358 -0.071569 0.692847 1.816576 2.382627 2.352291 1.695642 0.715075 -0.070290 -0.634766 -0.726092 -0.693716 -0.483620 -0.607766 -2.757307 -0.907938 -0.900898 -0.712545 -0.510367 -0.956453
0.803485 -0.255070 -0.051968 -0.032049 -0.059552 -0.044448 -0.497969 -0.070432 -0.463416 -2.532124 -1.530263 -0.808127 -0.930929 -0.461869 -0.083820 -0.610047 -0.590655 -0.188169 -0.037605 0.336612 0.715692 0.688311 1.550237 1.779224 1.870742 1.953938 2.475737 2.705274 2.418022 1.827245 0.739603 0.005043 -0.408833 -0.510541 -0.525257 -0.083454 0.218255 0.784011 1.057098 0.885808 0.298238 -0.065644 -0.085903 0.070113 1.265213 2.395077 2.935776 2.894368 2.420747 1.319084 0.453471 -0.044624 -0.131774 -0.648633 -0.709609 -0.488710 -3.480626 -5.379659 -0.528533 -0.466787 -1.564922 -2.332941
-0.172426 -0.130891 -0.154750 0.182305 -0.032452 -0.031756 -0.013469 -0.395893 -0.419816 -2.761958 -0.976137 -0.823611 -1.881031 -0.011162 -0.533658 -0.622976 -0.321032 -0.068030 -0.036929 -0.041073 0.002183 0.543252 1.558789 2.192365 2.458693 2.623527 2.976752 3.294158 3.144322 2.655049 1.668532 0.928855 0.256016 -0.047941 -0.052062 0.119917 0.677158 1.295293 1.652213 1.565134 0.987534 0.420501 0.253598 0.710911 1.847294 2.989814 3.500789 3.460658 2.977136 1.889794 1.132852 0.648871 0.212535 -0.103184 -0.418128 -0.444604 -4.451899 -0.525664 -0.540686 -0.487028 -5.960722 -2.955558
0.091976 1.383478 2.028089 0.170223 0.616126 -0.027992 -0.018872 -0.371612 -0.413695 -0.473108 -2.351311 -1.667037 -4.736854 -0.009555 -0.014695 -0.031042 -0.157944 -0.331657 -0.204124 -0.079743 -0.034288 0.507748 1.110497 2.032117 2.602616 2.974635 3.321130 3.719056 3.736193 3.389056 2.802022 1.769294 1.037162 0.530623 0.289139 0.479891 1.133614 1.831489 2.305109 2.273822 1.721295 1.112676 0.883948 1.302277 2.473590 3.595952 4.063673 3.923562 3.523967 2.418327 1.669808 1.053943 0.298010 -0.286932 -0.592060 -0.631730 -0.369669 -0.692862 -0.409890 -0.473015 -0.472720 -0.493926
0.480740 -0.270992 -0.107523 0.275314 -0.027586 -0.056554 -0.171268 -0.413757 -0.446045 -0.487881 -0.465732 -1.417215 -3.825082 -0.184333 -0.008091 -0.014910 -0.027672 -0.166468 -0.367684 -0.035619 0.344826 0.741309 0.928419 1.568193 2.750344 3.413052 4.056147 4.058785 4.180313 3.994721 3.277760 2.574974 1.785951 1.092641 0.651340 0.482842 1.221231 2.288489 2.979887 3.039630 2.499548 1.853199 1.578255 1.885798 2.989902 4.140831 4.636633 4.531690 4.090213 3.370629 2.214392 1.400630 0.566504 -0.040370 -0.207953 -0.719909 -0.802627 -0.844662 -0.719892 -0.051861 -0.016139 -0.066144
0.752486 -0.111237 -0.034168 0.627619 0.250162 -0.093848 -0.578108 -0.682337 -0.548961 -0.460296 -0.470332 -0.970401 -1.750208 -0.464066 -0.397374 -0.391684 -0.313743 -0.379798 -0.091324 0.023258 0.429431 0.681800 0.914072 1.511922 2.059574 2.649398 3.548413 4.741560 4.166241 4.518705 4.157238 3.594141 2.440070 1.586544 0.998508 0.708967 1.180243 2.632688 3.619142 3.990998 3.762848 2.610581 2.272106 2.435569 3.402228 4.598522 5.197390 5.065512 4.675087 3.949857 2.729800 1.911971 1.356217 0.867463 0.450893 0.006436 -0.075275 -0.240078 -0.452761 -0.057414 -0.685572 -0.807409
1.116639 -0.044197 -0.006229 0.819034 0.341901 -0.049335 -0.601364 -0.734051 -0.492497 -0.415148 -0.468216 -1.737492 -0.870706 -1.101194 -4.959083 -0.043518 -0.611639 -0.554976 -0.048509 -0.008355 0.344472 0.505412 0.803278 1.324250 1.926772 2.445186 3.435014 4.340629 4.371402 4.488922 4.252879 4.161702 3.007311 2.070391 1.411046 1.268608 1.673881 3.089179 4.158737 4.578283 4.484558 3.984955 3.058124 3.677680 3.940597 5.108636 5.747030 5.643917 5.276396 4.560978 3.798531 2.786999 2.322099 1.858370 1.509687 1.073339 0.482056 0.194462 -0.035679 -0.041555 -0.040638 -0.046522
