geotop_simulations/templates/TEST_Venosta_3D_034_template/rec/SoilTemperature0000L0008.old.asc
ncols         252
nrows         194
xllcorner     598250.000000
yllcorner     5144500.000000
cellsize      250.000000
NODATA_value  -9999.0
[rows 84 to 111 of 194, columns 0 to 61 of 252]
-9999.0 -9999.0 -9999.0 -9999.0 -9999.0 -9999.0 -9999.0 -9999.0 -9999.0 -9999.0 -9999.0 -9999.0 -9999.0 -9999.0 -9999.0 -9999.0 -9999.0 -9999.0 -9999.0 -9999.0 -9999.0 -9999.0 -9999.0 -9999.0 -9999.0 -9999.0 -9999.0 -9999.0 -9999.0 -9999.0 -9999.0 -9999.0 -9999.0 12.442351 12.452075 12.313470 3.514458 11.215824 10.700911 11.283189 11.135675 9.889091 9.963167 9.080932 8.633292 9.079505 2.381979 9.461035 2.781305 9.595371 3.567003 5.059465 6.413105 5.082939 6.844508 6.799980 6.508381 6.332805 5.637424 6.204128 6.896503 7.616298
-9999.0 -9999.0 -9999.0 -9999.0 -9999.0 -9999.0 -9999.0 -9999.0 -9999.0 -9999.0 -9999.0 -9999.0 -9999.0 -9999.0 -9999.0 -9999.0 -9999.0 -9999.0 -9999.0 -9999.0 -9999.0 -9999.0 -9999.0 -9999.0 -9999.0 -9999.0 -9999.0 -9999.0 -9999.0 -9999.0 -9999.0 -9999.0 3.600794 4.228630 4.322990 4.081966 3.973623 12.523065 11.749303 11.985819 11.341678 8.963007 8.231204 7.956272 7.122541 7.026264 7.126477 7.190405 7.604502 8.999188 10.819087 4.292375 6.123956 5.271504 5.286338 5.351256 7.367095 7.253185 7.198844 6.278775 7.006910 7.768823
-9999.0 -9999.0 -9999.0 -9999.0 -9999.0 -9999.0 -9999.0 -9999.0 -9999.0 -9999.0 -9999.0 -9999.0 -9999.0 -9999.0 -9999.0 -9999.0 -9999.0 -9999.0 -9999.0 -9999.0 -9999.0 -9999.0 -9999.0 -9999.0 -9999.0 -9999.0 -9999.0 -9999.0 -9999.0 -9999.0 -9999.0 2.950058 3.478341 3.923692 4.269687 4.308104 4.352543 4.245531 12.874894 3.774964 11.052623 9.160067 8.626338 8.757561 8.115478 8.589308 9.047678 9.180504 10.034015 11.259979 12.437675 4.645732 4.167428 5.045614 5.491519 5.578599 5.651231 7.833643 8.214179 6.673179 7.291511 8.021778
-9999.0 -9999.0 -9999.0 -9999.0 -9999.0 -9999.0 -9999.0 -9999.0 -9999.0 -9999.0 -9999.0 -9999.0 -9999.0 -9999.0 -9999.0 -9999.0 -9999.0 -9999.0 -9999.0 -9999.0 -9999.0 -9999.0 -9999.0 -9999.0 -9999.0 -9999.0 -9999.0 -9999.0 -9999.0 -9999.0 -9999.0 2.352130 2.446434 2.847863 3.413694 4.096338 4.476099 4.515202 4.351065 3.855733 3.239056 2.656898 8.622282 8.898483 9.941698 10.638601 11.163558 11.460732 12.099608 12.734077 4.999888 5.008750 5.381129 5.500833 6.002559 5.398362 5.889197 6.108564 6.479154 6.883717 7.220144 7.390604
-9999.0 -9999.0 -9999.0 -9999.0 -9999.0 -9999.0 -9999.0 -9999.0 -9999.0 -9999.0 -9999.0 -9999.0 -9999.0 -9999.0 -9999.0 -9999.0 -9999.0 -9999.0 -9999.0 -9999.0 -9999.0 -9999.0 -9999.0 -9999.0 -9999.0 -9999.0 -9999.0 -9999.0 -9999.0 -9999.0 -9999.0 8.962241 1.839369 1.663419 2.157468 2.831530 3.610525 4.342608 9.440420 8.824551 3.368447 2.650383 2.546082 9.191350 10.309058 10.749996 11.249545 11.744067 4.646850 4.952844 5.114964 5.041789 5.013543 3.744000 3.856919 4.250096 5.992925 7.083848 7.636620 7.724881 6.247805 6.031943
-9999.0 -9999.0 -9999.0 -9999.0 -9999.0 -9999.0 -9999.0 -9999.0 -9999.0 -9999.0 -9999.0 -9999.0 -9999.0 -9999.0 -9999.0 -9999.0 -9999.0 -9999.0 -9999.0 -9999.0 -9999.0 -9999.0 -9999.0 -9999.0 -9999.0 -9999.0 -9999.0 -9999.0 -9999.0 -9999.0 -9999.0 8.910358 8.295765 8.392109 8.954605 1.842514 2.340797 3.255425 9.478888 9.110070 3.631084 3.050938 2.994334 9.598411 10.026933 10.357507 10.927019 4.040411 4.404051 4.763901 5.000415 4.764039 3.334283 3.205044 4.068801 4.317455 4.375765 4.744445 5.186250 4.928242 5.196043 5.617196
-9999.0 -9999.0 -9999.0 -9999.0 -9999.0 -9999.0 -9999.0 -9999.0 -9999.0 -9999.0 -9999.0 -9999.0 -9999.0 -9999.0 -9999.0 -9999.0 -9999.0 -9999.0 -9999.0 -9999.0 -9999.0 -9999.0 -9999.0 -9999.0 -9999.0 -9999.0 -9999.0 -9999.0 -9999.0 -9999.0 -9999.0 -9999.0 7.534187 7.213415 8.076577 9.039678 1.982432 2.585404 3.980318 9.404623 4.022948 3.630365 3.312556 3.212035 9.456377 9.781198 10.260046 11.263480 4.072316 4.426588 4.586586 4.286632 3.997306 4.049214 4.072857 4.049745 4.017132 4.239939 4.940343 4.857976 5.542327 6.248234
-9999.0 -9999.0 -9999.0 -9999.0 -9999.0 -9999.0 -9999.0 -9999.0 -9999.0 -9999.0 -9999.0 -9999.0 -9999.0 -9999.0 -9999.0 -9999.0 -9999.0 -9999.0 -9999.0 -9999.0 -9999.0 -9999.0 -9999.0 -9999.0 -9999.0 -9999.0 -9999.0 -9999.0 -9999.0 -9999.0 -9999.0 -9999.0 -9999.0 6.360250 7.587862 9.361755 2.249319 2.447953 3.227074 9.615336 4.389656 3.937656 3.603586 3.334675 9.149381 9.782365 9.645674 10.300425 3.767076 4.058919 4.157067 4.076887 4.223124 4.747546 5.049696 5.272192 5.779828 6.389067 7.055385 7.592389 8.003461 6.497082
-9999.0 -9999.0 -9999.0 -9999.0 -9999.0 -9999.0 -9999.0 -9999.0 -9999.0 -9999.0 -9999.0 -9999.0 -9999.0 -9999.0 -9999.0 -9999.0 -9999.0 -9999.0 -9999.0 -9999.0 -9999.0 -9999.0 -9999.0 -9999.0 -9999.0 -9999.0 -9999.0 -9999.0 -9999.0 -9999.0 -9999.0 -9999.0 -9999.0 6.981628 8.449549 10.212474 11.563128 2.498177 2.804623 3.839772 9.659147 4.228662 3.853435 3.518829 9.222455 9.535028 9.535322 9.281191 10.130216 3.734495 4.109745 4.628636 5.015051 5.290251 5.505210 5.876467 6.268370 4.781870 7.149754 5.845312 6.310571 6.762825
-9999.0 -9999.0 -9999.0 -9999.0 -9999.0 -9999.0 -9999.0 -9999.0 -9999.0 -9999.0 -9999.0 -9999.0 -9999.0 -9999.0 -9999.0 -9999.0 -9999.0 -9999.0 -9999.0 -9999.0 -9999.0 -9999.0 -9999.0 -9999.0 -9999.0 -9999.0 -9999.0 -9999.0 -9999.0 -9999.0 -9999.0 -9999.0 -9999.0 8.550967 9.710070 10.823137 11.331969 2.353770 2.268784 2.856988 9.566714 4.579717 4.122579 3.711106 3.208526 8.954667 9.821024 10.065137 10.632924 11.365416 4.811096 5.141749 5.227470 5.426617 5.650546 5.936203 4.464269 5.106642 5.710707 6.257515 6.716535 7.099890
-9999.0 -9999.0 -9999.0 -9999.0 -9999.0 -9999.0 -9999.0 -9999.0 -9999.0 -9999.0 -9999.0 -9999.0 -9999.0 -9999.0 -9999.0 -9999.0 -9999.0 -9999.0 -9999.0 -9999.0 -9999.0 -9999.0 -9999.0 -9999.0 -9999.0 -9999.0 -9999.0 -9999.0 -9999.0 -9999.0 -9999.0 -9999.0 -9999.0 8.472293 9.486721 10.165919 10.372772 11.041710 12.217969 2.476862 4.084371 4.758922 8.708345 3.922821 3.508511 3.192433 10.154078 11.172705 11.791492 12.321699 12.635738 5.185986 5.307518 3.803335 4.047746 4.391170 4.748917 5.463124 6.187922 6.794319 7.201297 7.622435
-9999.0 -9999.0 -9999.0 -9999.0 -9999.0 -9999.0 -9999.0 -9999.0 -9999.0 -9999.0 -9999.0 -9999.0 -9999.0 -9999.0 -9999.0 -9999.0 -9999.0 -9999.0 -9999.0 -9999.0 -9999.0 -9999.0 -9999.0 -9999.0 -9999.0 -9999.0 -9999.0 -9999.0 -9999.0 -9999.0 -9999.0 -9999.0 -9999.0 7.877589 8.417264 8.850036 9.886878 11.655013 2.891392 2.662125 3.576097 4.819655 9.109987 3.611497 2.911676 2.281963 4.097131 11.552999 12.118370 12.695912 3.506484 12.780066 5.501212 4.185794 4.439371 4.814720 5.116916 5.597874 6.581103 7.323865 7.730677 8.115485
-9999.0 -9999.0 -9999.0 -9999.0 -9999.0 -9999.0 -9999.0 -9999.0 -9999.0 -9999.0 -9999.0 -9999.0 -9999.0 -9999.0 -9999.0 -9999.0 -9999.0 -9999.0 -9999.0 -9999.0 -9999.0 -9999.0 -9999.0 -9999.0 -9999.0 -9999.0 -9999.0 -9999.0 -9999.0 -9999.0 -9999.0 -9999.0 -9999.0 6.791078 7.260203 8.674079 10.633045 11.874780 2.848376 3.122890 3.550396 4.828134 9.602124 4.010209 3.459874 4.144438 2.950460 12.372031 12.946855 3.713384 4.059869 13.192553 4.474853 4.700292 11.147331 5.276774 5.631971 5.887654 6.697544 7.700712 8.210131 8.596837
-9999.0 -9999.0 -9999.0 -9999.0 -9999.0 -9999.0 -9999.0 -9999.0 -9999.0 -9999.0 -9999.0 -9999.0 -9999.0 -9999.0 -9999.0 -9999.0 -9999.0 -9999.0 -9999.0 -9999.0 -9999.0 -9999.0 -9999.0 -9999.0 -9999.0 -9999.0 -9999.0 -9999.0 -9999.0 -9999.0 -9999.0 -9999.0 -9999.0 5.736265 6.976781 9.034137 10.745419 2.332275 2.766240 3.448255 3.850431 4.494644 5.319210 9.289364 3.971338 3.572781 3.591045 3.632784 3.957094 4.443753 4.655878 4.830328 4.980857 5.264752 11.322571 11.571571 6.142592 6.553247 7.135637 7.903981 8.588535 9.008256
-9999.0 -9999.0 -9999.0 -9999.0 -9999.0 -9999.0 -9999.0 -9999.0 -9999.0 10.022899 9.713849 -9999.0 -9999.0 -9999.0 -9999.0 -9999.0 -9999.0 -9999.0 -9999.0 -9999.0 -9999.0 -9999.0 -9999.0 -9999.0 -9999.0 -9999.0 -9999.0 -9999.0 -9999.0 -9999.0 -9999.0 -9999.0 -9999.0 7.965110 8.804384 9.873174 11.100121 2.623338 2.906022 3.206287 3.489207 3.765372 5.128734 4.928187 4.480703 4.123843 4.158905 4.184933 4.566828 5.050284 5.232501 5.363043 5.470875 5.826375 11.549339 11.767343 12.304062 7.884816 8.309757 8.866550 9.337988 9.514050
-9999.0 -9999.0 -9999.0 -9999.0 -9999.0 -9999.0 -9999.0 -9999.0 -9999.0 10.383672 10.312104 9.669313 8.617404 8.057117 8.970491 5.314283 -9999.0 -9999.0 -9999.0 -9999.0 -9999.0 -9999.0 -9999.0 -9999.0 -9999.0 -9999.0 -9999.0 -9999.0 -9999.0 -9999.0 -9999.0 -9999.0 -9999.0 9.059812 9.555402 9.790157 10.088967 10.507639 11.090375 2.817481 3.248679 3.126828 3.699000 4.961364 9.388168 4.629170 4.642776 4.591452 4.984665 5.531647 5.735193 5.844448 5.904465 6.285208 11.891297 12.016603 8.019605 8.226609 8.644623 9.235139 9.563037 9.596522
-9999.0 -9999.0 -9999.0 -9999.0 -9999.0 -9999.0 -9999.0 -9999.0 -9999.0 10.293938 10.328832 10.417219 10.266327 -9999.0 -9999.0 -9999.0 -9999.0 -9999.0 -9999.0 -9999.0 -9999.0 -9999.0 -9999.0 -9999.0 -9999.0 -9999.0 -9999.0 -9999.0 -9999.0 -9999.0 -9999.0 -9999.0 -9999.0 -9999.0 9.984808 10.417642 10.391196 10.067479 10.094280 10.750451 3.413532 3.072801 3.091215 4.620438 5.248490 5.121999 5.078772 4.968210 5.072267 5.743461 6.154047 6.255773 6.275263 6.499629 12.153615 12.286188 8.380661 8.519033 8.925318 9.321000 9.474497 6.473855
-9999.0 -9999.0 -9999.0 -9999.0 -9999.0 -9999.0 -9999.0 -9999.0 -9999.0 9.338862 10.061357 10.357891 10.497263 -9999.0 -9999.0 -9999.0 -9999.0 -9999.0 -9999.0 -9999.0 -9999.0 -9999.0 -9999.0 -9999.0 -9999.0 -9999.0 -9999.0 -9999.0 -9999.0 -9999.0 -9999.0 -9999.0 -9999.0 -9999.0 9.812999 10.353865 10.840869 11.209285 11.644371 12.091930 3.983682 3.204484 3.196210 3.963402 5.449057 10.250954 5.508561 5.499335 5.408383 5.699277 6.369163 11.308605 7.455287 7.252926 7.055935 7.688569 12.804664 8.678486 8.942528 9.206834 5.148759 6.059735
-9999.0 -9999.0 -9999.0 -9999.0 -9999.0 -9999.0 -9999.0 -9999.0 -9999.0 9.980112 10.337406 10.283694 10.512685 11.068586 11.171438 -9999.0 -9999.0 4.171698 4.559992 4.574399 4.395861 4.495616 4.329651 -9999.0 -9999.0 -9999.0 -9999.0 -9999.0 -9999.0 -9999.0 -9999.0 -9999.0 -9999.0 -9999.0 -9999.0 8.867037 10.104981 11.240424 11.949709 3.860093 4.160847 3.372604 3.538014 3.912269 5.071938 5.711380 10.562139 5.869950 5.826986 5.704873 6.222507 6.847224 7.733665 7.915255 7.918159 7.842331 12.658250 12.770634 12.516220 7.430790 7.329812 11.393369
-9999.0 -9999.0 -9999.0 -9999.0 10.332002 10.862319 10.138774 10.611329 11.795750 11.725556 11.249903 4.041839 4.098957 4.159249 4.065605 3.792468 -9999.0 4.449678 4.745932 4.646059 4.579152 4.556313 4.464155 -9999.0 -9999.0 -9999.0 -9999.0 -9999.0 -9999.0 -9999.0 -9999.0 -9999.0 -9999.0 -9999.0 -9999.0 9.100011 9.629315 10.540484 2.838508 3.335740 3.750517 3.131129 3.849930 3.460144 4.194441 5.366163 5.940186 10.736740 6.243448 6.284242 6.358722 6.863061 7.328666 8.151710 8.264281 8.382397 16.064759 16.324802 7.290333 9.281484 10.826232 9.450169
-9999.0 -9999.0 -9999.0 10.968565 11.531179 11.701342 11.285777 11.927735 12.680274 12.437934 11.925827 4.405874 4.539507 4.513980 4.308203 3.989040 4.074180 4.341422 4.665760 4.762596 4.832428 4.803334 4.837037 4.976163 4.757099 4.433728 -9999.0 -9999.0 0.148309 9.455070 9.761965 2.736096 2.585622 -9999.0 -9999.0 -9999.0 9.328366 9.738650 10.344173 2.574783 2.881572 3.011777 2.952050 3.322088 3.576907 4.382562 5.708020 11.355852 7.313577 7.459381 7.584536 7.700122 7.481220 11.979262 12.096327 12.162448 15.858315 7.062337 8.677108 10.519289 8.966404 6.585345
-9999.0 -9999.0 -9999.0 4.914236 4.867318 4.773830 4.676302 4.733960 4.832362 4.744886 4.678922 4.716569 4.812852 4.741377 4.476925 4.140986 4.267433 4.420312 4.648853 4.961122 5.099713 5.169016 5.256732 5.256988 4.777748 4.244431 3.722160 3.373323 3.012724 2.565695 -9999.0 -9999.0 -9999.0 -9999.0 -9999.0 -9999.0 8.060733 8.588239 9.353181 9.731281 2.392314 2.289151 2.860456 3.205892 3.447866 3.732835 4.315967 5.791943 6.830084 7.714378 7.862139 7.968105 11.906714 11.929296 11.980761 11.820011 8.731294 8.617501 10.598061 8.860066 6.350326 5.846108
-9999.0 -9999.0 -9999.0 5.385068 5.264671 5.255170 5.208268 5.139566 5.120810 4.907847 4.830885 4.942294 4.976623 4.758083 4.525396 4.351253 4.631368 4.780094 4.702195 4.863305 5.209098 5.431828 5.208809 4.944438 4.557709 4.116636 3.586911 3.046930 2.492057 2.307949 8.880242 -9999.0 -9999.0 -9999.0 -9999.0 -9999.0 7.453570 8.804454 9.817071 10.318082 2.643980 2.930791 3.168900 2.797828 3.081463 3.475213 3.808667 4.290133 5.951797 11.331794 11.727280 11.721524 11.754995 11.808879 11.822459 11.742882 8.491594 10.498440 9.202732 6.433324 5.774409 5.187566
-9999.0 -9999.0 5.713417 5.701764 5.605694 5.538818 5.348014 5.254048 5.275589 5.174787 5.057539 5.084997 5.036696 4.815433 4.763668 4.808268 5.018236 5.115738 5.084961 5.182463 5.446476 5.600551 5.101737 4.662220 4.201486 3.882075 3.265289 2.365925 1.828590 1.824732 7.979107 -9999.0 -9999.0 -9999.0 -9999.0 -9999.0 7.314603 8.663366 9.639531 10.012632 9.729749 2.334995 2.467859 3.035948 3.068832 3.652059 4.404865 5.042586 5.966028 6.995605 7.482021 11.803642 11.786261 11.770854 8.466149 8.404128 10.632767 9.063677 6.136662 5.513617 4.841617 4.236490
-9999.0 -9999.0 5.548829 5.690031 5.641045 5.620176 5.700768 5.730473 5.696330 5.555249 5.481568 5.485439 5.402474 5.373938 5.342856 5.278550 5.336431 5.427284 5.478380 5.568609 5.699469 5.672098 4.847956 4.126419 3.680293 3.122229 2.498273 6.727442 6.611973 6.806707 7.473627 -9999.0 -9999.0 -9999.0 -9999.0 6.979181 7.489845 7.870453 8.180078 8.471927 8.993758 9.836635 3.401304 3.889924 3.406524 4.014436 4.671511 5.324358 5.942882 6.870274 11.683568 11.790353 11.751825 8.196615 8.297384 10.822878 7.003572 6.300269 5.526698 4.856139 4.194996 3.586449
-9999.0 -9999.0 11.955613 12.424038 5.398789 5.621948 5.880939 5.999639 5.998682 5.828184 5.719473 5.723060 5.897319 5.929204 5.787540 5.674238 10.981039 5.802456 5.852908 5.879427 5.939230 5.722953 4.016941 4.382597 3.708396 8.378590 8.012578 2.547282 8.235650 8.490633 9.215285 9.216262 8.036762 7.000448 7.179269 7.978964 8.547462 8.936337 9.237616 9.677756 10.512869 3.826227 4.272808 4.649456 3.764423 4.293846 4.887612 5.457019 5.997630 6.754670 7.512850 11.810945 10.944661 6.612799 10.973447 10.049752 6.638998 6.068715 5.433572 4.790510 4.245694 3.675198
-9999.0 -9999.0 9.732919 10.284523 11.565762 5.265560 5.779270 6.042294 6.237931 6.222217 6.213820 6.297492 6.269086 6.270196 6.218315 6.175285 11.420999 6.193546 6.239261 6.308084 6.347265 6.011397 4.320209 3.810548 3.262662 2.799648 3.979998 3.630492 3.302653 3.153090 10.190454 10.056450 8.823825 7.994299 8.429215 8.871850 9.347210 9.835867 10.281090 10.694218 3.621073 4.018869 4.422001 4.780669 3.861009 4.480605 5.149761 5.767675 6.384527 7.042572 7.634584 11.766970 6.657653 7.108853 10.546112 9.388363 6.189467 5.783402 5.313960 4.724135 4.294673 3.694944
-9999.0 -9999.0 8.370133 8.569679 9.243699 10.438305 4.814332 5.593723 6.150046 6.468826 6.588483 6.669411 12.302266 6.663507 11.721668 11.855862 11.949543 6.714178 6.736031 6.781958 6.722154 6.167589 4.685968 4.186226 3.697458 3.254412 2.777259 3.952016 3.677553 3.471304 3.441887 3.173057 2.536914 2.048959 9.216492 9.713380 10.035123 2.935803 3.194553 3.536952 3.870088 4.204145 4.630133 4.980001 4.134003 4.719490 5.407944 6.070677 7.111322 7.284653 7.788182 9.551353 8.682091 10.933988 10.036326 6.509890 5.771294 5.086667 4.726368 4.418579 3.960881 3.497303
