geotop_simulations/templates/TEST_Venosta_3D_034_template/rec/SoilTemperature0000L0008.old.asc
ncols         252
nrows         194
xllcorner     598250.000000
yllcorner     5144500.000000
cellsize      250.000000
NODATA_value  -9999.0
[rows 112 to 139 of 194, columns 124 to 185 of 252]
5.369379 9.862001 9.764881 9.616271 9.430070 9.229961 8.996827 8.737969 8.454969 8.145369 11.494376 11.090705 7.094533 6.662667 6.203432 5.661470 5.020015 4.221007 3.421560 3.040462 2.703735 2.359278 2.054766 1.787730 8.299418 1.397840 1.109228 1.067751 7.436592 1.223078 1.427301 1.516119 1.797051 2.089099 2.433156 2.758220 2.969808 3.345081 3.688598 9.709706 10.283066 4.021648 4.255357 4.435913 4.603478 5.216866 8.079648 8.348262 8.555339 8.730084 8.930101 9.099382 9.234751 9.346027 12.123663 12.019803 6.644471 5.543979 5.528526 5.520707 5.496846 5.482674
5.480791 5.405302 5.291794 5.228014 9.655660 9.456753 9.208346 8.944931 8.673431 8.359243 11.678891 11.257716 7.284588 6.844085 6.382204 5.825956 5.184245 4.405937 3.468207 3.103653 2.797823 2.467395 2.144432 1.857009 8.364492 1.494589 1.046604 0.966330 0.972028 1.044559 1.225895 1.422327 1.638048 1.876317 2.133327 2.396236 2.650601 2.890090 7.092296 7.455442 3.811689 4.121326 4.394218 4.615968 4.785168 4.950416 5.093989 5.192711 5.317682 5.442708 5.493373 5.540366 5.610704 9.962305 9.990986 5.678590 5.613505 5.568651 5.544277 8.692965 9.314966 9.211803
9.427615 9.362821 9.252270 5.343352 9.084911 15.878258 9.368792 9.142296 8.901075 8.583087 8.252772 7.910742 7.525832 7.070630 6.573940 6.031591 5.414495 4.620516 3.580847 3.209830 2.825157 2.512918 2.188671 1.894346 7.907410 1.540921 1.481028 1.463729 1.471106 1.519844 1.620378 1.542946 1.745084 1.992874 2.245175 2.510425 2.762715 2.998707 3.215989 3.595994 3.927268 4.214130 4.475856 4.698023 4.892480 5.066021 5.213193 5.331187 5.439146 5.536162 5.619002 5.688866 9.979112 9.994444 9.910217 5.652560 5.586607 5.623172 9.474510 9.344886 9.233912 9.034652
5.575933 5.527809 9.339780 9.269384 9.193041 9.085939 15.871668 9.293372 9.067473 8.772424 8.440583 8.090689 7.719912 7.260407 6.767437 3.826095 3.575225 3.249198 3.451931 3.206230 2.839570 2.498124 2.168090 1.878860 1.628202 1.434803 1.313795 1.332398 1.358366 1.465929 1.670012 1.928387 2.198831 2.484561 2.335870 2.591228 2.845833 3.089711 3.355587 3.716883 4.025351 4.291798 4.529192 4.743343 4.953921 5.118448 9.437689 9.574957 9.682607 5.605939 5.678528 5.741040 10.009198 5.760243 5.660839 5.595936 8.593348 9.539453 9.407864 9.264937 9.072624 8.868752
5.557209 5.517821 5.467291 9.290577 9.273808 9.244588 5.204409 5.354619 9.219252 8.922074 8.591225 7.772703 4.507793 4.322166 4.086989 3.857638 4.244026 4.226670 3.663347 3.784953 2.795885 2.433442 2.115027 1.806170 1.523939 1.321385 1.077493 1.105427 1.171391 1.215432 1.476913 1.817751 2.145359 2.500314 2.835305 2.626303 2.878517 3.129014 3.479182 3.815112 4.102218 4.353872 4.567042 4.767007 4.989725 5.154730 5.297934 5.418216 5.516500 5.602423 5.689457 5.751556 5.772218 9.854311 5.604638 5.561146 9.596263 9.445097 9.287598 9.095757 8.901501 8.681269
5.421805 5.427134 5.378029 5.327974 5.310232 5.304042 9.196778 5.154920 5.078617 4.938674 4.826656 4.669877 4.438992 7.213969 6.869238 5.955357 5.766260 5.022256 4.114285 3.654274 2.691505 2.315839 2.581442 2.270224 2.060509 1.920188 -0.001153 0.649349 0.719317 0.701819 1.290869 1.614905 1.926231 2.359569 2.736088 3.124079 3.489687 3.911302 3.541969 3.867220 4.150116 4.392867 4.598610 4.809061 5.024127 5.173799 5.298713 5.383239 5.450478 5.553546 5.663929 5.710594 5.716259 9.757807 5.558227 9.672376 9.535135 9.365278 9.181244 8.964173 8.752176 8.443048
9.264116 9.434138 9.547177 7.602884 9.428703 9.166682 8.969745 15.048226 8.665788 8.447652 8.076048 7.710019 7.229503 7.054216 6.648559 5.959103 4.874989 4.722685 4.393910 3.486027 2.588711 2.236014 2.385011 2.063200 1.372061 1.209481 1.009566 0.896864 0.638882 -0.000154 -0.001198 1.392783 1.710243 2.096773 2.531763 2.955949 3.322750 3.896487 4.464404 5.280466 6.100299 4.416756 4.633329 4.848908 5.029978 5.178085 5.270948 5.296403 5.355836 5.468725 5.561337 5.550889 5.536614 6.579031 9.689232 9.614865 9.476471 9.297795 9.092232 8.839939 8.563545 8.237330
8.506504 8.696584 8.856888 8.993664 8.860366 8.311587 8.189738 7.983525 7.844309 7.717072 7.506912 7.224294 6.913278 6.217646 5.852805 5.107039 4.484784 4.778179 4.107089 2.865240 2.575517 2.597121 2.211106 1.436923 1.648409 1.535995 1.470514 1.460748 0.961790 1.038346 1.862241 2.099182 2.389025 2.737115 3.164926 3.557826 3.992293 4.509313 4.275494 5.077517 6.121657 6.870839 5.639317 8.121028 7.969379 8.163113 8.260081 8.401698 8.463316 8.426717 8.564988 9.139373 9.070782 9.055811 9.174644 9.208092 9.315919 8.970224 8.545510 8.347638 8.225191 8.041269
7.755019 7.981692 8.211718 8.554465 8.466073 10.378387 9.948367 9.549523 7.135565 6.956135 6.762639 6.526906 6.278678 6.004551 5.600764 5.060787 4.465649 4.378345 3.446756 2.677053 2.543622 2.246633 2.174748 1.674601 1.435518 1.336530 1.283604 1.294117 0.996437 1.075837 1.199274 1.857930 2.135110 2.456760 2.884274 3.315410 3.727250 4.243910 4.750626 5.524562 6.637337 6.885302 5.674276 8.132228 8.080815 8.245108 8.347923 7.890274 8.376333 8.003972 8.281250 8.504971 8.450086 8.353126 8.481452 8.717586 8.932443 8.559911 8.123451 7.823010 7.777672 7.722005
7.035473 7.336874 7.543520 8.117636 8.106210 10.510737 10.472698 9.893680 9.150607 6.303887 6.061433 5.825268 5.595304 5.375800 5.009550 4.518934 3.998120 3.972120 3.296316 2.985145 2.434134 2.290659 2.279377 1.679781 1.316127 1.176341 1.126336 3.154054 3.183489 1.333205 3.340262 1.667159 1.938737 2.277194 2.687516 3.093394 3.508086 4.046086 4.371457 5.076114 6.329560 7.301481 7.553282 7.938795 7.861434 7.863336 7.746499 7.755851 7.705249 7.968694 7.840460 7.759352 7.817862 7.762631 7.877424 8.089409 8.438961 8.228596 7.803614 7.379748 7.152811 7.182122
6.383015 6.711025 6.857719 7.637226 7.701024 7.252608 9.871072 9.268257 5.937270 5.623614 5.375890 5.101015 4.892818 4.674049 4.333206 4.087542 3.522302 3.614914 3.176030 2.793883 2.726245 2.583818 2.329240 1.754661 1.351797 1.178644 1.107163 1.123625 1.187861 1.287942 3.612394 1.612613 1.866096 2.146431 2.500210 2.869920 3.338178 3.795564 4.113386 4.878119 5.825200 6.993585 7.754340 7.459250 7.572263 7.269042 7.057534 7.023840 7.007889 7.318986 7.405731 7.184364 7.204360 7.101897 7.241951 7.385315 7.465525 7.814066 7.373396 6.925485 6.580633 6.554072
5.943663 6.247095 6.221864 7.376978 7.293852 6.798892 9.202150 5.767665 5.367025 4.961653 4.640216 4.396144 4.228497 3.998680 3.611874 3.665985 3.257740 3.336944 2.908909 2.621374 2.599608 2.513509 2.327299 1.833320 1.423972 1.249219 1.200152 1.212047 1.262623 3.990822 4.024829 1.569791 1.753045 1.990825 2.314109 2.696171 3.059310 3.470743 3.960292 4.800980 5.506270 5.921126 7.311701 7.180281 7.118490 6.684356 6.435179 6.423005 6.251252 6.416454 6.782442 6.638868 6.631489 6.570977 6.715231 6.761504 6.596697 7.331454 6.939621 6.564155 6.202333 5.917000
5.586079 5.699014 5.450220 7.121865 6.837056 6.248111 5.670805 5.204230 4.796453 4.331037 3.884768 3.664213 3.665617 3.437405 2.875639 3.321308 3.019360 3.069443 2.707864 2.442646 2.394511 2.363935 2.282310 1.873656 1.529623 1.335524 1.284865 1.294764 4.272708 4.220850 4.228268 1.534170 1.658098 1.847510 2.225215 2.552914 2.876201 3.357445 3.959359 4.639552 4.254907 6.059027 7.025736 7.183882 6.618898 6.111065 5.796802 5.720236 5.601254 5.656191 6.187875 6.140402 6.069055 5.982777 6.153516 6.266097 5.929394 6.803932 6.464598 6.137646 5.820505 5.294658
5.091222 5.126101 5.493298 6.647367 6.348351 5.691400 5.096214 4.627846 4.166648 3.678726 3.272689 3.033732 3.057713 2.879483 2.374080 2.727803 2.716486 2.755149 2.297731 2.132418 2.090442 2.045459 1.996836 1.873130 1.497691 1.295993 1.242267 1.254969 1.280633 1.336941 1.408368 1.586371 1.748569 1.864205 2.056739 2.419377 2.863483 3.379048 3.874652 3.347810 3.419404 6.511911 6.724482 6.770630 6.065416 5.483921 5.115596 4.971604 4.878730 4.990758 5.432342 5.601113 5.520903 5.244845 5.311598 5.582445 5.346692 6.031007 5.861108 5.553089 5.275812 4.751238
4.608186 4.795802 5.447307 6.242980 5.828661 5.116045 4.486575 4.036086 3.558598 3.159491 2.918853 2.712406 2.679704 2.542464 2.056159 2.377816 2.455693 2.447636 1.987757 1.750729 1.690243 1.655588 1.663649 1.417023 1.198193 1.076230 1.077848 1.167816 1.292167 1.413864 1.561527 1.780020 1.879578 1.898732 2.063239 2.539932 3.050508 3.380319 3.594719 2.757254 4.296511 6.550546 7.045557 6.400748 5.571417 4.873802 4.479613 4.278354 4.141660 4.173868 4.426774 4.886217 4.954775 4.763131 4.612465 4.854821 4.884948 5.448361 5.330913 5.040041 4.751926 4.353698
4.308530 4.380244 5.676046 6.001351 5.312138 4.507399 3.781165 3.398010 3.006305 2.732107 2.541739 2.433144 2.216163 2.226655 1.845514 2.079021 2.475743 2.111267 1.641612 1.451256 1.406820 1.362739 1.136671 0.686575 0.568044 0.640714 0.834273 1.045664 1.264270 1.493027 1.666631 1.788727 1.810048 1.920917 2.280998 2.806384 3.258220 3.551360 2.827113 2.693471 5.996612 6.757887 6.889082 6.105726 5.191687 4.383341 3.917033 3.750129 3.632498 3.647708 3.717728 4.043632 4.311616 4.335885 4.201004 4.334972 4.433438 4.952403 4.866974 4.577293 4.252102 3.900789
4.101945 3.634575 5.572873 5.449225 4.731524 3.812424 3.151430 2.640243 2.266092 2.109047 2.096864 1.715733 1.602433 2.011600 1.762313 1.887760 2.119432 1.392422 1.165593 0.884319 0.609582 0.210721 -0.001227 -0.001078 -0.000987 -0.000970 0.361650 0.806055 1.130878 1.416486 1.593573 1.753839 1.994143 2.388631 2.844500 3.120329 3.575779 3.641054 1.428272 4.421209 6.629042 6.722868 6.651003 5.803484 4.899389 4.074592 3.555933 3.336591 3.253698 3.221128 3.264138 3.356746 3.592145 3.712692 3.781994 3.959972 3.991889 4.500910 4.350896 3.974131 3.543337 3.138705
4.078435 4.148785 5.502039 5.159660 4.255135 3.201565 2.319807 1.791452 1.394472 1.189507 1.126249 1.969771 2.099832 1.504984 2.098989 2.068375 2.058488 -0.001614 -0.001505 -0.001549 -0.001498 -0.001118 -0.000999 -0.000992 -0.000935 -0.001041 -0.001040 0.560101 0.908139 1.297310 1.686185 2.213782 2.758009 4.436990 4.649247 4.587939 4.305459 3.719740 3.334548 5.977072 7.008859 6.776714 6.465533 5.528140 4.612722 3.813897 3.279110 2.933437 2.732537 2.757852 2.792347 2.786335 2.871937 2.974759 3.152744 3.418751 3.497845 4.032886 4.027186 3.678639 3.220674 3.181399
4.125074 4.375807 5.371628 4.923664 3.990495 2.912570 7.160116 5.928977 1.133467 1.417549 7.002598 0.419842 1.456194 1.738299 1.691368 1.646264 1.686686 -0.002196 -0.001862 5.659432 5.360530 -0.001034 5.399105 6.931781 8.124936 8.603532 8.661354 8.718395 1.575903 1.990187 2.485918 2.834513 4.541706 4.779002 5.099288 5.367335 5.084425 4.340041 6.123600 3.866705 7.178582 7.058698 6.526380 5.607426 4.645814 3.782944 3.232579 2.769956 2.379918 2.161552 2.728754 2.213335 2.560932 2.452484 2.573139 2.890301 2.975900 3.485143 3.612132 3.339432 2.982527 2.578346
4.503959 4.500908 5.307209 4.784135 3.843125 8.932979 7.967701 6.099434 5.410189 5.394523 4.511672 5.112127 7.546607 1.497676 1.295232 1.121401 0.255444 -0.002047 -0.000431 -0.000319 5.035070 7.239817 9.472730 10.560046 3.233912 3.375911 3.560628 3.759793 3.982522 4.260194 4.547373 4.620420 4.702754 4.580239 5.164027 6.133613 6.266736 6.341903 6.421369 7.075893 7.129318 7.056118 6.847564 6.166194 5.002227 4.175809 3.512388 2.907287 2.342976 2.519825 7.056912 2.166670 1.729269 2.623441 2.312687 2.380505 2.460402 2.922359 3.567096 3.195967 2.511044 2.202556
4.453347 4.920399 4.814608 4.475820 3.607609 2.108741 5.899041 4.943747 5.163957 3.809420 2.930669 3.793971 6.272194 0.890340 6.697104 5.974982 4.790259 -0.001116 -0.000709 0.220281 8.284738 10.206172 3.252210 3.463262 3.694283 3.792195 4.004512 4.298359 4.561744 4.795537 3.941700 4.294840 4.816552 5.570864 11.589679 11.922853 7.072870 6.744504 6.732831 6.769090 6.682616 6.831482 6.542494 6.364137 5.364893 4.609693 3.803809 3.114924 2.417956 1.701488 1.935867 6.674265 2.217010 2.433585 2.414782 2.348030 2.045283 2.437356 3.350700 2.613390 2.081676 2.066512
4.187987 4.532489 4.554928 4.124330 3.440277 2.117049 5.536269 4.689120 2.907521 -0.000604 -0.000604 2.772882 5.312159 6.133670 4.936131 4.697449 4.540779 -0.001067 6.816289 9.213730 10.669270 11.341301 3.258588 3.487421 4.016630 4.378130 4.754318 5.045010 5.329640 4.497422 4.947688 11.469635 11.733372 12.081412 7.119900 7.507677 7.167366 6.587529 6.492527 6.400419 6.605010 6.165787 5.934609 5.946438 5.624247 4.925854 4.152576 3.394157 2.680872 1.960580 2.640256 7.552015 7.564114 7.613788 2.041725 2.205777 1.737157 2.037762 2.647199 2.854046 2.162422 1.596381
4.422503 4.437633 4.187582 3.929293 3.136647 -0.002536 9.295068 7.885472 6.041663 6.012738 6.609388 7.309801 7.998046 6.843265 4.879733 5.417849 5.459994 5.871169 9.004025 10.417208 11.058870 3.244608 3.473790 3.545044 3.941966 4.738488 5.463177 5.821499 5.251210 5.526359 11.980097 12.201948 12.543977 7.635840 6.655929 3.806218 10.101651 7.088613 6.669705 6.357151 6.021420 5.568225 5.080834 5.303206 4.945921 4.388566 3.637484 3.032924 3.040149 2.223645 3.031405 3.178186 9.352984 7.472217 1.871357 9.063474 9.910965 9.617603 1.663976 2.205753 1.821608 0.558839
4.717794 4.530126 3.822209 3.573893 2.067164 8.229199 8.711400 8.747608 7.527379 8.327779 8.628001 7.886990 7.470330 5.992704 4.902680 5.368747 5.334780 7.727615 10.040651 10.687261 2.956406 3.315218 3.658930 3.785917 3.862344 3.959945 5.005907 11.680444 12.057514 12.388605 12.703940 12.896253 7.898978 8.061233 3.732682 7.295009 9.652331 6.777605 6.445827 5.961424 5.469529 5.067064 4.462738 4.534332 4.797945 4.099775 3.501043 2.670422 2.351569 -0.002495 1.859740 3.470386 3.024417 2.412078 7.994597 7.822523 8.505370 1.464906 1.375242 1.939158 1.695228 -0.001215
4.546930 4.390421 3.567622 2.468662 -0.002458 -0.001429 5.500987 4.853513 4.465619 4.830313 4.766356 4.265490 4.199733 4.856662 5.796603 7.741167 8.905023 10.199429 11.222228 11.925326 12.476403 4.070479 4.532876 4.782659 3.981411 4.267390 5.101971 6.079031 12.479895 12.887300 13.173790 13.084835 8.123651 7.726006 9.838846 6.999232 6.499606 6.023831 6.038817 5.812709 5.233649 4.740687 4.069449 3.934939 4.065252 3.913393 2.878245 2.113718 1.778235 -0.002688 -0.002770 -0.002771 1.994738 2.007848 1.842530 6.918568 7.478389 8.269608 1.314623 1.539973 1.639329 1.525865
4.426224 3.663654 3.341950 -0.002338 -0.001296 -0.001787 2.450001 2.382694 2.337794 2.259785 1.965927 2.697650 4.806690 6.820757 8.951082 10.163851 11.175133 11.896646 12.541752 13.393720 4.327179 4.777997 5.232839 5.674116 4.820122 5.111239 5.649487 6.412928 12.416067 12.961685 13.206864 12.910778 7.998898 10.048824 7.020287 6.458447 5.931632 5.205965 4.979564 5.235168 4.978788 4.464919 3.782618 3.273134 3.248819 2.940257 1.972703 1.951936 0.021161 1.680386 1.189827 0.886334 5.924918 0.788370 1.449677 8.129292 8.565626 8.635151 7.596950 1.117984 1.208468 1.429259
3.294708 3.343954 1.447407 -0.001259 -0.001037 -0.002495 -0.000463 -0.002285 -0.002336 -0.000424 -0.000479 3.713586 6.217951 7.781850 9.699992 10.712909 11.425262 12.163569 3.550698 3.805313 3.989828 4.404693 4.751156 5.204314 5.165414 6.511450 12.568211 12.556685 12.589287 13.111640 13.243412 12.220588 10.269377 9.067803 6.557466 5.912107 5.327745 4.650456 4.106415 4.127406 4.307875 4.108439 3.526561 2.999851 2.618743 2.144737 2.162720 1.485477 1.206300 -0.000309 -0.000738 4.514971 5.240002 5.584283 -0.000309 7.169170 7.969436 7.435632 6.499432 0.838670 0.940102 1.371506
3.427388 2.304498 1.249911 5.120766 3.680230 2.955386 -0.000413 -0.000516 -0.000605 -0.000593 -0.000640 5.303227 7.282053 7.794153 8.143807 9.135022 10.253454 10.884950 11.243467 11.264384 10.533569 2.878574 3.059685 3.485844 4.329290 5.072833 6.082850 12.379429 12.838642 12.889760 12.510295 8.137500 7.618929 6.851522 6.075224 5.378892 4.748702 4.112681 3.598360 3.326855 3.208528 3.604644 2.941074 1.982525 1.635297 2.410286 2.145673 1.666955 0.849464 -0.001195 -0.001553 4.987614 5.482427 5.017135 4.631712 5.544272 6.149725 5.694418 5.665229 6.492128 1.238474 8.468715
