geotop_simulations/templates/TEST_Venosta_3D_034_template/rec/SoilPressure0000L0008.asc
ncols         252
nrows         194
xllcorner     598250.000000
yllcorner     5144500.000000
cellsize      250.000000
NODATA_value  -9999.0
[rows 25 to 49 of 194, columns 112 to 167 of 252]
-305.813919 -307.418277 -100.339768 -275.724008 -274.026841 -271.036104 -260.247511 -249.635819 -213.537655 -129.128452 -136.666795 -224.985136 -189.023413 -17.691983 -20.709398 -20.179074 -17.175438 -17.291091 -12.053212 12.633889 54.224052 92.374679 153.923405 208.148195 266.806855 402.206336 1152.805190 791.481472 -105.265533 -62.998293 -110.983128 493.396160 -9999.0 -9999.0 -9999.0 -9999.0 -9999.0 -9999.0 -9999.0 -9999.0 -9999.0 -9999.0 -9999.0 -9999.0 -9999.0 -9999.0 -9999.0 -9999.0 -9999.0 -9999.0 -9999.0 -9999.0 -9999.0 -9999.0 -9999.0 -9999.0
-263.971678 -268.691027 -75.280603 -232.487294 -226.726361 -220.212102 -206.097321 -217.491631 -214.573795 -133.017764 -131.275694 -202.721495 -146.232314 -125.913496 -113.043508 2.972099 -9.202890 10.965672 18.838583 47.383417 80.300308 143.017111 212.772255 294.842590 290.215203 293.976333 344.630923 1111.782170 172.803239 -95.812193 -9999.0 -9999.0 -9999.0 -9999.0 -9999.0 -9999.0 -9999.0 -9999.0 -9999.0 -9999.0 -9999.0 -9999.0 -9999.0 -9999.0 -9999.0 -9999.0 -9999.0 -9999.0 -9999.0 -9999.0 -9999.0 -9999.0 -9999.0 -9999.0 -9999.0 -9999.0
-177.763462 -192.630709 -61.337276 -49.829950 -40.368889 -29.709650 -93.392241 -98.332876 -91.530224 19.570908 18.870752 -91.266360 -54.558915 -83.986481 -98.500619 -169.266385 34.795053 69.099864 83.780642 89.143396 88.206716 151.979441 248.125389 401.434926 693.084063 811.077098 1826.868512 1501.851353 552.475587 -141.582711 -9999.0 -9999.0 -9999.0 -9999.0 -9999.0 -9999.0 -9999.0 -9999.0 -9999.0 -9999.0 -9999.0 -9999.0 -9999.0 -9999.0 -9999.0 -9999.0 -9999.0 -9999.0 -9999.0 -9999.0 -9999.0 -9999.0 -9999.0 -9999.0 -9999.0 -9999.0
-182.710658 -178.393031 -33.504546 -21.841589 -13.599112 -1.340497 4.815061 -102.967275 -192.569739 -97.680900 -66.679929 -165.206535 -155.184678 -108.327669 -83.593254 115.015132 114.969454 125.491333 136.575586 139.432493 130.908647 186.404603 293.337502 1167.667295 1213.739270 1398.615863 1601.799766 1131.490820 1022.124138 441.322319 -9999.0 -9999.0 -9999.0 -9999.0 -9999.0 -9999.0 -9999.0 -9999.0 -9999.0 -9999.0 -9999.0 -9999.0 -9999.0 -9999.0 -9999.0 -9999.0 -9999.0 -9999.0 -9999.0 -9999.0 -9999.0 -9999.0 -9999.0 -9999.0 -9999.0 -9999.0
-31.595445 4.656526 -1.510282 2.665228 31.072398 31.967368 35.945478 -106.000597 -104.477101 -0.957885 -77.228655 -216.233018 51.633230 149.031796 -163.940365 228.216685 183.808029 272.448935 158.897625 138.205644 422.137372 552.398860 649.009822 1105.414890 1460.163768 1333.744036 1074.185674 265.135302 384.833322 -9999.0 -9999.0 -9999.0 -9999.0 -9999.0 -9999.0 -9999.0 -9999.0 -9999.0 -9999.0 -9999.0 -9999.0 -9999.0 -9999.0 -9999.0 -9999.0 -9999.0 -9999.0 -9999.0 -9999.0 -9999.0 -9999.0 -9999.0 -9999.0 -9999.0 -9999.0 -9999.0
-17.934097 20.600620 12.667748 20.839771 63.309149 55.830992 69.044036 74.040148 79.927654 158.067972 -52.942111 -12.283982 135.241084 244.294541 305.487321 615.651701 264.458356 432.027249 216.979504 1187.526818 196.114108 189.454307 358.713907 910.059924 1687.857268 1566.194255 528.673179 -282.525737 110.774276 -9999.0 -9999.0 -9999.0 -9999.0 -9999.0 -9999.0 -9999.0 -9999.0 -9999.0 -9999.0 -9999.0 -9999.0 -9999.0 -9999.0 -9999.0 -9999.0 -9999.0 -9999.0 -9999.0 -9999.0 -9999.0 -9999.0 -9999.0 -9999.0 -9999.0 -9999.0 -9999.0
9.657635 40.770033 35.356006 39.482470 78.344855 70.639242 94.414037 101.466488 109.547424 215.300246 206.001396 81.255687 231.977368 453.001183 278.735579 -188.532302 367.713765 1389.466832 1728.503101 937.565902 48.921422 97.124838 222.652755 1152.267638 1853.107134 1334.529252 -68.542381 -221.045606 -88.584581 -9999.0 -9999.0 -9999.0 -9999.0 -9999.0 -9999.0 -9999.0 -9999.0 -9999.0 -9999.0 -9999.0 -9999.0 -9999.0 -9999.0 -9999.0 -9999.0 -9999.0 -9999.0 -9999.0 -9999.0 -9999.0 -9999.0 -9999.0 -9999.0 -9999.0 -9999.0 -9999.0
50.410685 71.930537 44.264538 69.260888 109.820450 82.146246 122.749460 127.250395 158.262942 269.341316 249.787622 211.684100 417.866764 164.638825 260.982127 51.158820 618.474238 1153.299925 982.346951 91.309137 -81.560858 -74.840931 -78.903488 771.620360 1382.900763 987.088642 -232.218374 -92.376284 -9999.0 -9999.0 -9999.0 -9999.0 -9999.0 -9999.0 -9999.0 -9999.0 -9999.0 -9999.0 -9999.0 -9999.0 -9999.0 -9999.0 -9999.0 -9999.0 -9999.0 -9999.0 -9999.0 -9999.0 -9999.0 -9999.0 -9999.0 -9999.0 -9999.0 -9999.0 -9999.0 -9999.0
32.727589 -47.681223 -72.388847 -61.477798 -1.929131 78.269950 166.340908 154.586802 225.709334 382.679306 285.898011 208.502150 785.155067 135.013479 -73.765516 -67.107290 189.570081 641.998737 372.157397 -218.488034 -79.504955 -72.580072 -71.241884 523.963227 8.546246 234.130919 -9999.0 -9999.0 -9999.0 -9999.0 -9999.0 -9999.0 -9999.0 -9999.0 -9999.0 -9999.0 -9999.0 -9999.0 -9999.0 -9999.0 -9999.0 -9999.0 -9999.0 -9999.0 -9999.0 -9999.0 -9999.0 -9999.0 -9999.0 -9999.0 -9999.0 -9999.0 -9999.0 -9999.0 -9999.0 -9999.0
-29.270324 -81.323031 -101.072532 -84.524591 -58.668917 106.136662 183.675581 183.378437 351.986710 681.436015 588.647767 1436.986371 222.586110 -77.982820 -94.216729 83.479965 267.822935 230.177211 -81.206355 -69.979016 -90.783833 -82.161474 -84.886055 606.270410 -9999.0 -9999.0 -9999.0 -9999.0 -9999.0 -9999.0 -9999.0 -9999.0 -9999.0 -9999.0 -9999.0 -9999.0 -9999.0 -9999.0 -9999.0 -9999.0 -9999.0 -9999.0 -9999.0 -9999.0 -9999.0 -9999.0 -9999.0 -9999.0 -9999.0 -9999.0 -9999.0 -9999.0 -9999.0 -9999.0 -9999.0 -9999.0
-100.395766 -93.516433 -101.551486 -40.375969 8.666367 62.814086 159.023320 232.606064 614.735644 1237.333504 1451.445349 801.194065 -87.950436 -97.235707 161.759401 -25.961510 446.084671 840.005127 -20.313107 -130.765875 -82.316820 -101.854666 -29.461186 -9999.0 -9999.0 -9999.0 -9999.0 -9999.0 -9999.0 -9999.0 -9999.0 -9999.0 -9999.0 -9999.0 -9999.0 -9999.0 -9999.0 -9999.0 -9999.0 -9999.0 -9999.0 -9999.0 -9999.0 -9999.0 -9999.0 -9999.0 -9999.0 -9999.0 -9999.0 -9999.0 -9999.0 -9999.0 -9999.0 -9999.0 -9999.0 -9999.0
-104.472841 -101.189283 -51.336810 -19.182452 -1.869223 58.268108 148.143651 573.645639 278.371792 204.498367 72.193860 -68.773616 -54.118916 -75.742662 249.331738 609.562859 872.036397 1361.784094 570.738331 131.800598 -104.400848 -88.629405 293.596630 -9999.0 -9999.0 -9999.0 -9999.0 -9999.0 -9999.0 -9999.0 -9999.0 -9999.0 -9999.0 -9999.0 -9999.0 -9999.0 -9999.0 -9999.0 -9999.0 -9999.0 -345.741959 -336.035381 -285.824166 -178.713508 2527.980971 -9999.0 -9999.0 -9999.0 -9999.0 -9999.0 -9999.0 -9999.0 -9999.0 -9999.0 -9999.0 -9999.0
-89.907208 -96.660873 154.692710 187.376298 191.807652 315.835013 710.593991 577.298128 121.131318 259.687082 187.780581 -47.850904 305.817772 365.547537 141.609233 279.427894 678.241389 1628.672529 945.888324 147.145398 -231.383726 -126.236139 190.939925 -9999.0 -9999.0 -9999.0 -9999.0 -9999.0 -9999.0 -9999.0 -9999.0 -9999.0 -9999.0 -9999.0 -9999.0 -9999.0 -9999.0 -9999.0 -88.752580 -381.638281 -388.319759 -30.191575 214.049004 1490.129257 -9999.0 -9999.0 -9999.0 -9999.0 -9999.0 -9999.0 -9999.0 -9999.0 -9999.0 -9999.0 -9999.0 -9999.0
-96.852865 -103.898251 161.221227 213.942581 624.731553 675.371366 1178.086495 828.305314 492.920537 -81.051031 398.147962 314.955520 166.205129 173.046225 144.063535 139.135575 353.119449 233.093160 964.041588 -61.397159 -158.952446 -192.418964 187.983610 -9999.0 -9999.0 -9999.0 -9999.0 -9999.0 -9999.0 -9999.0 -9999.0 -9999.0 -9999.0 -9999.0 -9999.0 -9999.0 -9999.0 -392.640647 -374.832554 -381.935757 -152.966418 48.931893 -11.890749 326.098091 23.543963 -9999.0 -9999.0 -9999.0 -9999.0 -9999.0 -9999.0 -9999.0 -9999.0 -9999.0 -9999.0 -9999.0
-118.809858 -96.994128 72.143032 154.947130 458.875687 24.123832 685.127591 634.240008 626.098819 10.667073 471.743409 232.703941 160.564642 88.957453 65.810668 148.254789 240.421803 123.943981 928.418746 -171.993610 -110.754015 -153.564326 -117.295607 -93.030671 -78.344915 -77.646085 -72.099301 134.395024 875.565097 -9999.0 -9999.0 -9999.0 -9999.0 -9999.0 26.994270 -315.588453 -495.543956 -578.057139 86.615856 564.936400 307.750074 204.039629 255.554269 124.940971 77.385326 -9999.0 -9999.0 -9999.0 -9999.0 -9999.0 -9999.0 -9999.0 -9999.0 -9999.0 -9999.0 -9999.0
-120.394759 -0.300803 76.732917 128.629139 586.628137 -56.455865 -63.309577 -64.306152 121.537098 692.843428 377.599579 163.321084 65.567335 20.484091 26.537502 130.647261 197.018433 184.658701 1185.918431 265.738140 342.587233 -37.129188 -1.157424 -167.460397 409.050395 598.933565 614.319873 379.431887 225.997704 -279.846245 -315.626481 -302.327664 -282.475159 -404.937713 -606.615431 -584.926777 -346.153905 166.834533 983.342999 1013.704823 96.145238 256.722455 1.513357 18.973745 44.115833 3183.313599 -9999.0 -9999.0 -9999.0 -9999.0 -9999.0 -9999.0 -9999.0 -9999.0 -9999.0 -9999.0
-121.960138 20.953167 114.051194 471.159186 -304.448705 -86.232377 162.452901 62.147032 -72.498770 346.406187 235.807416 114.108508 31.064954 -14.122249 -11.528381 73.689802 177.319984 256.640811 1552.686430 1152.791356 1108.959538 588.642852 234.614210 -2.775805 923.772301 1442.565493 1609.958380 1240.490802 499.347986 50.021743 -415.012407 -555.873759 -771.565208 -322.525385 -443.423739 -415.217346 -10.848359 727.997093 85.358206 56.219389 -41.027013 -182.031025 -151.505383 -124.783511 -107.556119 -7.552121 -84.453148 -9999.0 -9999.0 -9999.0 -9999.0 -9999.0 -9999.0 -9999.0 -9999.0 -9999.0
-119.479686 151.736997 75.990289 256.882455 411.054502 -80.294552 223.601602 272.821495 282.181628 236.939710 107.218329 49.658303 -3.453108 -16.335220 -39.606725 56.729475 275.746370 884.929306 1335.604450 1381.135868 1093.502377 630.821623 443.363786 321.497837 1230.163752 1845.814127 1888.055677 1686.700380 1659.863571 1487.751560 927.225406 520.577254 158.787544 -151.748002 -208.568531 247.728436 268.569531 -59.228038 -30.651583 -23.260475 -33.338256 -166.489450 -83.644572 -173.627268 1119.955030 1087.205732 372.772931 -9999.0 -9999.0 -9999.0 -9999.0 -9999.0 -9999.0 -9999.0 -234.995898 -177.273755
127.147432 -327.661543 -491.342105 208.981446 154.355835 333.968199 159.190522 154.626733 184.957359 120.942798 28.183496 -18.754683 -32.637796 -19.705601 -38.881707 68.199870 161.032308 202.423539 921.108891 392.814988 734.718564 464.461217 313.945462 279.270921 760.909074 1212.935935 1412.385264 1506.762996 1695.517627 238.368307 61.796672 -101.198881 -251.567486 -104.804215 88.866418 -122.340512 -12.631882 -46.730414 -66.072783 -47.058617 -77.085034 -30.215149 -221.193878 609.524595 476.480245 626.806277 -413.443193 -9999.0 -9999.0 -9999.0 -9999.0 -9999.0 -9999.0 -9999.0 -359.873547 -87.849528
207.076156 -415.166581 580.864013 632.645910 -237.787061 505.734715 279.407028 197.713908 150.258735 51.939467 -13.563756 -49.602574 -63.337197 -21.411709 -32.152879 68.762770 141.295313 19.024530 -74.748373 -89.741021 -56.455054 37.006523 -175.351741 -66.775413 -78.795876 256.496788 868.239020 1117.521158 1132.081797 1354.403951 854.385648 159.871774 -53.410548 -63.838823 -13.417061 -2.211622 -41.239253 -58.822866 -80.947326 -59.150978 -109.900279 -102.456218 -57.537244 -478.445811 -234.003496 279.049194 -9999.0 -9999.0 -9999.0 -9999.0 -9999.0 -9999.0 -9999.0 -402.253553 -24.037033 -13.476686
38.134501 2.900488 86.412819 251.018725 -67.156242 160.942339 261.591627 180.225091 163.144247 80.686185 -8.717165 -57.366647 -60.024840 -41.776564 -97.715811 117.318695 -75.405886 -68.525632 -52.436089 105.818052 643.098098 893.436063 76.589812 -143.897319 -90.375847 -72.721350 146.682896 632.045921 519.542187 239.412297 144.311024 97.869107 -6.189739 -70.181786 -70.944950 -20.026111 -54.495586 -67.306044 -81.593531 -65.236894 -148.533140 -168.979298 -230.915191 -543.208342 -604.777610 -354.203127 -9999.0 -9999.0 -9999.0 195.830948 -527.674526 -614.620849 -813.766452 -342.886865 21.358753 -58.608761
-160.407023 -409.383761 129.287196 207.803768 351.962532 326.111309 202.948727 195.155509 209.738429 188.688138 125.240988 73.263732 75.930796 76.546335 -224.173849 -65.849755 73.093730 114.658426 211.345746 663.137597 991.142742 1276.332202 -247.024677 -257.556689 -97.065659 -54.139841 620.878271 851.392056 118.553766 103.404345 63.947135 -1.969964 -48.049712 -73.440873 -112.533939 -63.763678 -82.339326 -90.114158 -84.655427 -68.918782 -109.441236 -211.055385 -171.589904 -379.941904 -677.061653 -582.622231 -9999.0 -47.497506 -359.050474 -211.882639 -245.471160 -342.178476 -441.245981 73.490282 -29.529945 -71.156709
-216.638568 196.787495 641.546438 606.109742 -66.895924 -88.815683 683.919512 552.511925 403.870569 319.556371 223.359123 96.781230 71.978643 58.016371 -187.026576 -261.786959 -46.547359 19.729129 133.835979 378.478861 1458.594834 1118.544826 -316.181024 -222.447360 -82.623940 33.198824 557.106631 205.706074 165.235460 78.900938 21.522404 -33.261497 -72.257932 -93.790805 -144.595849 -124.695563 -123.517794 -126.923209 -102.921592 -89.292134 -136.170608 -219.583611 -158.578783 -235.501792 -407.292929 -458.284605 -372.913674 39.403184 -90.673418 -121.094608 -105.808644 -87.865298 -26.804572 8.739937 -54.547154 -91.307050
-323.226080 229.881396 633.075935 -42.362434 -64.744243 -33.464898 -79.725809 281.588718 524.463971 336.775604 206.981672 43.783727 -36.614254 -62.029212 -107.207849 -70.406653 -86.071548 2.450352 119.723771 294.900435 1156.889537 217.758452 -280.336467 -78.111645 128.060221 632.691069 630.845840 191.506194 128.878904 61.381959 4.070076 -46.585683 -90.215749 -248.523559 -165.241549 -128.217795 -152.162252 -158.561824 -123.076577 -123.306581 -205.787808 -219.927837 -184.137724 -136.905876 -60.244563 -35.924722 -58.762329 -88.070316 -112.178091 -125.436706 -148.042745 -151.601331 -118.322536 -25.576963 -89.646321 -124.590441
-360.757079 167.082456 632.401531 -145.054182 -208.221836 310.167855 285.719074 347.303985 251.485287 149.573204 -7.769951 -53.917199 -98.419464 -98.732578 -129.942825 -224.483604 -368.800865 -18.496356 91.780336 276.732922 958.733251 -52.389628 -202.120303 -64.866903 206.549778 529.720001 279.345981 157.178137 52.354550 -2.243424 -41.281192 -79.705781 -109.121083 -66.772561 -176.579694 -220.313594 -169.627933 -183.226199 -168.208793 -247.655349 -257.423379 -225.384042 -191.840782 -161.435860 -114.253190 -63.944312 -69.175569 -96.884554 -106.396207 -118.562322 -148.293391 -175.066930 -164.629816 -86.098488 -89.646154 -137.724779
