geotop_simulations/templates/TEST_Venosta_3D_034_template/rec/SoilTemperature0000L0006.asc
ncols         252
nrows         194
xllcorner     598250.000000
yllcorner     5144500.000000
cellsize      250.000000
NODATA_value  -9999.0
[rows 112 to 139 of 194, columns 0 to 61 of 252]
-9999.0 -9999.0 8.754152 8.297542 8.146598 8.725126 3.611860 4.695572 5.492622 5.766477 6.129150 6.534918 6.683195 11.545381 11.823110 12.153788 12.265076 12.253984 12.339618 12.156943 11.301159 5.451680 5.110285 4.695048 4.267272 3.880529 4.846114 4.481314 4.162213 3.974771 3.830345 3.585840 3.186012 2.890158 3.121320 3.267383 3.266258 3.418479 3.670165 4.008439 4.266909 4.509280 4.925453 4.100301 4.635336 5.156935 5.716664 6.380382 6.954083 7.505534 7.887502 8.856356 13.034873 10.620120 9.705403 6.257442 5.538052 4.715766 3.982640 3.714265 3.592297 3.287615
-9999.0 -9999.0 7.753595 7.848733 8.709962 9.973998 11.199208 4.223404 4.988186 5.459223 5.733107 5.981280 6.200567 10.504729 10.831246 11.304047 11.567165 8.783103 12.169641 11.771295 6.043029 5.738424 5.411560 5.093779 10.822827 10.652939 10.209388 4.967826 4.686443 4.401792 4.267497 4.053773 3.772844 3.561715 3.657740 3.780103 3.761669 3.864648 4.125706 4.453563 4.732312 4.910340 3.937868 4.491311 5.129494 5.689218 6.184560 7.187075 7.270899 7.711803 15.502263 6.736096 10.855195 9.788860 6.411131 8.600519 5.240814 4.581104 3.861254 3.202577 2.908985 2.756177
-9999.0 -9999.0 5.696818 6.233142 7.897631 10.121955 11.430553 11.700119 4.627736 4.546697 5.386894 5.621781 5.352469 5.573276 5.734975 10.117734 4.509019 2.329745 6.000968 6.600765 11.363320 5.977438 5.673891 5.390824 10.844807 10.973554 10.647489 4.196658 3.843211 4.897304 4.751790 4.567946 4.237444 4.027924 4.143615 4.243122 4.209737 4.337508 4.610159 4.924869 5.210932 5.415750 5.423433 4.700495 5.413202 6.108991 6.678914 7.117732 7.766240 11.829649 15.316199 11.187136 10.123949 8.710297 5.736905 5.251073 4.853481 4.348626 3.722255 2.968768 2.289511 2.283214
-9999.0 -9999.0 3.914704 5.119766 7.813663 10.334611 11.151768 10.782063 3.477029 3.876020 4.247965 4.538217 4.804258 5.113585 5.296014 5.433808 5.619746 5.858162 2.265468 2.329510 11.671066 6.270203 6.037844 5.752364 5.494787 11.147691 10.904831 10.718035 4.425895 4.082314 3.817869 3.605543 4.674692 3.110526 4.675699 4.713396 4.661795 4.687925 3.573731 3.993556 10.857528 11.000273 6.100960 5.958360 5.432861 6.252434 6.986319 11.950192 11.842215 11.756953 15.206742 10.579758 9.318152 6.227775 5.571257 4.906108 4.333742 3.920978 3.417793 2.898038 2.232778 1.723169
-9999.0 -9999.0 3.970285 5.788555 8.128591 9.090855 8.530511 8.488013 2.884956 3.119887 3.512790 3.873531 4.196429 4.526656 4.814794 5.041200 5.238824 5.438689 5.698895 5.957206 6.302550 12.071826 6.377283 6.149806 5.949231 5.741754 5.509575 11.340599 11.013273 4.662508 4.381439 5.496582 3.891952 3.706502 3.637641 3.590842 3.607022 3.672726 3.861214 4.325183 4.871865 11.422778 5.601430 5.903501 6.085795 6.571516 7.283640 12.225887 11.185645 11.974787 11.198193 9.879813 6.549855 5.942891 5.335806 4.742318 4.145727 3.485171 3.382344 2.449918 2.405006 1.513012
-9999.0 -9999.0 -9999.0 8.763014 9.100299 8.457536 8.012181 2.280779 2.796874 2.962398 3.341889 3.376738 3.733108 4.035804 4.335365 4.645234 4.929736 5.180609 5.429124 5.659956 5.961121 6.396250 12.195661 6.530702 6.382855 6.221842 6.040187 5.814155 5.505736 5.189790 4.908228 4.653708 4.421050 4.253973 4.174344 4.099324 4.039070 4.055629 4.050179 4.282953 5.013250 11.681800 6.127987 6.480242 6.726499 7.056222 7.613825 12.491171 7.287416 10.543327 10.700656 9.646581 6.299564 5.622072 4.872768 4.245833 3.844689 4.052468 3.341733 2.141660 2.566337 2.204835
-9999.0 -9999.0 -9999.0 10.176004 9.891322 9.820174 9.729004 9.324861 2.448727 2.685136 2.940726 3.310425 3.351213 3.678792 3.978702 4.266093 4.581908 4.938714 5.262801 5.535845 5.745303 6.146207 6.513671 12.201877 12.264999 12.367563 6.468970 6.283639 6.000088 11.397827 5.429614 5.208945 5.024293 4.855324 4.726052 11.213280 4.494686 4.472143 4.507264 4.473633 4.927627 5.666940 12.087964 12.505038 7.190248 7.376631 12.410713 12.319891 11.964394 11.000496 10.081219 6.677969 6.011740 5.250805 4.507199 4.212425 3.820550 3.083770 2.788972 2.212101 3.142624 3.002201
-9999.0 -9999.0 -9999.0 8.874964 9.400686 9.410154 8.413092 7.603972 6.668626 6.844510 7.635749 2.761809 3.393293 3.953127 3.612585 3.916230 4.208328 4.549049 4.913503 5.225287 5.444278 5.723874 6.160247 6.487364 5.903904 10.475820 6.681836 6.589541 11.910763 6.178859 11.791855 5.810298 5.660772 5.451626 5.303200 11.596800 11.274198 4.974236 5.060067 5.118903 5.346541 5.797426 6.420981 7.112799 12.687257 7.690581 12.302593 12.022137 11.353336 10.473305 6.960552 6.454215 5.762902 4.982017 4.163509 3.390193 2.819410 2.519649 3.118263 3.114592 2.965505 2.689408
-9999.0 -9999.0 -9999.0 6.705170 7.521698 7.188824 5.721403 4.638536 4.440307 5.110582 6.950881 8.341141 2.969780 3.567755 4.017245 3.595541 3.846273 4.152491 4.490518 4.806748 5.083770 5.305485 5.647815 6.098176 6.383027 10.793081 2.551293 10.821590 11.996598 11.896034 12.261153 6.368400 6.227568 5.987917 5.844879 12.036785 11.801913 11.743589 11.992207 12.172570 5.891299 6.360033 6.868977 12.581686 7.709511 12.564506 7.902160 7.732623 10.780151 7.064106 6.542274 6.018798 5.510637 4.860381 4.011644 3.270414 3.226636 2.592565 2.404100 2.476411 2.292231 2.030666
-9999.0 -9999.0 -9999.0 6.886783 5.543901 4.434132 3.391121 3.010636 3.738236 4.971268 6.628914 8.213820 9.071584 9.764991 10.053380 4.027576 3.506072 3.738337 4.022676 4.313201 4.689328 4.999464 5.261952 5.603597 6.006529 6.269633 6.437737 11.370484 11.684369 12.083551 12.587806 6.780137 6.672503 11.645385 12.201997 12.568270 12.426337 6.222458 6.225340 12.680916 12.715537 6.859639 7.429060 13.214925 12.805540 12.269809 7.789304 11.252705 10.414825 6.661113 6.016619 5.411929 4.971035 4.700364 4.838285 4.380656 2.930873 3.537684 3.011609 2.538626 7.072578 6.852715
-9999.0 -9999.0 -9999.0 -9999.0 -9999.0 3.066316 0.718440 1.800578 4.076271 5.658183 6.882040 8.093746 8.844115 9.302151 9.425953 3.564796 3.751483 3.359294 3.523493 3.821800 4.169778 4.534741 4.869087 5.187048 5.621648 5.955250 6.163284 6.317680 6.477706 11.518005 11.926932 11.832177 12.301071 12.559844 6.980927 13.116414 6.924500 12.778237 6.926445 7.018430 13.310601 7.389419 7.803525 7.999174 10.711813 11.890297 11.546170 11.100708 10.363971 6.383721 5.666373 4.956673 4.314073 4.086811 4.033967 3.653632 3.159929 2.635929 3.643382 3.100109 8.080662 7.710596
-9999.0 -9999.0 -9999.0 -9999.0 -9999.0 -9999.0 -9999.0 -9999.0 -9999.0 -9999.0 8.355269 8.205183 8.185442 8.530850 3.090671 3.181874 8.925268 3.446776 3.166694 3.316021 3.667642 4.678434 5.030522 5.308813 5.198702 5.534780 5.728810 5.879283 6.079246 6.359887 10.995186 6.620116 11.673995 7.027566 7.365247 13.257876 13.196336 13.243164 13.236045 7.642534 7.721115 7.871657 12.570462 6.637739 12.808690 11.648051 11.305950 10.643616 9.834394 6.036703 5.363255 4.641634 4.020976 3.571701 3.357542 3.358292 3.889026 3.379788 3.197753 2.976614 8.448036 7.958661
-9999.0 -9999.0 -9999.0 -9999.0 -9999.0 -9999.0 -9999.0 -9999.0 -9999.0 -9999.0 -9999.0 -9999.0 8.558373 8.140181 7.926032 8.052683 8.370072 8.606385 3.071770 3.333988 3.090386 3.584915 4.759708 4.404619 4.702614 5.006668 5.299516 5.580907 5.864325 6.112557 6.325045 6.542435 11.208415 11.629587 12.139932 12.567785 12.837084 16.303346 16.293925 16.389248 10.639608 6.607776 13.290925 13.505233 15.006485 11.371644 10.520609 9.325278 6.087492 5.565530 4.988839 4.342372 3.850346 3.391094 2.991702 2.849540 3.059144 2.783366 2.500509 1.857894 6.971287 6.907967
-9999.0 -9999.0 -9999.0 -9999.0 -9999.0 -9999.0 -9999.0 -9999.0 -9999.0 -9999.0 -9999.0 -9999.0 -9999.0 7.963574 7.111719 7.333228 7.513955 7.438804 2.315588 2.518122 2.909817 3.473349 3.945566 3.837784 4.133866 4.862871 4.950310 5.312306 5.662333 5.840372 5.912885 6.045891 6.241530 6.502881 6.857114 7.214405 12.003565 12.244584 12.090532 15.082596 11.856768 7.833667 11.817957 11.796253 14.562804 10.854191 9.748130 6.172268 5.556768 4.997446 4.462619 3.896125 3.405663 3.033381 2.730305 2.566793 3.117039 2.546527 6.888046 5.821595 5.049565 4.704486
-9999.0 -9999.0 -9999.0 -9999.0 -9999.0 -9999.0 -9999.0 -9999.0 -9999.0 -9999.0 -9999.0 -9999.0 -9999.0 -9999.0 7.530588 8.044526 8.201652 8.302957 2.337985 2.344320 2.297425 2.669003 3.270593 3.667924 4.140802 4.789167 5.336394 5.598068 5.229973 5.410533 5.540696 5.687045 5.839943 6.036732 6.322529 6.641782 6.990321 7.201416 7.358101 11.035095 7.492118 7.511149 7.532942 11.265279 7.223069 6.704999 6.230348 5.805630 5.295829 4.636189 3.998431 3.439258 2.887369 2.518238 8.573134 8.637405 3.106049 2.604593 1.808329 5.711109 4.813774 5.457374
-9999.0 -9999.0 -9999.0 -9999.0 -9999.0 -9999.0 -9999.0 -9999.0 -9999.0 -9999.0 -9999.0 -9999.0 -9999.0 -9999.0 6.604402 6.679043 7.415550 8.457176 9.205448 9.587130 2.712595 2.713816 3.007361 3.437609 4.005947 4.569937 4.973241 4.591720 4.792438 4.984159 5.201019 5.430958 5.626318 5.823426 6.048676 6.217560 6.487427 6.759858 6.913006 6.882206 6.845629 6.860912 6.906704 6.918737 6.805585 6.322976 5.728184 5.253415 4.852384 4.898505 3.715822 3.024392 2.402373 2.880401 8.379930 8.218089 2.562299 2.519266 1.701230 7.373666 6.749196 7.176127
-9999.0 -9999.0 -9999.0 -9999.0 -9999.0 -9999.0 -9999.0 -9999.0 -9999.0 -9999.0 -9999.0 -9999.0 -9999.0 6.294805 5.189017 4.054738 4.144288 5.179102 6.737983 8.335249 9.269335 9.174556 8.601866 2.912437 3.326672 3.724258 4.037810 4.035314 4.349701 4.570510 4.786180 5.056233 5.270256 5.428232 5.678400 6.017861 6.405519 6.644218 6.496681 6.298545 6.193013 6.189111 6.154148 6.099996 6.188787 6.025953 5.457216 4.769104 4.179510 3.751109 3.633339 2.543008 2.891784 2.753324 8.095016 7.588988 1.771722 1.839992 0.771591 8.756942 8.531242 8.146086
-9999.0 -9999.0 -9999.0 -9999.0 -9999.0 -9999.0 -9999.0 -9999.0 -9999.0 -9999.0 -9999.0 -9999.0 -9999.0 -9999.0 5.756085 4.753842 3.924959 3.958391 4.591286 5.669400 6.402396 6.743989 1.820756 2.045430 2.505229 3.048985 3.471493 3.925666 3.856050 4.788392 4.402581 4.685529 5.058701 5.495698 5.875564 6.157312 6.174303 6.144121 5.989374 5.804602 5.636922 5.596991 5.514869 5.375598 5.452268 5.712223 5.300567 4.695269 3.950296 3.243511 3.050147 2.684592 2.237157 1.872174 6.704071 6.396449 6.271886 6.414523 0.512063 0.685067 8.096536 7.577715
-9999.0 -9999.0 -9999.0 -9999.0 -9999.0 -9999.0 -9999.0 -9999.0 -9999.0 -9999.0 -9999.0 -9999.0 -9999.0 -9999.0 -9999.0 -9999.0 3.888958 3.392309 3.690186 4.261954 4.174123 4.187492 4.746693 5.532908 6.543719 2.453711 3.058086 3.527273 3.799647 4.165288 4.105283 4.649571 5.225726 5.731931 6.050483 5.878200 5.788892 5.607790 5.477271 11.215042 4.992683 4.839725 4.811936 4.798335 4.816257 5.245571 5.295657 4.783083 4.090106 3.338376 3.283797 2.419198 6.015881 5.335662 5.037303 4.992864 4.688443 4.711681 5.103176 5.569494 5.404793 5.023345
-9999.0 -9999.0 -9999.0 -9999.0 -9999.0 -9999.0 -9999.0 -9999.0 -9999.0 -9999.0 -9999.0 -9999.0 -9999.0 -9999.0 -9999.0 -9999.0 -9999.0 -9999.0 5.058980 3.095581 2.213682 2.504553 3.129395 3.916130 4.652136 5.344803 6.331182 2.918801 3.661940 4.509504 5.348286 4.834330 5.301737 5.696836 6.443810 5.478255 5.204577 4.801617 4.466907 9.510748 9.388663 4.039833 4.035086 4.044139 4.103136 4.555882 5.015030 4.883168 4.296639 3.598443 2.806852 3.027643 7.075844 6.054925 5.494429 4.577507 3.486414 3.395335 3.431375 3.343708 3.078575 3.928195
-9999.0 -9999.0 -9999.0 -9999.0 -9999.0 -9999.0 -9999.0 -9999.0 -9999.0 -9999.0 -9999.0 -9999.0 -9999.0 -9999.0 -9999.0 -9999.0 -9999.0 -9999.0 -9999.0 -9999.0 6.037646 6.145646 6.991711 7.586787 7.362517 7.125810 8.097579 9.681838 4.654539 5.402053 4.470020 4.908307 5.343375 5.362447 5.591881 4.945488 4.571738 4.062613 7.381374 7.312074 7.785049 7.925910 7.578966 8.033319 9.255898 4.015546 4.516883 4.838260 4.493815 3.890753 3.084855 3.436127 2.948847 8.004220 7.640162 6.480471 5.074153 4.284481 3.180092 2.363866 2.541620 4.432294
-9999.0 -9999.0 -9999.0 -9999.0 -9999.0 -9999.0 -9999.0 -9999.0 -9999.0 -9999.0 -9999.0 -9999.0 -9999.0 -9999.0 -9999.0 -9999.0 -9999.0 -9999.0 -9999.0 -9999.0 -9999.0 8.992425 9.903073 10.499534 10.535440 10.495227 11.254503 12.658638 5.244857 4.126605 4.613926 4.999612 5.291466 5.237154 9.569504 4.182498 3.827237 8.519519 7.754685 6.243125 5.697664 5.837077 6.471600 8.366280 3.141201 3.590914 9.093921 4.357773 4.551234 4.076581 3.333373 3.651616 3.352373 3.022241 2.645111 8.160196 7.988036 8.461641 7.951974 6.989440 6.131633 6.321912
-9999.0 -9999.0 -9999.0 -9999.0 -9999.0 -9999.0 -9999.0 -9999.0 -9999.0 -9999.0 -9999.0 -9999.0 -9999.0 -9999.0 -9999.0 -9999.0 -9999.0 -9999.0 -9999.0 -9999.0 -9999.0 9.946838 10.386760 10.937835 11.226303 11.441962 11.772597 12.404427 13.846677 5.463281 4.715350 4.327807 4.649459 4.664319 3.939172 6.994996 2.811038 6.930538 6.763075 5.741018 4.525502 4.506860 6.496472 8.366271 2.531058 7.320025 8.680380 3.918456 4.392832 4.326582 3.324048 2.896398 3.819419 3.521623 3.080670 2.810877 3.054110 10.049516 2.781395 2.196055 7.366313 7.562451
-9999.0 -9999.0 -9999.0 -9999.0 -9999.0 -9999.0 -9999.0 -9999.0 -9999.0 -9999.0 -9999.0 -9999.0 -9999.0 -9999.0 -9999.0 -9999.0 -9999.0 -9999.0 -9999.0 -9999.0 -9999.0 11.755573 11.566925 11.859140 12.168413 12.453705 13.409998 14.094943 14.198962 4.415887 3.968714 4.325716 4.780435 4.238996 7.755058 5.988208 4.537160 4.190432 4.318186 4.565459 4.608956 5.590200 7.057978 6.930116 6.259411 7.489491 10.194102 3.667092 3.937551 3.547292 3.702774 3.860064 4.051020 3.937369 3.470732 3.161969 3.151523 2.914258 2.397932 1.868126 7.241722 9.008077
-9999.0 -9999.0 -9999.0 -9999.0 -9999.0 -9999.0 -9999.0 -9999.0 -9999.0 -9999.0 -9999.0 -9999.0 -9999.0 -9999.0 -9999.0 -9999.0 -9999.0 -9999.0 -9999.0 -9999.0 -9999.0 12.506445 12.382241 12.742371 4.406247 4.818839 5.151831 4.154494 3.998262 3.707722 3.547502 3.584624 4.102160 8.734672 7.783291 6.275970 5.088321 3.992783 3.269581 3.499533 5.277930 7.277740 7.512598 7.177661 7.866545 9.992247 12.187142 3.638419 3.698656 3.153745 2.961699 2.942830 3.227401 3.475963 3.544068 3.150362 2.798377 2.327011 1.616315 1.682164 8.684977 11.009520
-9999.0 -9999.0 -9999.0 -9999.0 -9999.0 -9999.0 -9999.0 -9999.0 -9999.0 -9999.0 -9999.0 -9999.0 -9999.0 -9999.0 -9999.0 -9999.0 -9999.0 -9999.0 -9999.0 -9999.0 -9999.0 4.400366 4.480946 4.590284 4.659036 4.808488 3.785037 10.583914 8.004512 6.211015 2.357178 2.632911 2.984694 7.517609 7.262195 6.699377 6.009808 4.161874 3.296876 5.118511 7.389801 8.587942 9.133402 9.653429 10.850013 12.400040 2.522897 3.517421 3.857598 2.739955 2.526065 1.755472 1.645495 2.189195 2.871511 2.788935 1.816806 0.660442 0.499481 6.229349 8.614197 10.511925
-9999.0 -9999.0 -9999.0 -9999.0 -9999.0 -9999.0 -9999.0 -9999.0 -9999.0 -9999.0 -9999.0 -9999.0 -9999.0 -9999.0 -9999.0 -9999.0 -9999.0 -9999.0 -9999.0 -9999.0 -9999.0 4.442395 4.498122 4.573864 3.361898 0.545611 7.315214 6.267495 4.797503 4.252100 4.691645 5.537232 5.789234 5.864189 6.211291 6.040680 6.101050 6.180463 6.523976 7.243800 7.076328 6.554671 6.790202 8.041767 9.431182 10.675580 2.413921 3.296087 3.396769 2.210117 2.147550 1.510592 1.028717 1.272044 1.963168 2.676059 0.871091 0.621635 5.087845 5.326046 6.841487 7.918181
-9999.0 -9999.0 -9999.0 -9999.0 -9999.0 -9999.0 -9999.0 -9999.0 -9999.0 -9999.0 -9999.0 -9999.0 -9999.0 -9999.0 -9999.0 -9999.0 -9999.0 -9999.0 -9999.0 -9999.0 -9999.0 3.347303 3.019201 2.649935 2.462714 2.730220 5.956121 4.863669 4.501310 5.420089 7.305197 7.763323 7.419154 7.046826 0.777062 6.704362 8.099218 8.837274 8.576575 7.376045 5.414195 3.850546 3.594315 4.271490 5.972296 8.414687 2.497036 3.713211 3.264500 2.588542 2.004650 1.584533 5.368833 5.470819 1.725986 2.384453 0.790175 0.480395 -0.005062 4.787364 5.529826 5.785335
