geotop_simulations/templates/TEST_Venosta_3D_034_template/rec/SoilTemperature0000L0002.asc
ncols         252
nrows         194
xllcorner     598250.000000
yllcorner     5144500.000000
cellsize      250.000000
NODATA_value  -9999.0
[rows 84 to 111 of 194, columns 189 to 251 of 252]
0.044220 0.048743 0.077109 0.084239 0.112482 1.236081 1.388684 1.535826 2.664628 3.582840 3.159430 2.716741 1.917606 0.727745 0.114483 0.021230 -0.012828 -0.026705 -0.394631 -2.613822 -0.283097 -0.481364 -0.442384 -0.438147 -0.436204 -0.450170 -0.477570 -0.475088 -0.465744 -0.511478 -0.212289 -0.106542 -0.269625 -0.258731 -0.451799 -0.553923 -0.054242 -1.842301 -1.175967 -0.868321 -0.042200 -0.016754 -0.000312 0.053255 0.087691 0.079687 0.358886 2.722552 3.381739 2.339206 2.700403 6.978511 7.482770 -9999.0 -9999.0 -9999.0 -9999.0 -9999.0 -9999.0 -9999.0 -9999.0 -9999.0 -9999.0
0.421311 0.613074 1.820745 0.078672 0.097174 0.915267 1.407335 1.843146 0.001481 2.251810 2.149111 4.265877 3.431840 0.964915 0.099336 -0.001339 -0.015296 -0.039308 -0.470792 -0.100426 -0.540940 -0.467962 -0.471924 -0.462263 -0.448130 -0.474290 -0.506671 -0.493075 -0.505585 -0.600464 -0.433999 -1.516250 -2.007054 -2.404174 -2.328974 -1.225150 -1.810696 -2.097769 -0.349189 -0.252834 -0.232224 -0.019750 0.021512 0.068985 0.105771 0.050700 2.185847 3.167627 3.915402 2.693155 2.839242 7.511963 2.843107 2.822081 -9999.0 -9999.0 -9999.0 -9999.0 -9999.0 -9999.0 -9999.0 -9999.0 -9999.0
0.494165 0.702353 1.775426 0.078536 0.088450 0.491602 0.877432 1.261660 -1.565236 -2.826532 1.458300 2.695555 3.704082 2.303501 0.914184 -0.000814 -0.015340 -0.041907 -0.504109 -0.089547 -0.286680 -0.500873 -0.489080 -0.463172 -0.484580 -0.535755 -0.537955 -0.624655 -0.632401 -0.188211 -2.216689 -3.273887 -3.136007 -1.728489 -1.538983 -1.262371 -0.754525 -0.367754 -0.036814 -0.022325 -0.018856 -0.002712 0.033462 0.072002 0.091392 0.023641 0.172688 3.743808 2.611391 7.016072 2.967222 2.945817 2.923654 2.872720 2.887089 -9999.0 -9999.0 -9999.0 -9999.0 -9999.0 -9999.0 -9999.0 -9999.0
0.536793 0.694087 0.043328 0.050754 -0.002841 0.044625 0.268977 0.053979 -1.464591 -3.258655 2.486161 1.634771 3.695853 2.285527 1.029643 -0.000639 -0.013555 -0.032364 -0.386953 -2.260083 -0.219605 -0.516170 -0.502207 -0.459070 -0.522779 -0.572315 -0.621363 -0.119429 -0.341452 -1.416219 -3.205026 -3.032093 -2.853337 -1.460893 -1.039828 -0.777680 -0.338946 -0.046223 -0.021308 -0.016638 -0.001746 0.034429 0.071788 0.069429 0.004915 0.024313 3.557844 2.454686 2.893002 3.079043 3.137775 3.088865 2.920958 2.885067 2.917486 -9999.0 -9999.0 -9999.0 -9999.0 -9999.0 -9999.0 -9999.0 -9999.0
0.500077 0.678367 0.019695 -0.010280 -0.009645 -0.005785 0.043803 -1.489465 -2.531541 -1.248409 1.064216 0.543454 1.460726 2.301110 0.182416 0.007807 -0.016167 -0.029887 -0.208346 -2.797146 -0.211486 -0.535106 -0.508903 -0.484935 -0.635795 -0.299421 -0.101974 -2.425961 -3.187270 -3.264550 -2.763405 -1.776604 -1.944546 -1.076549 -1.553993 -0.119708 -0.034212 -0.021606 -0.016542 -0.001647 0.027016 0.072084 0.396318 0.395401 0.006734 2.566814 2.204223 7.134731 5.912266 5.985635 2.938237 2.945541 2.886448 3.043122 2.852125 4.118763 -9999.0 -9999.0 -9999.0 -9999.0 -9999.0 -9999.0 -9999.0
0.494595 0.616783 0.555066 -0.012688 -0.008743 0.004519 -0.003529 -0.017958 -2.926845 -3.209901 0.014964 0.062673 0.360912 1.110609 0.283847 0.471806 -0.015148 -0.024284 -0.124667 -2.712036 -0.193846 -0.563339 -0.522398 -0.522215 -0.652185 -0.392666 -3.144134 -3.303623 -3.135041 -1.679224 -1.557645 -1.538483 -1.615459 -1.428968 -0.043248 -0.021868 -0.020334 -0.013118 -0.002028 0.001765 0.070477 0.399931 0.810363 0.866740 2.424081 3.413382 2.566662 2.665411 2.827462 6.004247 2.893668 2.901710 2.729977 2.763654 2.676365 3.781389 3.322257 -9999.0 -9999.0 -9999.0 -9999.0 -9999.0 -9999.0
0.436405 0.486016 0.416980 0.373538 0.470257 -0.005734 -0.001633 -0.013093 -0.012922 -1.326768 -0.013257 0.753131 1.379168 0.056626 1.587851 0.778810 -0.000381 -0.017638 -0.190643 -1.105191 -1.015609 -0.259199 -0.625095 -0.613346 -0.492257 -2.300455 -3.327111 -3.096061 -1.708461 -1.437240 -1.271479 -1.233108 -1.292525 -1.232464 -0.023737 -0.016926 -0.006338 -0.002128 0.006649 0.025617 0.340632 0.888271 1.245260 2.941591 3.395644 3.973549 2.624926 2.736141 5.914815 5.993255 2.823062 2.764717 2.877587 2.595990 3.860956 3.388848 2.748886 2.481268 -9999.0 -9999.0 -9999.0 -9999.0 -9999.0
0.404596 0.409342 0.351815 0.347073 0.418162 -0.006186 -0.017142 -0.013804 -0.004799 -0.004489 -0.012676 0.059166 0.875023 0.954631 0.817011 0.992248 0.004599 -0.015365 -0.051563 -0.649938 -1.400572 -2.978860 -0.702097 -0.589646 -1.827454 -3.188662 -3.147633 -2.905524 -1.611059 -1.227474 -0.980921 -0.820773 -0.674457 -0.670512 -0.016145 -0.003108 -0.001435 0.006829 1.199706 1.667604 2.123350 2.580166 3.033767 3.475925 2.435610 2.793271 2.628263 2.721081 2.761876 2.770765 2.751701 5.895546 2.686906 3.936454 3.470393 2.593059 2.392270 2.051366 1.684019 -9999.0 -9999.0 -9999.0 -9999.0
0.433566 0.366520 0.278963 0.287279 0.356997 0.457058 -0.012481 -0.021805 -0.004911 -0.004829 -0.004747 0.053286 0.390286 -0.004168 0.209357 1.054829 0.323449 -0.008578 -0.029849 -0.501511 -1.138128 -1.495334 -3.154213 -3.101032 -3.136094 -3.078528 -2.921619 -1.940282 -1.518251 -1.226363 -0.661820 -0.409663 -0.100952 -0.033178 -0.009528 -0.001415 0.007400 0.021251 1.694119 0.455311 2.641174 3.064064 3.465148 2.068395 2.309562 2.494457 2.598869 2.661696 2.680825 2.678233 2.597918 2.711086 3.998257 3.553073 3.042158 2.518248 2.045303 1.629254 1.247570 -9999.0 -9999.0 -9999.0 -9999.0
0.462511 0.413617 0.311868 0.309673 0.366149 0.434109 -0.011246 -0.012537 -0.012353 -0.005528 -0.004704 0.027383 0.028968 -2.325470 -0.693487 1.064989 0.612856 -0.000374 -0.020652 -0.147228 -0.844557 -1.237265 -1.438120 -1.909300 -2.960385 -2.853976 -2.029266 -1.764680 -1.356923 -2.041736 -0.333046 -0.060864 -0.026124 -0.019858 -0.002938 0.004042 0.018090 0.050808 2.098853 1.054617 1.456522 1.611744 1.897373 2.144113 2.333277 2.463101 2.521922 2.564943 2.608374 2.563840 2.763172 4.056801 3.637702 3.143800 2.602333 2.076248 1.610244 1.204654 0.850871 0.638136 -9999.0 -9999.0 -9999.0
-0.009163 -0.009857 -0.015089 -0.012818 -0.009208 -0.006090 -0.006694 -0.006635 -0.015796 -0.009757 -0.005533 0.003956 -0.012056 -2.624392 -1.894432 0.913395 0.632788 0.116383 -0.000453 -0.016795 -0.027233 -0.179023 -1.136345 -1.307806 -1.542182 -1.878863 -2.486212 -1.689408 -1.272496 -1.828270 -1.616083 -0.025189 -0.020419 -0.004635 -0.001140 0.013201 0.027672 0.408831 0.861293 1.305226 1.386897 1.695171 1.931924 2.121465 2.278677 2.374647 2.433212 2.503444 2.491511 2.715609 4.123538 2.394934 3.308310 2.768887 2.219197 1.686724 1.233071 0.844967 0.521705 0.321978 -9999.0 -9999.0 -9999.0
-0.008768 -0.008770 -0.009583 -0.009404 -0.007524 -0.006114 -0.006366 -0.006811 -0.000300 0.009884 0.008261 -0.003716 -0.005904 -2.305138 -0.840316 0.141734 0.885543 0.314766 0.008586 -0.000480 -0.016192 -0.025586 -0.697466 -0.992035 -1.330110 -1.623192 -1.713473 -1.587607 -1.163256 -1.613380 -1.340811 -0.029559 -0.013334 -0.001457 0.005850 0.021173 0.037524 0.657404 0.808054 1.158848 1.461200 1.685499 4.912491 2.054108 2.191709 2.279868 2.365349 2.372618 2.691837 4.081507 3.798074 3.476590 2.472923 2.502515 1.935230 1.388104 0.939155 0.572219 0.257897 0.072251 -9999.0 -9999.0 -9999.0
-0.009189 -0.008746 -0.008378 -0.007471 -0.007101 -0.006415 0.002878 -0.006433 -0.005606 -0.000711 -0.002284 0.005837 0.006160 -0.018926 -0.003968 0.011618 0.387399 0.587339 0.220406 0.013782 -0.009471 -0.016686 -0.143925 -0.400539 -1.031199 -1.342915 -1.421149 -1.394911 -0.993260 -1.378894 -1.067597 -0.071376 -0.007101 -0.001503 0.006628 0.026703 0.092991 0.452247 0.841167 1.180496 4.492188 1.637362 1.824258 5.036507 5.191286 2.172918 2.236794 2.506496 2.474732 3.719243 3.370120 3.048937 2.740996 2.269447 1.710609 1.162729 0.712395 0.351514 0.053886 0.031784 0.021378 -9999.0 -9999.0
-0.007118 -0.011035 -0.011795 0.020742 -0.007421 0.020410 0.023814 0.024833 0.030656 0.031152 0.024069 0.001542 0.016663 0.028418 0.025910 0.299234 0.290408 0.030541 0.020460 0.009951 -0.002396 -0.002158 -0.026862 -0.050589 -0.390238 -0.999666 -1.084762 -1.091602 -0.679610 -1.137671 -0.212920 -0.013154 2.462433 -0.000244 0.011030 0.024448 0.062313 0.529437 0.867915 1.126965 1.360531 1.567945 1.752833 1.886305 1.977668 2.360163 2.383249 3.784299 3.575541 3.277427 2.927421 2.569817 2.317025 1.967086 1.464121 0.945269 0.521770 0.168118 0.030952 0.000188 -0.004514 -0.004596 -9999.0
0.103293 -0.005277 -0.010390 -0.008830 -0.008553 -0.005619 0.021616 0.037016 0.051976 0.059309 0.054275 0.028700 0.027695 0.045270 0.059909 0.054610 0.047493 0.018555 -0.004084 -0.003319 -0.000412 -1.154194 -0.020642 -0.020743 -0.027332 -0.252601 -0.311381 -0.430930 2.588542 2.005264 2.145653 2.329767 2.541460 0.001450 0.012946 0.025332 0.111124 0.551024 0.815463 1.075801 1.298138 1.484399 1.643072 2.047354 2.162511 3.553404 3.507308 3.405512 3.187966 2.853993 2.485463 2.158671 1.847364 1.585299 1.166051 0.697430 0.325250 0.043171 0.001444 -0.004967 -0.004548 -0.004464 -9999.0
0.166816 0.153269 0.138357 0.121642 0.100276 0.071587 0.192271 0.081032 0.077695 0.099664 0.103281 0.061621 0.085220 0.041984 0.038125 0.083547 0.079974 0.044225 0.010238 0.003087 -0.002842 -0.012432 -0.021523 -0.010719 -0.014348 -0.023667 -0.027904 2.573181 1.940006 2.054794 2.191274 2.360637 2.556843 2.770852 3.004191 0.026482 0.079078 0.501952 0.771000 1.024100 1.223474 1.387073 1.822673 3.274044 3.229261 2.554302 3.018013 2.930149 2.798533 2.483262 2.089074 1.761709 1.437503 1.163672 0.815888 0.419401 0.104456 0.026151 -0.004850 -0.004730 -0.004565 -0.004765 -9999.0
1.045287 0.918251 0.954189 0.724467 0.296923 0.159070 0.161840 0.189572 0.136939 0.292754 0.562097 0.066272 0.401940 0.663664 0.551168 0.496111 0.382310 0.108440 0.055516 0.014197 -0.000041 0.000909 -0.001776 -0.004171 -0.008584 -0.012713 -0.013378 -0.019340 1.971745 -0.014446 2.191414 2.365353 2.560073 2.774843 0.014636 0.025772 0.060403 0.451028 0.711765 0.931210 1.087994 1.532469 1.666059 2.940880 2.807435 2.189931 2.511836 2.385515 2.396938 2.180687 1.538414 1.423746 1.195189 0.804660 0.484811 0.151315 0.034111 -0.000491 -0.005093 -0.004725 -0.005044 -0.004719 -9999.0
2.489303 2.812403 1.661657 1.417483 1.131885 0.723861 0.853524 0.992921 0.948859 0.931002 1.143995 0.937907 0.915822 1.143067 1.044985 0.937943 0.781825 0.507304 0.152617 0.027160 0.051178 0.008660 -0.001553 -0.003378 -0.012022 -0.015207 -0.021897 -0.022119 -0.016623 -0.013295 2.212244 2.389927 2.578032 0.005746 0.014418 0.024179 0.047212 0.177465 0.753320 1.031620 1.085885 2.708952 2.733626 2.585687 2.383733 1.852551 1.820738 1.918269 1.904231 1.857822 1.570376 1.099213 0.918217 0.716869 0.204896 0.039307 0.019809 -0.005003 -0.005528 0.798831 -0.004896 -9999.0 -9999.0
3.082874 1.840312 2.153764 2.274861 2.181819 2.733571 2.790488 1.697064 1.724524 3.176399 1.771150 1.597989 1.495815 1.534106 1.488536 1.316393 0.825774 0.577289 0.119315 0.030836 0.019378 0.009541 -0.000119 -0.000954 -0.002320 -0.004178 -0.007224 2.669669 -0.013879 -0.011674 -0.004489 -0.002307 2.593678 0.003588 0.018909 0.025623 0.031620 0.037814 1.900497 0.615667 2.187564 2.252044 2.360084 2.233162 2.005460 1.758486 1.578202 1.530662 1.362154 1.479110 1.304441 0.937780 0.656636 0.233696 0.043115 0.026215 -0.000988 -0.005227 -0.005785 0.841959 -9999.0 -9999.0 -9999.0
3.774052 3.785594 2.186828 2.983494 4.290511 4.028332 3.781790 3.744067 3.848443 3.914780 2.390947 2.118336 1.968106 1.906390 1.456011 1.278127 1.081094 0.840595 0.545319 0.071606 0.025893 0.023252 0.011478 -0.000209 -0.001689 -0.002943 -0.004486 -0.005368 -0.012955 -0.008610 -0.003858 -0.001196 0.002206 0.744473 0.893896 1.036053 1.185801 1.294097 1.429873 1.569528 1.688209 1.746736 1.897567 1.853756 1.671400 1.419389 1.165137 1.090208 0.916697 0.981340 0.934416 0.627264 0.269757 0.040171 0.023238 0.016603 -0.001098 -0.002623 -0.005453 -9999.0 -9999.0 -9999.0 -9999.0
4.447110 4.389973 2.624249 3.493817 5.238842 5.126500 4.909979 4.681522 4.614835 3.000418 2.876200 2.575245 2.370397 1.837484 1.668734 1.468005 1.225740 0.961479 0.684027 0.495184 0.297077 0.028212 0.014882 0.000582 -0.000869 -0.002085 -0.002836 -0.003248 -0.009340 -0.005758 -0.003786 -0.001917 -0.000790 0.596554 0.614178 0.663376 0.770260 0.795949 0.908709 1.038082 1.146368 1.326421 0.160299 1.424366 1.300490 1.075392 0.855327 0.694215 0.572047 0.532167 0.472769 0.226256 0.033455 -0.000728 -0.001963 0.007424 0.011898 0.011545 -9999.0 -9999.0 -9999.0 -9999.0 -9999.0
4.745108 3.705043 3.783914 4.095694 5.957055 6.001548 5.831476 5.703858 3.659731 3.401843 3.197747 2.434962 2.185230 2.012551 1.815038 1.577076 1.330435 1.067692 0.776359 0.664120 0.389336 0.077070 0.019382 0.008965 -0.000264 -0.001469 -0.002104 -0.002475 -0.006037 -0.005872 0.129841 0.141805 0.238890 0.366582 0.078676 0.030352 0.036872 0.252120 0.418197 0.531503 0.032865 0.574715 0.065086 0.997138 0.860441 0.652722 0.441695 0.278348 0.170920 0.078031 0.037993 0.000518 -0.005029 -0.005577 -0.005584 -0.002405 0.016836 -9999.0 -9999.0 -9999.0 -9999.0 -9999.0 -9999.0
4.399030 4.623335 4.856938 5.049542 5.012763 5.055106 4.874832 3.377420 3.215755 3.029445 2.820647 2.580689 2.324115 2.115408 1.882861 1.625127 1.324582 1.130926 1.047708 0.715068 0.383983 0.125701 0.023391 0.012462 -0.000119 -0.001192 -0.001823 -0.002293 0.007686 0.007468 0.017473 0.013432 0.010991 0.018057 0.005329 0.003057 0.204235 0.250872 0.351146 0.085026 0.205933 -0.001227 0.610770 0.572918 0.412521 0.184570 0.034349 0.000807 -0.004371 -0.004173 -0.004182 -0.004534 -0.005569 -0.005711 -0.006416 -0.003909 -9999.0 -9999.0 -9999.0 -9999.0 -9999.0 -9999.0 -9999.0
5.130634 5.543915 5.717122 5.690949 5.594119 4.545933 3.654686 3.525129 3.358587 3.171385 2.941036 2.697044 2.385512 2.118670 2.276703 1.947192 1.503703 1.108955 2.160668 0.488566 0.157857 0.043855 0.045409 0.013045 0.000999 -0.000547 0.020723 0.015398 0.000057 -0.000172 0.001428 -0.000125 -0.000255 0.000029 -0.000369 0.142268 0.157145 0.169769 -0.000514 -0.000375 0.017740 0.005792 0.190587 0.142556 0.029253 -0.002672 -0.003527 -0.005713 -0.008295 -0.009512 -0.009785 -0.010026 -0.009865 -0.009301 -0.006755 -9999.0 -9999.0 -9999.0 -9999.0 -9999.0 -9999.0 -9999.0 -9999.0
5.883209 6.041735 6.099671 5.723642 4.393556 3.942264 3.788473 3.646633 3.458666 3.242732 2.998861 2.981388 2.939478 2.499100 3.507244 3.064935 2.610289 2.185127 1.813759 1.469959 1.162360 0.901627 0.686022 0.008703 0.002008 0.034996 0.005369 0.002272 -0.016194 -0.001504 -0.000783 -0.002332 -0.002370 -0.002408 -0.000314 -0.010164 -0.012968 -0.013824 -0.013527 -0.007821 -0.006066 -0.012400 0.020013 -0.000450 -0.001779 -0.008066 -0.013589 -0.016096 -0.016872 -0.017104 -0.015684 -0.012701 -0.011660 -0.010559 -0.007586 -9999.0 -9999.0 -9999.0 -9999.0 -9999.0 -9999.0 -9999.0 -9999.0
6.348183 6.401451 5.050155 4.180600 4.091854 3.985794 3.854059 3.709252 3.501370 3.230211 3.565336 4.654865 2.780540 3.675108 3.117850 2.623459 2.169517 1.765929 1.401757 1.087788 0.823256 0.606236 0.200259 0.142977 0.510602 -0.003230 0.003323 -0.000364 -0.061084 -0.005576 -0.008901 -0.013928 -0.015478 -0.014346 -0.002883 -0.013374 -0.018226 -0.017007 -0.017465 -0.016821 -0.015278 -0.689883 -0.001992 -0.010249 -0.014345 -0.016490 -0.017713 -0.018301 -0.018631 -0.018717 -0.018311 -0.014526 -0.012605 -0.010935 -9999.0 -9999.0 -9999.0 -9999.0 -9999.0 -9999.0 -9999.0 -9999.0 -9999.0
4.391599 4.387361 4.334204 4.248590 4.144579 4.018935 3.874078 3.699659 3.434051 4.444737 3.457570 4.418503 2.534302 2.007538 2.647482 2.156330 1.723931 1.334824 0.995891 0.713622 0.487577 0.319792 0.040181 0.020999 0.462780 0.124158 -0.002476 -0.002130 -0.824243 -0.216507 -0.014030 -0.016703 -0.018557 -0.019832 -0.018850 -0.011711 -1.101798 -0.018373 -0.019977 -0.020294 -0.019038 -0.882651 -0.877737 -0.017401 -0.018757 -0.020019 -0.020294 -0.020372 -0.020213 -0.019822 -0.019259 -0.014967 -0.012467 -9999.0 -9999.0 -9999.0 -9999.0 -9999.0 -9999.0 -9999.0 -9999.0 -9999.0 -9999.0
4.388244 4.375753 4.283467 4.808719 6.010844 5.724884 5.302600 4.839558 4.365982 5.864248 3.460557 4.089045 3.497334 2.811010 2.201659 1.736840 1.121338 0.957059 0.647325 0.396570 0.197663 0.076461 0.007397 0.010457 0.411426 0.118783 -0.009028 -0.011266 -0.109530 -0.970748 -0.850894 -0.019248 -0.021745 -0.026410 -0.026979 -0.871455 -1.035236 -1.437798 -0.823593 -0.028446 -0.026968 -0.032492 -0.739960 -0.022746 -0.025330 -0.026088 -0.023692 -0.022333 -0.005404 -0.020234 -0.019441 -9999.0 -9999.0 -9999.0 -9999.0 -9999.0 -9999.0 -9999.0 -9999.0 -9999.0 -9999.0 -9999.0 -9999.0
