geotop_simulations/templates/TEST_Venosta_3D_034_template/rec/SoilIceContent0000L0001.old.asc
ncols         252
nrows         194
xllcorner     598250.000000
yllcorner     5144500.000000
cellsize      250.000000
NODATA_value  -9999.0
[rows 56 to 83 of 194, columns 189 to 251 of 252]
0.002432 0.001353 0.000000 0.000000 0.000000 0.000000 0.000000 0.000000 0.000000 0.000000 0.313795 0.013157 0.113478 0.189608 0.203003 0.227147 0.201853 0.201007 0.015523 0.222478 0.209401 0.431507 0.373922 0.393339 0.457822 0.478851 0.479599 0.479799 0.479816 0.101071 0.466571 0.470987 0.479963 0.479436 0.473141 0.471533 0.479917 0.472155 0.277428 0.238421 0.454271 -9999.0 -9999.0 -9999.0 -9999.0 -9999.0 -9999.0 -9999.0 -9999.0 -9999.0 -9999.0 -9999.0 -9999.0 -9999.0 -9999.0 -9999.0 -9999.0 -9999.0 -9999.0 -9999.0 -9999.0 -9999.0 -9999.0
0.000000 0.000000 0.000000 0.000000 0.000000 0.000000 0.000000 0.000000 0.000000 0.000000 0.000000 0.000000 0.130875 0.223777 0.004912 0.041371 0.231234 0.212199 0.071378 0.040904 0.372579 0.479795 0.453157 0.458619 0.478991 0.113715 0.479857 0.122608 0.119163 0.163182 0.344216 0.479986 0.475932 0.475516 0.471526 0.137526 0.151395 0.171311 0.437080 0.464913 0.463917 -9999.0 -9999.0 -9999.0 -9999.0 -9999.0 -9999.0 -9999.0 -9999.0 -9999.0 -9999.0 -9999.0 -9999.0 -9999.0 -9999.0 -9999.0 -9999.0 -9999.0 -9999.0 -9999.0 -9999.0 -9999.0 -9999.0
0.000000 0.000000 0.000000 0.000000 0.000000 0.000000 0.000000 0.000000 0.000000 0.000000 0.000000 0.008773 0.132409 0.219757 0.017719 0.082056 0.428719 0.240641 0.087777 0.066871 0.055295 0.081644 0.477011 0.479590 0.170997 0.190785 0.286941 0.370375 0.479942 0.479414 0.477316 0.460214 0.472248 0.376264 0.043736 0.032655 0.097622 0.194978 0.472538 0.191793 0.156435 -9999.0 -9999.0 -9999.0 -9999.0 -9999.0 -9999.0 -9999.0 -9999.0 -9999.0 -9999.0 -9999.0 -9999.0 -9999.0 -9999.0 -9999.0 -9999.0 -9999.0 -9999.0 -9999.0 -9999.0 -9999.0 -9999.0
0.000000 0.000000 0.000000 0.000000 0.000000 0.000000 0.000000 0.000000 0.000000 0.000000 0.000000 0.056661 0.212773 0.278185 0.350230 0.135301 0.453032 0.153833 0.118733 0.100563 0.100558 0.171379 0.479091 0.479841 0.319489 0.479981 0.479575 0.479222 0.479577 0.479531 0.477366 0.460958 0.267033 0.074893 0.008862 0.017963 0.329391 0.474600 0.466621 0.446931 0.371174 -9999.0 -9999.0 -9999.0 -9999.0 -9999.0 -9999.0 -9999.0 -9999.0 -9999.0 -9999.0 -9999.0 -9999.0 -9999.0 -9999.0 -9999.0 -9999.0 -9999.0 -9999.0 -9999.0 -9999.0 -9999.0 -9999.0
0.000000 0.000000 0.000000 0.000000 0.000000 0.000000 0.000000 0.000000 0.000000 0.000000 0.010465 0.149130 0.256104 0.365588 0.400985 0.171982 0.473539 0.230673 0.230025 0.163193 0.134643 0.391427 0.479673 0.296130 0.479763 0.478761 0.478831 0.479374 0.471271 0.479765 0.281942 0.126033 0.081499 0.023840 0.000000 0.456573 0.353458 0.473783 0.476310 0.443364 0.474324 -9999.0 -9999.0 -9999.0 -9999.0 -9999.0 -9999.0 -9999.0 -9999.0 -9999.0 -9999.0 -9999.0 -9999.0 -9999.0 -9999.0 -9999.0 -9999.0 -9999.0 -9999.0 -9999.0 -9999.0 -9999.0 -9999.0
0.000000 0.000000 0.000000 0.000000 0.000000 0.000000 0.000000 0.000000 0.000000 0.000000 0.000000 0.167381 0.236632 0.426120 0.442813 0.235001 0.299333 0.432873 0.345563 0.161981 0.165045 0.462886 0.191384 0.479884 0.479646 0.479341 0.479377 0.478827 0.449033 0.400211 0.126171 0.064007 0.026343 0.002768 0.363476 0.455637 0.456706 0.479864 0.369399 0.417472 0.310036 0.189414 -9999.0 -9999.0 -9999.0 -9999.0 -9999.0 -9999.0 -9999.0 -9999.0 -9999.0 -9999.0 -9999.0 -9999.0 -9999.0 -9999.0 -9999.0 -9999.0 -9999.0 -9999.0 -9999.0 -9999.0 -9999.0
0.000000 0.000000 0.000000 0.000000 0.000000 0.000000 0.000000 0.000000 0.000000 0.000000 0.000000 0.091229 0.316724 0.411476 0.473936 0.427298 0.479542 0.479980 0.479982 0.399842 0.472376 0.474221 0.384780 0.479418 0.479780 0.478272 0.440355 0.463873 0.408491 0.161461 0.070645 0.026476 0.006135 0.384052 0.372569 0.455351 0.461061 0.479777 0.479915 0.475332 0.232833 0.178238 0.187395 -9999.0 -9999.0 -9999.0 -9999.0 -9999.0 -9999.0 -9999.0 -9999.0 -9999.0 -9999.0 -9999.0 -9999.0 -9999.0 -9999.0 -9999.0 -9999.0 -9999.0 -9999.0 -9999.0 -9999.0
0.000000 0.000000 0.000000 0.000000 0.000000 0.004561 0.042357 0.000000 0.000000 0.000000 0.000000 0.018752 0.278428 0.410704 0.460828 0.466558 0.479772 0.479310 0.476222 0.479633 0.479981 0.470811 0.479868 0.479523 0.479367 0.212060 0.471517 0.479989 0.476855 0.137575 0.063166 0.040611 0.476238 0.471624 0.431542 0.455640 0.479105 0.479888 0.459284 0.471892 0.241129 0.184568 0.151301 -9999.0 -9999.0 -9999.0 -9999.0 -9999.0 -9999.0 -9999.0 -9999.0 -9999.0 -9999.0 -9999.0 -9999.0 -9999.0 -9999.0 -9999.0 -9999.0 -9999.0 -9999.0 -9999.0 -9999.0
0.000000 0.000000 0.000000 0.000000 0.000000 0.000000 0.388952 0.000000 0.000000 0.000000 0.000000 0.010836 0.200962 0.407630 0.433634 0.260763 0.479988 0.475590 0.478697 0.467791 0.474947 0.472408 0.477004 0.479514 0.475782 0.265105 0.236044 0.459624 0.479890 0.472525 0.457758 0.128715 0.051271 0.394832 0.353022 0.459551 0.476497 0.479536 0.457630 0.479979 0.479628 0.187758 0.179024 0.171347 -9999.0 -9999.0 -9999.0 -9999.0 -9999.0 -9999.0 -9999.0 -9999.0 -9999.0 -9999.0 -9999.0 -9999.0 -9999.0 -9999.0 -9999.0 -9999.0 -9999.0 -9999.0 -9999.0
0.000000 0.000000 0.000000 0.000000 0.000000 0.000000 0.280064 0.000000 0.000000 0.000000 0.000000 0.002185 0.175384 0.343730 0.420593 0.478550 0.479766 0.479966 0.468476 0.470436 0.478523 0.478598 0.478302 0.479684 0.479662 0.479383 0.479278 0.475467 0.479918 0.477601 0.301380 0.053999 0.000788 0.000000 0.323248 0.474486 0.458896 0.478654 0.479614 0.479953 0.475496 0.477304 0.162256 0.182546 0.169420 -9999.0 -9999.0 -9999.0 -9999.0 -9999.0 -9999.0 -9999.0 -9999.0 -9999.0 -9999.0 -9999.0 -9999.0 -9999.0 -9999.0 -9999.0 -9999.0 -9999.0 -9999.0
0.000000 0.000000 0.000000 0.000000 0.000000 0.000000 0.281228 0.000000 0.000000 0.000000 0.000000 0.000000 0.120366 0.296569 0.389978 0.462821 0.479526 0.479885 0.478512 0.478397 0.478945 0.479212 0.479227 0.479663 0.472781 0.445222 0.389939 0.479865 0.394337 0.098421 0.048591 0.009103 0.000000 0.383055 0.406754 0.394212 0.454695 0.463671 0.475318 0.479859 0.458117 0.458764 0.479752 0.431344 0.415846 0.176453 0.293517 -9999.0 -9999.0 -9999.0 -9999.0 -9999.0 -9999.0 -9999.0 -9999.0 -9999.0 -9999.0 -9999.0 -9999.0 -9999.0 -9999.0 -9999.0 -9999.0
0.000000 0.000000 0.000000 0.000000 0.000000 0.000000 0.275717 0.000000 0.000000 0.000000 0.000000 0.036961 0.216432 0.290128 0.361920 0.422765 0.478987 0.479920 0.478478 0.479749 0.479148 0.478001 0.449067 0.297601 0.262333 0.435121 0.479956 0.272328 0.086972 0.038020 0.010505 0.000749 0.432245 0.457936 0.458559 0.468764 0.399798 0.423489 0.417586 0.461400 0.479889 0.458334 0.474402 0.478997 0.405013 0.157135 0.179302 0.158395 0.460524 -9999.0 -9999.0 -9999.0 -9999.0 -9999.0 -9999.0 -9999.0 -9999.0 -9999.0 -9999.0 -9999.0 -9999.0 -9999.0 -9999.0
0.000000 0.000000 0.000000 0.000000 0.000000 0.000000 0.352940 0.000000 0.000000 0.000000 0.000000 0.055692 0.319576 0.380273 0.449483 0.141112 0.228132 0.435294 0.479536 0.479732 0.472898 0.320323 0.239914 0.213977 0.385385 0.479561 0.471484 0.256535 0.072894 0.017223 0.010234 0.479903 0.459052 0.458619 0.458199 0.466209 0.383815 0.336635 0.470873 0.425780 0.479715 0.458345 0.479983 0.464752 0.190097 0.457152 0.479975 0.305178 0.181019 -9999.0 -9999.0 -9999.0 -9999.0 -9999.0 -9999.0 -9999.0 -9999.0 -9999.0 -9999.0 -9999.0 -9999.0 -9999.0 -9999.0
0.000000 0.000000 0.000000 0.000000 0.000000 0.000000 0.285342 0.000000 0.000000 0.000000 0.000000 0.000000 0.231945 0.436033 0.479389 0.479886 0.403965 0.479968 0.479539 0.479664 0.453749 0.306684 0.381682 0.457842 0.422275 0.470790 0.470583 0.355394 0.218370 0.460347 0.479808 0.479836 0.459915 0.460119 0.474033 0.452633 0.397973 0.348419 0.337868 0.455860 0.479101 0.479836 0.479881 0.313236 0.103851 0.046118 0.039554 0.036987 0.034765 0.005224 -9999.0 -9999.0 -9999.0 -9999.0 -9999.0 -9999.0 -9999.0 -9999.0 -9999.0 -9999.0 -9999.0 -9999.0 -9999.0
0.000000 0.000000 0.000000 0.000000 0.000000 0.000000 0.032446 0.000000 0.000000 0.000000 0.000000 0.000092 0.142846 0.247011 0.362388 0.251586 0.346097 0.479751 0.479559 0.479400 0.471176 0.471253 0.477715 0.479129 0.476133 0.435034 0.471487 0.319776 0.279037 0.479938 0.462009 0.479984 0.479973 0.479981 0.479873 0.477899 0.478288 0.409132 0.338358 0.406559 0.460424 0.468855 0.478658 0.063460 0.006530 0.000000 0.475558 0.469069 0.001203 0.000000 -9999.0 -9999.0 -9999.0 -9999.0 -9999.0 -9999.0 -9999.0 -9999.0 -9999.0 -9999.0 -9999.0 -9999.0 -9999.0
0.000000 0.000000 0.000000 0.000000 0.000000 0.000000 0.000000 0.000000 0.000000 0.000000 0.000000 0.012048 0.051408 0.206401 0.273486 0.301411 0.158753 0.243214 0.479698 0.474892 0.467390 0.478233 0.479649 0.478488 0.474305 0.425706 0.479969 0.476694 0.479985 0.479953 0.479176 0.478016 0.477570 0.479970 0.056944 0.476185 0.479816 0.479220 0.363614 0.363402 0.374806 0.409833 0.452154 0.410511 0.000000 0.413003 0.409299 0.000000 0.000000 0.000000 -9999.0 -9999.0 -9999.0 -9999.0 -9999.0 -9999.0 -9999.0 -9999.0 -9999.0 -9999.0 -9999.0 -9999.0 -9999.0
0.000000 0.000000 0.000000 0.000000 0.000000 0.000000 0.000000 0.000000 0.000000 0.000000 0.000000 0.010119 0.142974 0.192029 0.300791 0.082922 0.102182 0.173233 0.399621 0.472073 0.475092 0.474847 0.474786 0.469147 0.462823 0.466847 0.444277 0.460007 0.473608 0.478614 0.478650 0.474611 0.471946 0.137389 0.035695 0.478426 0.479758 0.479887 0.385587 0.442441 0.307607 0.361412 0.371362 0.000000 0.345149 0.348449 0.337325 0.331588 0.000000 0.000000 -9999.0 -9999.0 -9999.0 -9999.0 -9999.0 -9999.0 -9999.0 -9999.0 -9999.0 -9999.0 -9999.0 -9999.0 -9999.0
0.000000 0.000000 0.000000 0.000000 0.000000 0.000000 0.000000 0.000000 0.000000 0.000000 0.000000 0.000000 0.057411 0.172938 0.266468 0.323753 0.388996 0.479431 0.479940 0.478693 0.475091 0.422799 0.458526 0.475742 0.471376 0.472006 0.471973 0.475650 0.478658 0.479292 0.473990 0.441860 0.478713 0.136236 0.479776 0.479617 0.461690 0.465208 0.479937 0.318303 0.275014 0.328685 0.295521 0.228301 0.271360 0.257688 0.294614 0.357287 0.299929 0.390726 0.000000 -9999.0 -9999.0 -9999.0 -9999.0 -9999.0 -9999.0 -9999.0 -9999.0 -9999.0 -9999.0 -9999.0 -9999.0
0.000000 0.000000 0.000000 0.000000 0.000000 0.000000 0.000000 0.000000 0.000000 0.000000 0.000000 0.000000 0.012549 0.114777 0.223418 0.295836 0.359758 0.478458 0.479920 0.479962 0.461691 0.467026 0.339875 0.479203 0.475203 0.473880 0.476573 0.479158 0.479665 0.478010 0.427004 0.479682 0.473322 0.479982 0.462642 0.461730 0.461613 0.463836 0.479949 0.479940 0.265379 0.208017 0.187636 0.145127 0.155265 0.085350 0.095935 0.098258 0.127368 0.217654 0.140122 -9999.0 -9999.0 -9999.0 -9999.0 -9999.0 -9999.0 -9999.0 -9999.0 -9999.0 -9999.0 -9999.0 -9999.0
0.000000 0.000000 0.000000 0.000000 0.000000 0.000000 0.000000 0.000000 0.000000 0.000000 0.000000 0.000000 0.004245 0.072893 0.185123 0.257925 0.346967 0.477431 0.461117 0.479979 0.477599 0.479974 0.472462 0.478348 0.479283 0.479149 0.479628 0.479563 0.479554 0.478637 0.469648 0.442131 0.466787 0.479929 0.415325 0.463315 0.463243 0.464144 0.462784 0.479953 0.478573 0.138986 0.009187 0.090900 0.096084 0.000000 0.070360 0.002530 0.009517 0.061243 0.057308 -9999.0 -9999.0 -9999.0 -9999.0 -9999.0 -9999.0 -9999.0 -9999.0 -9999.0 -9999.0 -9999.0 -9999.0
0.000000 0.000000 0.000000 0.000000 0.000000 0.000000 0.000000 0.000000 0.000000 0.000000 0.000000 0.000000 0.000277 0.034957 0.153075 0.251279 0.362745 0.478567 0.479899 0.459750 0.479986 0.471965 0.479850 0.478381 0.479645 0.479589 0.479417 0.479551 0.479528 0.479667 0.479010 0.478398 0.478273 0.458617 0.475169 0.479802 0.124121 0.479971 0.479972 0.479969 0.479867 0.259399 0.000000 0.000000 0.064384 0.026893 0.019785 0.019251 0.020878 0.018346 0.000000 -9999.0 -9999.0 -9999.0 -9999.0 -9999.0 -9999.0 -9999.0 -9999.0 -9999.0 -9999.0 -9999.0 -9999.0
0.000000 0.000000 0.000000 0.000000 0.000000 0.000000 0.000000 0.000000 0.000000 0.000000 0.000000 0.000000 0.000000 0.013833 0.169232 0.249979 0.367352 0.474181 0.479759 0.479899 0.479927 0.455258 0.478767 0.478658 0.479636 0.479645 0.479592 0.479611 0.479501 0.479579 0.479601 0.479664 0.479646 0.479343 0.479384 0.478498 0.479958 0.479973 0.479973 0.479973 0.479914 0.409115 0.008673 0.000000 0.054523 0.001255 0.000000 0.000000 0.000000 0.000000 0.000000 -9999.0 -9999.0 -9999.0 -9999.0 -9999.0 -9999.0 -9999.0 -9999.0 -9999.0 -9999.0 -9999.0 -9999.0
0.000000 0.000000 0.000000 0.000000 0.000000 0.000000 0.000000 0.000000 0.000000 0.000000 0.000000 0.000000 0.000000 0.009051 0.177613 0.361211 0.467959 0.479566 0.477953 0.479694 0.479905 0.359093 0.479815 0.466725 0.477694 0.479745 0.479639 0.479661 0.479530 0.479475 0.479521 0.479443 0.479519 0.479592 0.479640 0.479315 0.468416 0.229735 0.479967 0.479966 0.479929 0.479857 0.477453 0.033152 0.120932 0.000000 0.000000 0.000000 0.000000 0.000000 -9999.0 -9999.0 -9999.0 -9999.0 -9999.0 -9999.0 -9999.0 -9999.0 -9999.0 -9999.0 -9999.0 -9999.0 -9999.0
0.000000 0.000000 0.000000 0.000000 0.000000 0.000000 0.000000 0.000000 0.000000 0.000000 0.000000 0.000000 0.000000 0.000000 0.068359 0.396250 0.468942 0.478937 0.440955 0.478980 0.460484 0.460642 0.479984 0.477164 0.473149 0.479718 0.479602 0.479631 0.479629 0.479518 0.479514 0.479505 0.479415 0.479375 0.479574 0.479233 0.474023 0.471980 0.479967 0.479931 0.479937 0.479900 0.479919 0.453257 0.445662 0.011343 0.000000 0.000000 0.000000 0.000000 -9999.0 -9999.0 -9999.0 -9999.0 -9999.0 -9999.0 -9999.0 -9999.0 -9999.0 -9999.0 -9999.0 -9999.0 -9999.0
0.000000 0.000000 0.000000 0.000000 0.000000 0.000000 0.000000 0.000000 0.000000 0.000000 0.000000 0.000000 0.000000 0.000000 0.081775 0.372295 0.447276 0.343854 0.415554 0.457511 0.459453 0.461096 0.479957 0.470919 0.479427 0.479603 0.479595 0.479614 0.479544 0.479533 0.479630 0.479627 0.479619 0.479583 0.479557 0.479692 0.478134 0.435479 0.479976 0.479902 0.479916 0.479916 0.479907 0.478628 0.018778 0.000000 0.000000 0.000000 0.000000 0.000000 0.000000 -9999.0 -9999.0 -9999.0 -9999.0 -9999.0 -9999.0 -9999.0 -9999.0 -9999.0 -9999.0 -9999.0 -9999.0
0.000000 0.000000 0.000000 0.000000 0.000000 0.000000 0.018662 0.000000 0.000000 0.000000 0.000000 0.000000 0.000000 0.000000 0.082578 0.262653 0.244137 0.330296 0.421236 0.479052 0.479866 0.479976 0.476042 0.479741 0.479627 0.479612 0.479598 0.479571 0.479547 0.479630 0.479658 0.479656 0.479646 0.479629 0.479565 0.479689 0.476897 0.470867 0.401008 0.479711 0.479559 0.479556 0.427866 0.339514 0.000000 0.000000 0.000000 0.000000 0.000000 0.000000 0.000000 -9999.0 -9999.0 -9999.0 -9999.0 -9999.0 -9999.0 -9999.0 -9999.0 -9999.0 -9999.0 -9999.0 -9999.0
0.011549 0.000000 0.000000 0.000000 0.000000 0.000000 0.174078 0.000000 0.000000 0.000000 0.000000 0.000000 0.000000 0.000000 0.022208 0.116414 0.221589 0.389827 0.463463 0.479806 0.479981 0.478396 0.479758 0.479644 0.479633 0.479590 0.479550 0.479585 0.479624 0.479621 0.479636 0.479622 0.479627 0.479637 0.479614 0.479602 0.471629 0.479508 0.479966 0.479656 0.462644 0.405940 0.277796 0.014490 0.000000 0.000000 0.000000 0.000000 0.000000 0.000000 0.000000 -9999.0 -9999.0 -9999.0 -9999.0 -9999.0 -9999.0 -9999.0 -9999.0 -9999.0 -9999.0 -9999.0 -9999.0
0.043983 0.012254 0.000000 0.000000 0.000000 0.000000 0.000000 0.000000 0.000000 0.000000 0.000000 0.000000 0.000000 0.000000 0.015872 0.081252 0.348507 0.459740 0.478822 0.479860 0.479607 0.479744 0.479618 0.479597 0.479594 0.479579 0.479608 0.479629 0.479619 0.479630 0.479721 0.479679 0.479614 0.479621 0.479625 0.479610 0.473904 0.479908 0.479960 0.460492 0.453846 0.375875 0.147078 0.046338 0.029701 0.017646 0.000000 0.000000 0.000000 0.000000 0.000000 0.000000 -9999.0 -9999.0 -9999.0 -9999.0 -9999.0 -9999.0 -9999.0 -9999.0 -9999.0 -9999.0 -9999.0
