geotop_simulations/templates/TEST_Venosta_3D_034_template/rec/SoilPressure0000L0003.old.asc
ncols         252
nrows         194
xllcorner     598250.000000
yllcorner     5144500.000000
cellsize      250.000000
NODATA_value  -9999.0
[rows 48 to 71 of 194, columns 162 to 215 of 252]
-1985.718127 -2150.015294 -1893.816136 -1704.560293 -1957.169251 -1835.267050 -2009.130012 -2245.121113 -2389.265138 -2554.884634 -2189.341321 -1767.093769 -1563.392004 -1089.918781 -879.361668 -583.899287 -458.218382 -131982.952452 -90965.539234 -9999.0 -9999.0 -9999.0 -9999.0 -9999.0 -68995.970469 -939.996045 -44.075513 -330.946916 -355.134844 -817.837444 -966.824665 -944.254171 -919.961654 -969.889226 -1011.087248 -1342.286600 -611.781734 -1302.571656 -1486.435503 -1380.068438 -499.611572 -496.515843 -692.154249 -752.315906 -1048.563146 -264.843814 30.054001 24.840505 31.864662 15.403432 -36.248168 21.683191 26.595661 26.244424
-2183.006850 -2011.765938 -1864.770488 -2000.845272 -2114.063613 -1851.113051 -1995.149006 -2341.709652 -2500.748369 -2697.869799 -2290.269598 -1917.822765 -1774.946957 -1818.503170 -1417.537446 -1084.944834 -620.496660 -914.867313 -319369.041396 -106735.643656 -93614.243757 -80165.817200 -56412.329775 -98587.978984 -7.403249 1.860236 -454.470827 -610.560790 -1097.677475 -1362.442637 -1480.547953 -1513.844943 -1374.680930 -1430.745043 -1398.575977 -1407.650079 -1191.731614 -1785.622807 -2137.213420 -1642.073249 -677.438371 -654.256584 -1121.357834 -1253.781361 -1019.228964 -686.701589 -469.357859 -235.029072 -55.662604 28.628057 28.765496 25.506762 -191.137646 26.898569
-2348.691693 -2291.785808 -1965.292817 -1922.302917 -1975.497388 -2026.847332 -2287.819947 -2502.601340 -2585.830431 -2873.246140 -3730.827183 -2139.648909 -1962.729197 -1995.183703 -1910.110429 -1832.707127 -1309.300374 -550.706098 -393021.479860 -615284.437345 -320.110560 -74.095550 -165644.768053 -252032.408609 8.899639 17.714213 -745.809947 -1069.334609 -1493.994216 -1610.211868 -1655.905270 -1599.279310 -1560.304733 -1627.296927 -1591.805116 -1554.976017 -1311.797393 -1461.570207 -2643.172501 -2007.825534 -845.780268 -587.486657 -1356.652787 -1287.284383 -1012.292977 -858.542371 -889.334663 -1068.295719 -799.698903 -530.931311 -376.508879 -769.848113 -885.268933 -828.716951
-2469.610484 -2480.285459 -2113.079274 -2110.283868 -2223.108694 -2311.880069 -2437.236068 -2670.267285 -2650.481279 -2991.848634 -3807.876727 -2254.473285 -2309.091542 -2278.147345 -2050.234963 -1641.235092 -919.723782 -500.060167 -507702.853861 -385.673876 -651.640267 -31.626660 -676969.825012 -322024.014747 -1.422961 19.714758 -669.549092 -1015.726237 -1256.394342 -1516.968786 -1779.952975 -1829.290992 -1748.232852 -1762.383295 -1769.248086 -1803.790857 -1438.660588 -1875.499175 -1815.949424 -2453.819320 -1041.919038 -715.912347 -1526.536094 -1028.122791 -881.741651 -663.920326 -679.870255 -635.844694 -636.727487 -712.908322 -933.092005 -973.638695 -1008.261987 -906.632724
-2564.494744 -2591.929762 -2286.715053 -2242.792076 -2503.405116 -2554.279380 -2696.155905 -2924.949122 -2734.669111 -3940.170127 -3859.435932 -2291.864334 -2338.107245 -2254.270522 -1785.729017 -1526.145280 -1388.990138 -1020.382172 -693.185428 -944.191153 -782.661369 -395.910234 -27.903911 -34.542008 -296.975708 -599.076871 -841.086316 -1026.784956 -1170.121544 -1306.053157 -1536.686695 -1705.890186 -2413.226574 -2595.602554 -2819.298228 -3272.509441 -1940.638913 -2384.545668 -1682.166922 -2410.997193 -1023.949448 -724.672573 -1391.209667 -1425.488755 -876.099646 -799.915834 -807.393352 -816.805939 -759.777991 -686.667840 -705.026811 -771.235414 -484.368925 -241.596496
-2642.172933 -2735.162203 -2438.083157 -2355.230307 -2656.659419 -2748.262188 -2912.513179 -3136.321322 -3010.391726 -3177.570782 -3917.078335 -3848.755043 -2369.922401 -2284.923960 -1981.210924 -1747.193844 -1657.300272 -1738.563285 -1806.797431 -1756.304337 -1130.411143 -740.877677 -540.720699 -593.913357 -911.078896 -1090.288161 -1291.544802 -1551.545922 -1623.926523 -1504.142402 -1616.037167 -1725.057811 -1773.664744 -2774.104247 -2591.257554 -2745.902983 -1924.789087 -1939.296490 -1941.336147 -2238.669225 -1485.736369 -865.945578 -1811.687811 -1118.627130 27.897918 -252.152992 -203.075801 -915.552034 -760.555282 -703.042062 -469.662463 -348.050205 -1.741191 6.797598
-2771.061293 -3918.276884 -3861.983702 -2506.567107 -2832.914541 -2929.305019 -3033.367990 -3253.895206 -3678.466810 -3237.375063 -3982.992887 -3929.916928 -2479.866763 -2335.281496 -2319.380676 -2213.274859 -2138.434526 -1978.841019 -1832.989889 -1749.978860 -1393.626641 -912.025512 -1247.813375 -1505.543002 -1520.381666 -1740.271146 -1801.128526 -1839.947984 -1745.393070 -1598.246091 -1707.618432 -1966.995527 -1807.623518 -2519.076444 -2298.815905 -2031.735397 -1515.693767 4576.386543 391.290744 41.688959 -1402.611843 -1178.519387 -1180.859098 -1262.782934 -1196.781292 -1103.163468 -3809.100462 -3889.536299 -105723.683160 -191052.129479 -313.220227 -192.920122 9.284450 -189.128684
-2891.135875 -3980.394782 -3923.725535 -3898.274516 -2917.986828 -4005.323816 -4062.445699 -3366.385395 -3815.692545 -3316.336070 -4042.806759 -3990.772354 -3942.487652 -2729.082103 -2672.098730 -2546.263977 -2491.614735 -2396.327691 -2122.040737 -2088.040751 -1596.872120 -1196.969760 -1497.083501 -1917.309355 -1849.767821 -1963.971870 -1999.610955 -2064.451936 -2014.177107 -1730.692304 -1594.960368 -1633.671448 -1736.804561 -1868.364412 -2352.860117 -2408.062002 -2167.637491 18243.863528 -2578.036585 -1003.862475 -1006.943941 -986.391044 -1021.236131 -1077.345251 -1380.054879 -1463.504706 -864.579229 -570.149282 -470.334754 -2723.493766 26312.129818 61871.636867 88351.779339 98073.374337
-2987.131536 -4039.022020 -3983.371702 -3965.557981 -4007.617043 -4044.693221 -4108.485081 -3494.112896 -4184.999931 -4141.628703 -4097.977374 -4050.326458 -4036.405156 -4044.764838 -2895.538770 -2778.540658 -2757.920356 -2617.766806 -2322.597205 -2408.855293 -2105.057275 -1437.695371 -1829.484190 -2334.856487 -2111.191041 -1930.532276 -2096.835482 -2122.429259 -2112.119594 -2157.935759 -2091.114094 -2253.729272 -2393.283036 -2492.991182 -2121.642547 -2456.783801 32.614140 4504.207317 -1123.943928 -973.076286 -781.261383 -778.956445 -765.461133 -1172.737716 -1407.808958 -990.995497 -2410.282826 19616.306376 -106.894869 10824.654659 31403.822592 71506.745967 93156.837183 73630.248620
-3076.285250 -4086.224231 -4038.637482 -4037.077614 -4082.792971 -4098.440586 -4152.969827 -4215.243661 -4240.055917 -4201.443919 -4153.502995 -4125.772615 -4148.669169 -4134.947028 -4068.856052 -4000.160153 -3942.926012 -2555.504981 -2376.242521 -2632.716938 -2575.052277 -1845.472448 -2166.067150 -2494.596985 -2410.654093 -2148.680212 -2226.925859 -2183.157885 -2141.597561 -2243.240266 -2456.301031 -2490.692110 -3633.172017 -3610.491886 -3452.498771 -2940.745792 -739.700640 -1575.927809 -1197.592324 -964.090899 -660.326989 -805.735832 -811.645975 -2617.115409 -3063.455084 -786.313725 -650.639633 54246.495752 -9898.747978 9322.621654 70546.851661 92104.153124 26.786401 17426.488965
-3263.025593 -4121.236097 -4090.340462 -4106.815032 -4148.497825 -4161.064658 -4204.056005 -4268.692670 -4294.202857 -4261.937619 -4224.882725 -4224.368484 -4237.599191 -4203.343920 -4121.268023 -4026.201302 -3936.878441 -3861.909003 -2497.502773 -2730.801497 -2715.428957 -2626.818762 -2662.507875 -2592.357275 -2618.191431 -2496.921086 -2453.364109 -2333.209409 -2367.999435 -2454.793651 -2504.987804 -3661.658618 -3641.209857 -3638.070426 -3579.333471 -3392.085873 -2182.409045 -1363.394060 -1099.818065 -1014.744467 -560.343237 -591.482666 -564.737035 49570.752129 24074.714230 -653.642386 -592.710222 -443.050673 32.821811 64098.486951 27914.399722 26.126100 27.683573 17.448680
-4144.279126 -4168.784503 -4157.650972 -4165.488103 -4195.408840 -4222.465253 -4262.931763 -4320.513876 -4774.380572 -4340.895283 -4314.957790 -4311.659774 -4301.534537 -4237.770452 -4074.900178 -4048.541038 -3983.956616 -3931.713358 -3875.791876 -2814.598996 -2796.410172 -2616.926457 -2724.105220 -2693.675723 -2716.379755 -2696.328115 -2632.668920 -2559.430335 -3705.340898 -3679.744951 -3686.947037 -3682.492581 -3671.668301 -3655.234425 -3623.068193 -2953.273111 -1671.497161 -1253.796406 -1212.089819 -708.098200 -492.362693 -116.648471 -386.499620 74580.867920 -499.248022 -542.867368 -423.258178 -373.534955 31.856163 96308.879883 44675.476653 10.799530 -375608.211833 -45685.341739
-4175.854275 -4205.898671 -4212.728416 -4217.609848 -4236.032815 -4272.766858 -4322.368021 -4757.165591 -4839.657645 -4192.578653 -4751.426255 -4374.163640 -4331.802027 -4187.966702 -4120.903364 -4040.670122 -4048.525543 -3973.175100 -3901.352202 -2753.398034 -2708.672412 -2251.835052 -2276.169488 -2654.127264 -2917.996334 -2948.906246 -3833.220245 -3801.954308 -3768.105831 -3739.680090 -3728.311066 -3722.401750 -3699.435823 -3670.723933 -3642.784782 -2907.821586 -1589.258014 -1166.435700 -818.410226 -733.987627 7111.886161 34651.005273 20.585161 77209.093669 18.223687 -292.014176 -311.478865 -138.389798 -7.196911 108651.583742 19.332509 -64357.818460 -19977.876715 -20293.400183
-4205.535310 -4232.254731 -4245.543215 -4395.840285 -4087.404866 -4160.692690 -4260.184148 -4314.684896 -5196.724790 -4339.030557 -4274.145913 -4748.574735 -4283.995035 -4226.825981 -4160.770927 -4079.166951 -4074.943263 -3985.257910 -3892.211555 -3853.839609 -2602.623908 -2483.685246 -2296.929905 -2313.088689 -2555.222069 -2805.003294 -3109.454288 -3222.213668 -3800.621906 -3775.909824 -3762.093879 -3743.105715 -3710.159900 -3665.385173 -3618.092952 -3426.329904 -2326.868569 -1376.628054 -869.825071 -2445.363660 36076.748668 41146.926103 20.564776 19.911853 -15.565812 9.540425 26.259501 29.328180 3.443138 30.005783 -106585.737720 -54076.596122 -34032.544396 -35715.542093
-4228.531556 -4237.286559 -1536.012967 -1608.137629 -1704.908875 -4032.538356 -4153.685488 -4454.110386 -4480.933498 -4460.595069 -4366.842530 -4788.039519 -4729.043849 -4254.818286 -4186.403699 -4105.376723 -4016.666404 -4000.711626 -3927.789041 -3931.401021 -3947.272076 -2774.364679 -2813.618669 -2740.393865 -2616.575174 -2413.798873 -2325.868181 -3557.277766 -3602.039413 -3601.365039 -3557.633112 -3505.338570 -3462.150961 -3455.566078 -3600.302948 -3534.164392 -3349.520293 -2160.654058 -1241.766635 -759.601676 40061.239084 92334.079111 -13.800833 -50.002168 -366324.011484 -388733.261402 -1.505465 -45.553958 -13.268896 4.807950 -38337.970484 -77163.703330 -15150.358411 -149.549003
-4203.891410 -4157.108706 -4162.089985 -4145.735693 -4154.046302 -4182.718810 -4223.237742 -4270.973755 -4320.196446 -4132.685662 -4854.231095 -4848.650701 -4748.263321 -4275.378114 -4213.279094 -4130.710744 -4038.623209 -3948.613427 -4003.817833 -3999.557636 -3979.993501 -3951.687336 -3928.448449 -3069.913347 -3007.260612 -2822.732511 -2494.915182 -2091.018979 -3044.214635 -2590.113645 -2345.696764 -2043.072732 -1789.486178 -2002.217197 -3510.952950 -3572.620986 -3390.262572 -2470.903323 -1740.100233 -755.449372 25168.153862 -5021.671941 -22.300229 -66175.162315 -35249.422313 -9911.893238 -47452.436531 -378971.418072 -72.758094 -96742.216982 -43046.874819 -35069.082298 30.183676 -6916.784698
-4118.085260 -4113.357799 -4096.962516 -4086.382077 -4087.783242 -4101.881237 -4132.349747 -4173.320763 -4223.575558 -4276.081602 -4341.992987 -4382.416899 -4784.178446 -4294.497859 -4237.135362 -4222.292450 -4061.486141 -3984.994176 -4065.841263 -4055.299352 -4012.418177 -3982.285715 -3948.322250 -3917.233018 -3072.265215 -3104.634187 -3838.443412 -3720.453337 -2109.335574 -3187.593672 -3040.388693 -3173.873115 -3108.159229 -2582.909538 -3425.229863 -3564.726278 -3363.234114 -2468.058502 -1738.065300 -1077.087992 10959.139317 43032.469677 18.919801 -535008.641495 -9033.537884 -19117.206272 -2908.104735 -9314.410399 -4096.918453 -7860.854024 -42842.628650 -5988.612480 29.007493 35.733403
-4068.718922 -4057.558029 -4040.307022 -4030.788286 -4024.081094 -4022.933257 -4045.857372 -4088.973611 -4144.663297 -4178.653332 -4210.225308 -4333.742517 -4822.906689 -4772.373410 -4726.402006 -4241.105435 -4164.686585 -4108.675548 -4108.561405 -4100.920032 -4051.157952 -4006.135630 -3969.467437 -3936.363057 -3911.637803 -3888.907474 -3842.854361 -3777.000678 -3684.370174 -3606.279527 -3617.311750 -3642.787855 -3582.379291 -1148.295321 -3537.357107 -3552.335766 -3288.067116 -2330.059737 -1516.125587 -949.454462 -494.041959 28164.407379 195612.286713 117891.294690 -262945.365852 -4711.294074 -1066.571288 -16658.033614 -17258.559550 -14849.229247 -59409.181865 -56362.748273 -35999.125472 -31887.889520
-3989.468860 -3989.361749 -3975.166575 -3955.671071 -3939.099707 -3949.305669 -3986.790517 -2796.488590 -4135.341464 -4173.766062 -4132.463725 -4233.275246 -4334.332005 -4780.574752 -4710.142775 -4258.220203 -4187.335242 -4132.382062 -4138.055871 -4134.617951 -4092.158497 -4037.199972 -3990.357119 -3957.050172 -3928.692265 -3892.574164 -3838.056192 -3783.230253 -3728.919711 -3714.765224 -3728.021741 -3717.512010 -3638.844037 -1127.016794 -3568.751624 -3483.492259 -3269.506777 -2772.258547 -1601.967233 -934.660552 -364.349663 1134.948950 132159.174914 159292.538626 63883.997508 -19575.151494 -15850.289746 -23672.076942 -29955.769378 -30535.085185 -57525.415410 -3022.745459 -154.495519 11.260816
-3902.368529 -3920.306702 -3932.778096 -3882.752654 -3912.661399 -3968.485028 -3007.634029 -3277.694271 -4182.259902 -4153.640271 -4164.999976 -4139.314141 -4282.090285 -4772.596043 -4710.267507 -4625.467673 -4202.907861 -4157.595820 -4164.731768 -4157.498501 -4122.259088 -4068.562506 -4012.680384 -3976.632501 -3945.779182 -3898.734536 -3842.346077 -3788.413479 -3735.783519 -3734.656693 -3740.009544 -3710.566974 -3621.602109 -1346.994620 -3535.759641 -1149.727458 -1036.152739 -789.125110 -679.117714 -308.104421 -5.687768 -2588.422067 -4744.460233 -6966.677876 -25503.199228 -20853.834436 -69359.966872 -28428.885271 -13550.379982 -95.353805 28.715444 25.946781 -229.703301 -209368.948319
-3909.617690 -3913.942466 -3906.716519 -3908.110132 -3933.366546 -4019.664976 -3200.040228 -3337.802954 -3461.433679 -4163.380104 -4145.880544 -4144.387535 -4225.711729 -4274.868501 25.300062 -4677.560217 -4583.575604 -4184.967401 -4186.524428 -4173.828384 -4140.366767 -4091.255316 -4036.103817 -3997.480663 -3963.127316 -3911.831241 -3853.375697 -3794.191685 -3751.542238 -3748.556167 -3744.885064 -3695.388696 -3569.133383 -1380.023084 -681.349601 -597.294085 -581.397987 -443.801514 -501.377019 -655.803900 21026.203527 65348.178327 28.983307 24.656726 12.305471 -45601.621449 -66944.122581 -2891.351311 26.929756 29.833593 33.503034 43.096466 -40506.540676 -66.927159
-3857.916578 -3837.796819 -3837.095632 -3853.448823 -3900.759858 -2873.571580 -3043.656672 -3235.460471 -3460.997798 -4164.593676 -4193.812591 -4165.525936 -4182.267255 -4233.866486 596.941434 15258.897504 -4653.862647 -4209.891378 -4198.980994 -4185.695044 -4153.830472 -4109.290505 -4061.633059 -4018.720164 -4500.343467 -4438.241730 -3867.535291 -3810.213587 -3774.636039 -3763.326862 -3743.400079 -3716.549107 -3637.086190 -1151.464323 -816.125977 -944.693919 -2235.738356 -1764.812987 -1170.660912 -654.362602 39503.089056 88930.795057 -8712.933834 -4.268265 -263300.723227 -44917.082182 -57223.853048 -188.673885 29.044122 38.891287 35.655195 62.539819 -6045.998894 -91.285693
-3699.788056 -2049.229313 -3606.389336 -3746.892703 -2596.088157 -2771.829258 -2901.701741 -3307.022824 -3674.653804 -3908.684652 -4222.168620 -4215.389604 -4141.673082 -4119.935544 2410.787206 27359.940890 4772.568850 -4362.529193 -4203.125695 -4187.769920 -4696.998254 -4630.701435 -4585.289115 -4537.208790 -4500.096020 -4446.492772 -4370.111300 -3828.513526 -3794.720951 -3779.122959 -3748.423202 -3732.892624 -3680.218341 -3064.007049 -1039.799161 -997.969246 -2517.243574 -1979.113306 -1492.151025 -1291.185815 -1253.166278 110137.002559 -398.006117 2.563649 -61721.089052 -45745.517871 -36557.814897 -1734.199051 -1719.257943 -11697.696330 -27610.428701 -5760.134836 -23.253699 -69.988245
-1789.909642 -2021.219669 -2464.015284 -2920.379049 -3070.773125 -3159.888872 -3246.608178 -3432.541406 -3705.741480 -4176.381267 -4180.390057 -4115.012154 -4048.004627 -4013.044075 -4012.827133 -4009.162856 -4031.865397 -4008.734149 -4420.808716 -4029.106061 -3982.715381 -4359.993214 -4402.058168 -4548.225078 -4527.376984 -3966.580907 -3913.286220 -3851.063807 -3817.539249 -3793.254345 -3755.965273 -3740.534597 -3695.251601 -3577.583402 -3163.516526 -1534.956078 -2341.159601 -2223.896859 -1492.025272 -2074.675310 -1288.963366 -1608.630638 70116.518018 -386.858342 19.802544 -54282.535191 -4797.115043 -530.217534 -15266.821433 -55951.148163 -17632.167228 -3556.140659 -31.089947 -268628.449616
