geotop_simulations/templates/TEST_Venosta_3D_034_template/rec/VegTemperature0000.old.asc
ncols         252
nrows         194
xllcorner     598250.000000
yllcorner     5144500.000000
cellsize      250.000000
NODATA_value  -9999.0
[rows 108 to 134 of 194, columns 124 to 185 of 252]
4.594485 1.144074 1.004691 0.694323 0.586931 0.661955 0.300160 0.288764 0.742626 0.905863 0.719197 0.372556 6.806017 6.660586 6.490045 5.948270 0.241762 -0.147576 -0.311160 -0.618298 -1.299179 -1.748182 -1.867794 -2.094936 -2.407139 -2.703421 -3.061829 -2.584844 -2.274515 -2.696161 -2.969511 -2.898975 -2.829010 -2.772575 -2.365584 -1.952668 -1.780109 -1.339672 -0.936581 -1.099441 -0.185266 0.975159 1.072914 1.236403 1.233692 1.380397 1.949108 1.951166 3.756890 3.589986 3.500966 3.540346 3.512970 3.256160 0.938028 1.412577 3.817927 3.879339 3.988365 1.431960 1.610626 1.597420
5.396167 5.207048 1.656263 4.820604 2.554071 0.976835 2.618127 2.749722 2.851047 2.779314 0.845366 2.216186 0.275399 1.597326 1.353065 0.978572 0.564087 0.167883 -0.057530 -0.472756 4.588198 4.431077 4.332645 4.160350 3.985965 -2.650111 3.846024 -2.571991 -2.308344 -2.469590 -2.660525 -2.665719 -2.531838 -2.510191 -2.128332 -1.587661 -1.294824 -0.800301 -0.285917 0.008963 0.564945 1.175991 1.526073 1.917884 2.193760 2.157386 2.233178 2.341764 4.364395 4.300963 2.099826 4.281760 4.229849 1.405812 1.811718 4.786981 4.847585 2.289745 2.104018 1.884557 1.989483 2.672570
4.274101 4.121221 3.866700 3.495059 3.244246 3.217460 3.370144 3.505988 3.319422 3.052141 1.190317 0.874860 2.189514 1.871094 1.564213 1.249119 0.872250 0.502663 0.099554 -0.414352 4.808132 -1.340971 -1.950263 -2.287172 4.144367 4.040152 3.948422 3.929091 3.778818 -2.441801 -2.466380 -2.384734 -2.181630 -2.030664 -1.684542 -1.271008 -0.794461 -0.276111 0.251736 0.791582 1.257893 1.358331 1.868201 2.453998 2.796975 2.730423 2.770974 2.887610 2.754085 2.781516 2.704920 2.392875 2.145617 2.292340 2.813157 5.668037 3.132596 3.115371 3.081572 2.820532 2.845142 3.557761
4.849387 4.771291 4.600088 4.323098 4.139633 4.121075 4.102697 3.983611 3.643143 3.298635 1.461967 1.118486 0.795664 2.083935 1.729927 1.408734 1.049871 0.674428 0.177769 -0.354491 -0.794130 -1.361954 -1.908781 4.286701 4.159965 -2.658189 3.977293 3.930772 3.978056 3.973160 4.021489 -2.321572 -2.078646 -1.728809 -1.273081 -0.868578 -0.357357 0.185264 0.710412 1.401936 1.632562 1.569321 2.132465 2.830453 3.072594 3.044819 3.302554 3.457761 3.331182 3.290580 3.221616 2.797055 2.782787 3.288407 6.304050 6.433870 6.428970 3.874717 3.993451 3.928428 3.950935 3.538590
4.435264 5.265311 5.233631 5.044743 4.832970 4.716237 4.544363 4.259680 3.884569 3.524774 1.627944 1.346248 2.606332 2.274221 1.949788 1.548039 1.148087 0.758253 0.258639 -0.220721 -0.685916 -1.303649 -1.821418 -2.171550 4.295266 -2.617730 -2.729049 -2.818628 3.969480 -2.715501 -2.506585 -2.302248 -2.081566 -1.676691 -1.111978 -0.626503 -0.034544 0.503452 1.035975 6.048272 6.335465 1.632042 2.033328 2.453214 2.685874 2.838970 3.586580 3.833645 3.801508 3.671576 3.730609 3.697938 3.882894 4.162504 7.932708 7.868231 3.994430 3.771281 3.766534 3.783420 3.790235 3.727670
4.678707 4.641472 4.645444 4.495731 5.158666 4.981950 4.760493 4.458662 4.089846 3.733637 1.786844 1.554287 2.804075 2.463751 2.122733 1.649904 1.275058 0.899339 0.394400 -0.119263 -0.603086 -1.121481 -1.623024 -2.090674 4.347399 -2.509655 -2.587288 -2.659959 -2.635964 -2.574743 -2.388061 -2.156419 -1.896515 -1.545178 -0.994377 -0.486894 0.036121 0.572798 4.648312 4.780747 1.693119 1.933689 2.271736 2.570308 2.840382 3.048784 3.168315 3.368240 3.478357 3.488154 3.581470 3.729003 3.865972 5.938592 5.956097 4.051490 4.092119 4.040412 3.910171 4.468943 4.497593 4.338886
5.355219 5.290532 5.192800 4.590592 5.009157 8.720762 4.898868 4.601318 4.264300 3.937995 3.608331 3.331318 3.020805 2.656015 2.235619 1.834617 1.485820 1.038078 0.554537 0.084247 -0.309842 -0.843651 -1.484921 -2.053441 4.122492 -2.494178 -2.515888 -2.524717 -2.499543 -2.390455 -2.253174 -2.035017 -1.757909 -1.346455 -0.816029 -0.286576 0.221144 0.733705 1.211015 1.539726 1.837279 2.126199 2.433870 2.679702 2.932670 3.173614 3.333803 3.511159 3.678878 3.809565 3.908309 3.979334 5.960629 5.964069 5.898602 4.164834 4.138821 4.075614 4.655246 4.461759 4.390080 4.201012
4.814696 4.768634 5.251120 5.178962 5.098834 4.998453 7.251821 4.711800 4.384465 4.131392 3.797819 3.472647 3.215374 2.808923 2.423162 1.605217 1.251433 0.911877 0.819600 0.478915 -0.024978 -0.710837 -1.396922 -1.944605 -2.363629 -2.641225 -2.745294 -2.663638 -2.591358 -2.463629 -2.221952 -1.924738 -1.546976 -1.092796 -0.654425 -0.116347 0.390767 0.889463 1.335040 1.652871 1.964801 2.241432 2.561850 2.783298 2.966905 3.218878 5.662646 5.733959 5.787516 3.884188 3.968456 4.031421 5.972294 4.161849 4.252528 4.168886 4.465130 4.788147 4.577402 4.352763 4.262859 4.022190
4.798499 4.775809 4.706367 5.199070 5.163815 5.121040 4.269540 4.017395 4.487932 4.298206 3.964285 3.483431 2.702486 2.397744 2.117535 1.707066 1.551767 1.322210 1.011934 3.032962 0.107150 -0.576396 -1.211380 -1.809065 -2.358019 -2.611820 -2.919377 -2.903870 -2.861044 -2.882980 -2.481327 -2.067056 -1.621050 -1.029812 -0.512785 0.009290 0.516300 0.999810 1.434919 1.753501 2.069235 2.330482 2.634969 2.861876 2.984817 3.210850 3.425801 3.602045 3.770848 3.884286 3.949599 4.040503 4.083290 5.851067 4.286443 4.154712 4.802406 4.700312 4.448507 4.233480 4.074474 3.803936
4.633340 4.669996 4.667676 4.581114 4.418522 4.260525 5.083674 4.025039 3.761387 3.588684 3.278561 3.003697 2.789129 3.134567 2.804000 2.200353 4.266105 3.890082 3.233971 2.738764 0.196007 -0.322337 1.319405 0.731310 0.359994 0.140526 -2.829258 -2.877286 -2.845771 -2.967671 -2.624809 -2.365415 -2.018646 -1.210962 -0.612661 0.044385 0.601686 1.079495 1.404862 1.824744 2.130623 2.378995 2.662596 2.873475 3.022980 3.209839 3.440548 3.634841 3.735934 3.812256 3.855253 3.972089 4.074094 5.773859 4.227221 4.855041 4.777065 4.588296 4.334811 4.104503 3.834723 3.678342
7.237492 5.173128 5.294474 5.030593 5.149508 4.956386 4.825974 8.348260 4.363436 4.200848 3.927336 3.691976 3.425305 5.361810 4.914748 4.364053 1.813622 1.477812 2.905666 2.261843 0.155701 -0.151202 1.190967 0.619178 -2.135869 -2.379074 -2.766696 -2.862580 -2.762754 -2.779397 -2.591542 -2.425847 -2.150256 -1.579936 -0.823911 -0.057833 0.365369 0.820269 1.279723 1.913224 2.428109 2.386975 2.647710 2.830950 3.016002 3.198227 3.456095 3.670863 3.684996 3.652688 3.681990 3.873970 3.955010 4.277676 4.837604 4.761150 4.699655 4.489125 4.209532 3.943042 3.609285 3.598884
6.642748 6.852076 6.919149 7.000795 7.093506 4.948846 6.584058 6.322149 6.152497 6.058891 5.881341 5.592307 5.279189 2.838875 2.387365 1.801583 1.446578 3.217752 2.522793 -1.106760 -0.193436 1.995365 1.210251 -1.678863 0.196645 0.052326 -0.168438 -0.323262 -2.655486 -2.592415 0.242186 0.488720 0.753294 1.053822 1.894947 2.555413 2.784022 3.286971 0.771593 1.306459 2.158055 2.752294 2.768509 3.482061 3.385446 6.046791 6.303455 4.146441 4.215819 4.066843 4.058180 6.945629 6.923885 6.786885 6.820321 6.861047 4.578857 4.470219 4.060324 5.999778 5.762813 3.283852
5.956147 6.165975 6.078669 6.408694 6.818590 2.908504 2.126664 1.563608 5.515269 5.415556 5.228909 4.917161 4.622570 4.407202 4.053164 3.565987 3.129660 2.783922 -0.289782 -2.012111 -0.779342 0.016880 1.383433 0.574260 0.099824 -0.005513 -0.174569 -0.278649 -2.415924 -2.350598 -2.205898 0.406779 0.585203 0.846915 1.733864 2.247211 2.448186 2.907102 3.039335 3.469060 4.530077 2.542823 2.621760 3.681543 3.880808 6.041751 6.130369 3.646022 6.418963 3.977643 6.380322 6.587900 6.527330 6.160913 6.043391 6.273789 4.353918 6.610178 6.117302 5.445649 5.206121 5.281841
5.232382 5.365470 4.996575 5.769925 6.488856 2.646100 1.847557 1.355159 1.026003 4.716792 4.476171 4.154340 3.896377 3.776430 3.509418 1.098882 2.726871 0.406837 -0.759124 0.614232 -1.469638 -0.190580 1.498791 0.656852 0.091329 -0.052477 -0.189659 -3.462363 -3.447061 -0.000190 -3.226044 0.353203 0.438037 0.657265 1.473224 1.908569 2.162094 2.480687 2.236177 2.652941 4.001597 5.078792 2.806411 3.685143 3.947140 5.838332 5.716134 5.645817 5.736364 6.142527 6.109250 6.029437 5.946813 5.335143 5.216758 5.632780 6.154679 6.341024 5.831513 5.031845 4.594908 4.682986
4.560980 4.588806 3.986749 5.244530 6.149608 5.742688 1.478658 1.134109 4.365425 4.026340 3.776779 3.501111 3.259353 3.121628 2.903785 2.649205 2.347201 1.954055 1.296021 0.486766 0.892316 1.663014 1.527941 0.751848 0.070299 -0.104362 -0.212744 -0.215062 -0.161014 -0.030149 -3.122550 0.259702 0.269090 0.553052 1.245716 1.588833 1.837879 1.990645 1.740787 2.505025 3.458566 4.596555 5.439491 3.583521 5.876028 5.530190 5.229706 5.002700 4.736783 5.432867 5.778230 5.514374 5.254246 4.572736 4.786841 5.090720 5.301462 5.882781 5.551297 4.784924 4.034140 3.848727
3.989724 3.692411 2.485324 4.993451 5.831909 5.342184 1.090910 4.229669 3.841292 3.398981 3.145536 2.920644 2.673374 2.483216 2.225949 2.134563 1.989709 1.609927 0.985846 0.283925 0.589107 1.443591 1.492080 0.815752 0.060545 -0.127662 -0.217299 -0.268030 -0.206791 -3.350942 -3.136707 0.230503 0.200020 0.494423 1.021955 1.293428 1.436994 1.528149 1.632727 2.372752 2.682896 -0.064462 2.583990 3.596291 5.555037 5.069720 4.603229 4.346709 3.925643 4.486480 5.258744 5.050389 4.580226 4.083170 4.399501 4.527371 4.315706 5.309801 5.236650 4.510276 3.589147 2.940539
3.465124 2.431570 1.010949 5.018947 5.502596 4.847355 4.173161 3.701376 3.296175 2.887689 2.539260 2.281695 2.137318 1.932634 1.469506 1.537603 1.716350 1.373019 0.657061 0.137837 0.543676 1.191997 1.343318 0.808694 0.091640 -0.149547 -0.208691 -0.226186 -3.481780 -3.323786 -3.093819 0.206928 0.158137 0.320278 0.764046 1.007934 1.062025 1.152099 1.254731 1.331623 -3.549100 -0.651702 2.796453 5.623438 5.136792 4.524614 3.981669 3.702044 3.304685 3.590986 4.582245 4.565660 4.067646 3.576105 3.884493 4.001673 3.421466 4.698642 4.807530 4.152779 3.286506 2.242702
2.895875 1.817929 2.169132 4.920985 5.114387 4.331470 3.620972 3.172530 2.782671 2.391465 1.975054 1.671922 1.632712 1.412789 0.739487 0.999652 1.486625 1.163409 0.404174 0.190052 0.567598 0.892319 0.967627 0.677941 0.134824 -0.171966 -0.208298 -0.176589 -0.124465 -0.036062 0.053792 0.106321 0.109731 0.262815 0.520634 0.711080 0.754045 0.606038 0.287553 -5.154097 -5.220888 0.673898 3.179524 5.338111 4.617831 3.945670 3.426620 3.019573 2.666318 2.878747 3.719837 4.015569 3.706452 3.135656 3.212130 3.400036 3.018713 4.069996 4.302123 3.762410 2.958666 1.986781
2.248317 1.558978 2.495827 4.603362 4.642797 3.792251 3.011536 2.655047 2.264027 1.872573 1.434251 1.142617 1.226476 0.945227 0.114666 0.625718 1.267702 0.951834 0.266402 0.136924 0.349795 0.534364 0.516639 0.323299 -0.049366 -0.322062 -0.355059 -0.314277 -0.237158 -0.149849 -0.063868 0.013508 0.161311 0.310264 0.341263 0.385926 0.325671 -0.400175 -4.903896 -6.532062 -3.851197 1.982222 5.492367 4.984172 4.127677 3.395346 2.874191 2.376479 2.114652 2.308226 2.728223 3.288885 3.291896 2.802810 2.515073 2.744833 2.693392 3.382675 3.785623 3.355124 2.549858 1.873563
1.394778 0.252872 -1.042939 2.474881 4.147586 3.233666 2.454801 2.090758 1.732993 1.342664 0.828619 0.762251 0.936122 0.505465 -0.482796 0.388608 -0.655943 0.729782 0.105504 -0.054141 -0.020515 0.095692 0.078227 -0.144398 -0.460920 -0.660087 -0.667161 -0.563734 -0.430226 -0.265146 -0.124988 0.083021 0.256221 0.293761 0.176130 0.019194 -0.135502 -4.896174 -6.512220 -6.737193 -0.660900 2.770905 5.323611 4.641292 3.757855 2.942338 2.316816 1.827854 1.602980 1.754062 1.939729 2.446478 2.687022 2.395094 2.027193 2.193515 2.104875 2.753794 3.288262 2.941978 2.227359 1.675770
0.356114 -1.604944 2.892573 2.510088 3.646710 2.655303 1.897538 1.452229 1.156955 0.717800 0.228192 0.536345 0.651056 -0.022300 -1.008695 0.355395 -0.887437 0.434347 -0.124709 -0.318127 -0.382556 -0.358095 -0.376892 -0.537447 -0.805330 -1.009272 -0.933959 -0.776650 -0.598446 -0.317650 -0.074300 0.189711 0.306731 0.278551 0.158346 -0.353586 -0.465722 -5.437253 -9.246583 -4.175874 1.677734 3.100359 5.095522 4.307306 3.437789 2.627399 1.870942 1.345431 1.140728 1.242156 1.411879 1.719129 1.952046 1.810802 1.620939 1.707250 1.444081 2.291587 2.835580 2.524304 1.903595 1.371069
0.467761 0.053840 3.347933 2.375880 3.218542 2.150074 1.275116 0.792225 0.500758 -0.025413 -0.236018 -1.193716 -1.259404 -0.757381 -3.742122 -1.715385 -1.075522 0.068730 -0.463974 -0.601405 -0.647846 -0.627326 -0.706632 -0.884323 -1.102760 -1.235578 -1.077583 -0.873041 -0.649734 -0.295734 -0.036926 0.142153 0.253112 -1.624369 -1.898972 -3.141271 -4.388743 -5.775105 -6.358567 -0.171928 2.771622 3.301936 4.931651 4.020049 3.160252 2.381930 1.581161 1.026013 0.730815 0.747624 0.943760 1.163432 1.265842 1.129617 1.101871 1.207413 0.967636 1.821548 2.444367 2.192649 1.613864 -1.026434
0.656168 0.880221 3.376808 2.034166 2.837999 1.738909 1.088229 0.088402 -1.606381 -2.452697 0.404707 -1.458081 -1.990904 -4.011675 -3.260979 -1.894308 -1.341748 -0.244748 -0.739190 -0.022950 -0.029075 -0.854649 -0.048389 -0.028358 0.363892 0.700946 0.861046 1.040443 -0.613478 -0.288378 -0.062039 -0.186653 -2.471285 -2.099903 -1.731844 -1.949416 -3.431676 -5.045203 -1.400342 1.385573 3.130079 3.407215 4.852975 3.951072 3.068165 2.246184 1.457577 0.905215 0.490800 0.226907 -1.403677 0.683849 -1.400567 0.453523 0.479468 0.719416 0.485887 1.222560 2.008508 1.813592 1.320382 0.938448
-3.018853 -2.258718 1.131617 1.777419 2.490220 2.519125 1.378606 0.020032 -0.039344 -0.013073 -0.008370 -0.018255 0.507793 -4.538078 -2.935542 -2.103038 -1.614228 -0.516363 -2.285862 -2.508586 -0.040465 -0.026771 1.028604 1.653712 -2.987920 -2.857845 -2.449774 -2.258187 -2.306004 -2.103131 -2.058510 -3.022931 -3.254705 1.172937 1.754293 -1.154794 -1.560604 -1.433583 1.007790 2.667154 3.205760 3.120656 2.798081 2.255237 3.198097 2.338687 1.576538 1.012615 0.499936 -1.787927 0.525156 -1.554184 -0.073069 -2.478281 0.037495 0.359977 -0.163203 0.565292 -0.535339 -0.650881 0.928058 0.626065
-3.046292 -1.406919 1.117646 3.254640 2.323047 1.270690 0.446752 -0.039071 -0.048260 -0.006085 -0.005564 -0.008342 -0.010455 -4.106226 0.391465 0.191397 -0.025277 -1.959615 -2.436520 -3.032325 0.057104 1.341439 -3.746968 -3.726459 -3.120750 -2.863254 -2.033951 -1.686740 -2.061568 -2.146106 0.607216 0.597853 1.057286 2.195405 -2.965028 -2.658526 0.446671 1.252445 2.298608 3.050001 3.079423 4.935202 4.573789 2.250850 3.438428 2.573366 1.868451 1.282554 0.683304 0.041430 -1.815113 -0.025307 -2.680993 -2.885873 -2.299103 -2.447923 -0.957326 -0.126603 -0.987798 1.154125 0.558812 0.198001
0.516986 2.332014 1.156319 1.333196 2.241953 1.240861 0.263076 -0.057507 -0.009167 -0.014093 -0.020160 -0.006024 -0.007545 -0.009931 -0.013869 -0.029058 -0.069845 -2.177345 -0.187055 0.241918 1.338101 2.013895 -4.034291 -4.271600 -3.579915 -2.848653 -1.561215 -0.954134 -1.430235 0.975142 1.457442 -3.040954 -2.824381 -2.210993 -0.325935 0.975311 2.179172 2.401497 2.779533 3.162554 5.064101 4.507391 4.089601 4.010090 3.657533 2.956805 2.250133 1.577536 0.912670 0.231329 -1.542880 0.148754 -0.025149 0.194379 -2.427572 -3.007322 -1.457440 -0.804086 0.672153 -1.066008 0.347986 -0.296742
1.145051 0.134491 1.222550 2.817407 2.012622 1.024144 1.932331 0.663270 -0.116631 -0.718260 -0.736941 -0.038791 -0.011116 -0.015862 -0.024777 -0.081543 -0.252320 -0.503777 -0.029562 0.906490 1.627868 -3.678047 -3.577488 -4.215642 -4.025812 -2.934995 -1.342587 -0.316535 2.132650 2.130182 -2.182857 -2.787569 -2.280909 0.551736 1.167688 1.835427 0.574520 5.345572 5.247958 5.039458 4.645541 4.100039 3.362478 3.440004 3.538888 3.095498 2.425768 1.663742 1.095182 0.494953 -1.308406 -1.970399 0.812664 -0.025714 -2.754927 1.210388 2.076932 2.373802 0.001371 0.540835 -1.799896 -0.664903
