geotop_simulations/templates/TEST_Venosta_3D_034_template/rec/VegTemperature0000.old.asc
ncols         252
nrows         194
xllcorner     598250.000000
yllcorner     5144500.000000
cellsize      250.000000
NODATA_value  -9999.0
[rows 54 to 80 of 194, columns 186 to 247 of 252]
-0.836697 -0.865577 -0.836907 -0.713643 -0.645076 -0.036643 0.784427 1.607068 2.145216 -2.610204 -2.455434 -2.698644 -2.980927 -1.879860 -1.189847 -1.138184 -1.277086 0.346463 0.148990 -0.192098 -0.719934 -0.966732 -3.374341 -3.101503 -3.276037 -3.607531 -3.589044 -3.893802 -3.988263 -4.101091 -4.238616 -4.342322 -4.507020 -4.749345 -5.027462 -5.251698 -5.303267 -6.233554 -6.382281 -0.008507 -0.046994 -6.092700 -6.309614 -6.635175 -9999.0 -9999.0 -9999.0 -9999.0 -9999.0 -9999.0 -9999.0 -9999.0 -9999.0 -9999.0 -9999.0 -9999.0 -9999.0 -9999.0 -9999.0 -9999.0 -9999.0 -9999.0
-0.408633 -0.583589 -0.356191 -0.269140 -0.235997 -0.066056 -0.035011 0.009819 0.774401 1.467417 -2.699524 -3.453038 -3.190616 -1.478582 -1.050093 -1.240995 -1.507758 -0.255102 -0.371916 -0.597392 -3.521014 -4.376262 -4.328088 -3.686955 -3.202153 -3.118841 -3.744911 -4.397635 -4.332154 -4.385256 -4.815487 -5.700467 -5.678175 -5.841297 -6.085750 -6.419572 -0.009815 -0.008577 -0.010689 -0.578007 -5.770346 -6.388866 -7.033097 -6.521437 -9999.0 -9999.0 -9999.0 -9999.0 -9999.0 -9999.0 -9999.0 -9999.0 -9999.0 -9999.0 -9999.0 -9999.0 -9999.0 -9999.0 -9999.0 -9999.0 -9999.0 -9999.0
0.223705 -0.046295 -0.042039 -0.038273 -0.037831 0.117554 0.280051 0.839895 1.627137 2.621476 3.709780 -4.263317 -2.145832 -0.536650 -0.884028 -1.531741 -2.062781 -2.900625 -2.549618 -2.593458 -3.716372 -0.011620 -4.976706 -4.241221 -3.802569 -3.459646 -3.788661 -4.529975 -4.703256 -4.740742 -5.346586 -5.658626 -0.002938 -5.625334 -0.524642 -5.109082 -0.360312 -0.531526 -0.536311 -5.706693 -5.833161 -6.173171 -6.449884 -6.533907 -9999.0 -9999.0 -9999.0 -9999.0 -9999.0 -9999.0 -9999.0 -9999.0 -9999.0 -9999.0 -9999.0 -9999.0 -9999.0 -9999.0 -9999.0 -9999.0 -9999.0 -9999.0
1.052286 0.493200 0.478820 0.571100 0.500426 0.686411 1.158705 1.726330 -2.148121 -2.229728 -2.560542 -3.522883 -0.935777 0.252819 -0.667776 -1.595377 -2.763157 -0.008218 -0.009642 -2.860286 -3.781112 -0.009484 -0.006548 -4.501076 -4.633298 -4.232088 -4.047333 -4.568988 -0.003141 -5.211996 -0.003281 -0.003226 -0.003930 -0.008496 -5.017074 -5.841460 -5.847176 -0.517910 -0.003510 -0.003730 -0.004057 -0.017104 -6.328917 -6.417660 -9999.0 -9999.0 -9999.0 -9999.0 -9999.0 -9999.0 -9999.0 -9999.0 -9999.0 -9999.0 -9999.0 -9999.0 -9999.0 -9999.0 -9999.0 -9999.0 -9999.0 -9999.0
1.758163 1.498281 1.449885 1.587521 1.574441 1.609524 1.970483 -1.692643 -1.841577 -2.119241 -2.327261 -1.832775 0.015772 0.159226 -0.718186 -1.593322 -2.997115 -0.005616 -0.006295 -3.112684 -3.822518 -0.007624 -0.006287 -0.004400 -0.002623 -4.835648 -4.516994 -0.004061 -0.004402 -0.006491 -0.009890 -5.567132 -5.852657 -5.875507 -5.966169 -6.078123 -0.010232 -0.002325 -0.001681 -0.002875 -0.004467 -0.573273 -6.213296 -6.352328 -9999.0 -9999.0 -9999.0 -9999.0 -9999.0 -9999.0 -9999.0 -9999.0 -9999.0 -9999.0 -9999.0 -9999.0 -9999.0 -9999.0 -9999.0 -9999.0 -9999.0 -9999.0
2.460698 2.468864 2.528039 2.766498 -0.516908 -0.385390 -0.630178 -0.818145 -1.290708 -1.480903 -1.375101 -0.342997 0.269066 -0.431312 -1.088735 -1.788257 -2.976413 -3.501928 -0.004358 -3.503305 -0.006236 -0.006412 -0.004525 -0.003970 -0.004071 -5.189020 -4.967447 -0.007515 -5.238991 -5.823224 -6.437003 -6.973565 -7.069024 -6.670110 -6.172647 -0.005953 -0.002866 -0.002496 -0.001281 -0.007856 -0.584045 -5.786214 -6.389107 -6.639515 -9999.0 -9999.0 -9999.0 -9999.0 -9999.0 -9999.0 -9999.0 -9999.0 -9999.0 -9999.0 -9999.0 -9999.0 -9999.0 -9999.0 -9999.0 -9999.0 -9999.0 -9999.0
2.813130 3.257072 -0.081039 -0.049993 0.170623 0.311251 0.190191 0.020678 -0.627751 -0.895882 -0.075506 0.777245 0.356652 -0.866579 -1.522598 -2.102305 -3.093489 -3.675622 -0.004076 -3.988991 -0.005151 -0.005141 -0.003932 -0.003469 -0.011366 -5.582821 -0.006750 -5.708690 -6.437743 -7.021270 -7.310800 -6.850500 -6.492246 -0.006335 -0.003326 -0.003413 -0.002936 0.100207 -7.218746 -0.008914 -0.578864 -5.778600 -6.493216 -7.212599 -9999.0 -9999.0 -9999.0 -9999.0 -9999.0 -9999.0 -9999.0 -9999.0 -9999.0 -9999.0 -9999.0 -9999.0 -9999.0 -9999.0 -9999.0 -9999.0 -9999.0 -9999.0
2.211811 3.158683 4.001250 4.730811 0.226145 0.614666 0.570312 0.397228 -0.082891 -0.394057 0.846003 1.314903 0.545348 -0.740617 -1.679336 -2.368767 -3.335400 -3.998856 -0.005242 -0.006846 -0.016801 -0.008563 -0.003910 -0.003960 -0.028984 -0.004409 -5.784560 -6.499186 -7.182434 -7.844250 -7.736251 -6.643573 -0.012130 -0.003329 -0.002366 -0.002871 -0.003051 -7.148498 -6.850893 -6.192547 -5.687802 -0.009787 -6.147834 -6.540638 -6.588739 -9999.0 -9999.0 -9999.0 -9999.0 -9999.0 -9999.0 -9999.0 -9999.0 -9999.0 -9999.0 -9999.0 -9999.0 -9999.0 -9999.0 -9999.0 -9999.0 -9999.0
1.887059 1.981315 2.472806 -2.263279 -0.998412 0.079005 0.006783 -0.422553 -0.930923 -1.283856 0.797024 1.386443 0.698281 -0.442704 -1.574664 -2.373839 -3.315818 -4.162420 -0.015739 -0.415409 -5.775266 -5.827765 -0.012172 -0.568458 -0.585305 -0.010848 -6.285038 -7.395955 -7.786234 -7.128060 -6.804421 -0.012991 -0.003895 -0.002429 -0.001529 -0.002297 -6.703725 -6.820680 -6.479169 -5.577597 -5.722542 -6.138901 -5.974967 -6.333255 -6.517362 -6.412305 -9999.0 -9999.0 -9999.0 -9999.0 -9999.0 -9999.0 -9999.0 -9999.0 -9999.0 -9999.0 -9999.0 -9999.0 -9999.0 -9999.0 -9999.0 -9999.0
2.531543 2.333641 2.174832 1.990597 -1.344347 -0.503656 -0.565304 -1.232767 -2.552976 -5.170654 -0.530438 1.256404 0.792361 -0.297793 -1.474686 -2.232428 -3.089361 -3.993563 -0.032873 -6.227498 -6.296052 -6.424180 -6.414940 -5.851434 -0.560756 -6.126316 -6.672230 -7.448385 -6.926406 -6.872573 -5.429901 -0.623140 -0.003511 -0.002299 -0.001862 -6.428038 -6.591366 -7.132474 -6.504073 -5.034142 -5.691889 -6.866093 -5.761435 -6.104717 -6.389615 -6.394341 -9999.0 -9999.0 -9999.0 -9999.0 -9999.0 -9999.0 -9999.0 -9999.0 -9999.0 -9999.0 -9999.0 -9999.0 -9999.0 -9999.0 -9999.0 -9999.0
3.102534 3.099154 0.241559 -0.161936 1.570320 -0.347725 -0.543758 -1.517040 -3.973373 -13.397346 -2.866886 1.076371 0.899526 -0.133398 -1.374204 -2.167746 -2.942111 -3.732082 -0.005806 -5.543039 -6.464610 -6.939101 -6.637264 -6.507169 -6.370040 -6.724279 -7.454824 -7.663824 -7.036428 -6.850187 -6.511467 -6.243569 -0.536400 -0.025181 -0.003375 -0.002080 -6.731713 -7.295369 -6.644836 -4.905434 -5.222287 -6.593815 -6.766390 -5.914665 -6.132967 -6.263764 -6.196510 -9999.0 -9999.0 -9999.0 -9999.0 -9999.0 -9999.0 -9999.0 -9999.0 -9999.0 -9999.0 -9999.0 -9999.0 -9999.0 -9999.0 -9999.0
1.423223 1.127019 0.911847 0.573898 0.140760 -0.218294 -0.569674 -1.636520 -4.873395 -12.884745 -3.195951 1.103621 1.120201 0.094244 -1.277049 -2.199916 -2.936396 -3.539085 -3.994800 -4.683304 -5.670136 -6.628854 -6.960504 -7.435736 -7.425387 -7.578651 -8.139469 -8.323344 -8.564818 -8.106330 -6.925873 -6.189073 -0.077346 -0.006901 -0.002131 -0.000184 0.674552 -6.761426 -6.408120 -5.241312 -5.026910 -5.634118 -6.208923 -0.585524 -5.839279 -6.055928 -6.110456 -6.046894 -9999.0 -9999.0 -9999.0 -9999.0 -9999.0 -9999.0 -9999.0 -9999.0 -9999.0 -9999.0 -9999.0 -9999.0 -9999.0 -9999.0
1.987111 1.680263 1.455010 1.060138 0.571808 -0.004376 -0.628531 -1.365081 -4.972571 -12.558439 -2.068680 1.316896 1.359151 0.317440 -1.072496 -2.125512 -2.808633 -3.310963 -3.792071 -4.527837 -5.213681 -6.495737 -7.399864 -8.203418 -8.213739 -8.282720 -8.285664 -7.769117 -7.559845 -6.910341 -6.533427 -0.011564 -0.002890 -0.002025 -0.000941 0.375980 -6.249145 -6.171984 -6.032115 -5.617212 -4.883085 -5.469256 -5.867945 -6.869380 -6.985620 -5.760224 -5.925289 -5.994251 -5.939622 -6.092079 -9999.0 -9999.0 -9999.0 -9999.0 -9999.0 -9999.0 -9999.0 -9999.0 -9999.0 -9999.0 -9999.0 -9999.0
2.545556 2.182750 1.877153 1.475401 1.007314 0.384031 -0.454340 -1.364537 -5.300335 -13.891872 -1.566734 1.167120 1.000056 -0.081990 -1.223310 -1.952770 -2.625996 -3.233998 -3.775631 -4.425448 -5.217755 -6.270079 -7.691291 -8.303996 -8.366080 -7.649313 -7.160616 -7.081788 -6.956269 -6.655112 -0.006089 -0.002705 -0.001805 -0.001006 -0.000171 -6.117775 -6.354263 -6.785558 -7.175021 -5.141933 -4.886556 -5.448888 -5.608450 -6.071692 -6.849508 -0.557563 -5.665005 -5.800144 -5.868270 -5.855726 -5.758106 -5.569797 -9999.0 -9999.0 -9999.0 -9999.0 -9999.0 -9999.0 -9999.0 -9999.0 -9999.0 -9999.0
3.222488 2.816434 2.380168 1.928759 1.448146 0.823775 0.189243 -0.815540 -5.199855 -13.624793 -1.556284 1.226429 2.713996 1.429911 0.358064 -0.473776 -2.868220 -3.576676 -0.003573 -0.005102 -0.017355 -6.432436 -7.439997 -7.674162 -7.316126 -7.125443 -6.903040 -6.787597 -6.613896 -0.567962 -0.005710 -0.002470 -0.001260 -0.000996 -6.654784 -6.523033 -6.335164 -6.987743 -7.380115 -5.760153 -5.431555 -6.386950 -5.383370 -5.475362 -6.380220 -6.528536 -5.350349 -5.517242 -5.519131 -5.184356 -0.007019 -0.004227 -9999.0 -9999.0 -9999.0 -9999.0 -9999.0 -9999.0 -9999.0 -9999.0 -9999.0 -9999.0
2.167756 1.773684 3.040823 2.531742 1.941763 1.283305 0.887833 0.243755 -2.898057 -13.239447 -1.346780 3.553078 2.951081 1.627507 0.263884 -2.168685 -3.036399 -3.858327 -4.586596 -0.012591 -5.579109 -6.507875 -7.547713 -7.408717 -7.199039 -7.082813 -7.118611 -6.600229 -6.338060 -0.536013 -0.009028 -0.004906 -8.128658 -6.784761 -6.228952 -6.557109 -6.647333 -6.228288 -6.746710 -7.000117 -6.730423 -6.290629 -5.717466 -4.751536 -5.138189 -5.427824 -0.007287 -0.002980 -0.001978 -0.001842 -0.001786 -0.001736 -0.000730 -9999.0 -9999.0 -9999.0 -9999.0 -9999.0 -9999.0 -9999.0 -9999.0 -9999.0
2.734910 2.343197 1.948942 3.232267 2.575155 1.858597 1.539165 1.050148 -0.816084 -8.109313 -1.116896 1.579513 2.867266 1.487674 -1.398626 -2.113419 -2.881849 -3.611556 -0.005850 -0.008591 -6.041432 -6.867954 -7.638844 -7.572035 -7.664028 -8.000680 -7.930468 -7.350694 -6.289066 -0.521684 -0.007516 -0.006270 -7.229875 -7.471449 -7.064044 -4.933946 -7.217470 -6.634423 -7.128013 -8.397654 -7.855967 -6.529977 -4.679303 -4.363133 -4.752635 -4.992267 -0.002307 -0.000810 0.134213 -6.594550 -6.325406 -0.000318 0.349406 -9999.0 -9999.0 -9999.0 -9999.0 -9999.0 -9999.0 -9999.0 -9999.0 -9999.0
2.861201 4.671160 4.337122 3.949733 3.249140 2.513298 2.267722 1.711580 0.391109 -2.508657 0.136611 3.714096 2.698723 -0.357917 -1.534598 -1.061574 -2.971662 -3.615767 -4.297057 -0.004556 -0.005409 -6.342934 -6.744240 -7.390570 -8.067941 -8.332092 -8.098756 -7.403522 -6.377670 -5.646036 -0.536430 -8.343498 -5.228278 -5.353499 -5.590877 -5.574380 -5.153166 -0.002189 -7.699613 -9.243852 -8.749007 -6.246555 -4.515787 -4.399586 -4.545747 -4.577451 -5.435796 0.826739 -6.658107 -6.013786 0.794107 0.525465 0.766099 -9999.0 -9999.0 -9999.0 -9999.0 -9999.0 -9999.0 -9999.0 -9999.0 -9999.0
6.197134 2.258362 2.611922 4.432674 3.832848 3.178160 3.045113 2.344726 0.953776 0.361576 1.497670 3.724997 2.536272 1.105109 -1.449775 -2.336189 -3.190559 -3.732167 -0.007843 -0.005283 -0.004092 -0.012116 -6.412054 -7.168848 -7.630009 -7.764787 -7.521856 -7.294221 -6.747469 -6.090184 -5.761498 -5.756107 -6.112010 -6.226648 -6.014786 -5.609789 -0.003512 -0.002912 -7.623050 -8.606324 -9.265320 -6.484783 -5.167612 -4.558915 -4.010844 -4.173385 0.740440 -6.697964 -6.022783 -5.270429 -5.108890 1.040659 1.057007 -9999.0 -9999.0 -9999.0 -9999.0 -9999.0 -9999.0 -9999.0 -9999.0 -9999.0
-0.321127 0.070819 1.344542 2.198991 2.071218 3.627617 3.670783 2.888498 1.549509 4.373333 4.230415 3.477366 2.283243 0.998987 -0.152895 -2.452623 -3.355977 -3.679821 -4.088871 -4.493656 -4.734772 -5.335669 -6.067713 -6.572905 -6.733742 -6.970075 -7.424257 -7.358790 -7.151848 -6.757615 -6.686062 -6.934428 -7.007907 -6.351443 -5.766295 -0.104559 -0.003494 -7.346712 -7.257209 -8.369840 -9.063571 -7.949557 -6.780433 -4.842547 -3.683444 -3.894085 -4.922298 -6.124586 -5.160170 -4.423489 -2.345742 -4.356558 -2.367158 1.695282 -9999.0 -9999.0 -9999.0 -9999.0 -9999.0 -9999.0 -9999.0 -9999.0
4.930009 4.264937 4.753770 5.522282 5.632624 5.665388 1.640940 1.218233 0.752042 4.900783 4.243085 3.213307 2.123316 1.035403 -0.055963 -2.588670 -3.211511 -3.393861 -3.748631 -3.998295 -4.277145 -5.013041 -5.677212 -6.191442 -6.395055 -6.456363 -7.186422 -7.319318 -7.311403 -7.389022 -7.570057 -7.573845 -7.254656 -5.947705 -5.710932 -0.491298 -8.037037 -7.917358 -7.627260 -8.080209 -8.679209 -8.558908 -8.497906 -5.718901 -3.746162 -3.492585 -4.568275 -5.675637 -1.864849 -1.437657 -1.695325 -4.045247 -1.786908 -2.193867 -9999.0 -9999.0 -9999.0 -9999.0 -9999.0 -9999.0 -9999.0 -9999.0
4.574005 3.183886 3.557590 -0.704446 -0.396675 -0.200802 0.047339 0.928776 5.655708 5.128103 4.222564 3.171310 2.158241 -0.290656 -1.238803 -2.368038 -2.917202 -2.991043 -3.229228 -3.513630 -3.944250 -5.080665 -5.638890 -5.912965 -5.676610 -6.070448 -6.581019 -7.242314 -7.775782 -8.168900 -8.098721 -8.110168 -7.561621 -6.212015 -5.519533 -5.266814 -4.984368 -0.013945 -7.768451 -7.982417 -9.208457 -9.159404 -8.782693 -6.962866 -4.252758 -0.997744 -4.365359 -5.178692 -1.245670 -3.274752 -1.129335 -1.430767 -1.249244 -3.468087 -9999.0 -9999.0 -9999.0 -9999.0 -9999.0 -9999.0 -9999.0 -9999.0
3.960361 2.077919 2.687358 3.891716 -1.064327 4.144114 3.576965 4.767621 3.785811 3.561502 2.658414 1.705377 0.649525 0.012376 -0.672718 -1.951148 -2.583494 -2.507455 -2.737950 -3.198707 -3.805466 -4.545811 -5.948779 -6.835776 -0.547611 -5.832214 -6.302002 -7.147094 -7.763657 -8.141003 -8.566678 -8.520283 -8.005753 -7.186712 -6.415384 -5.995568 -5.114556 -4.879480 -4.734089 -0.003309 -9.638520 -10.017110 -9.790079 -8.164087 -5.328620 -1.229658 -1.319550 -4.851827 -3.714709 -2.920444 -3.246817 -3.364374 -2.802356 -0.778520 -9999.0 -9999.0 -9999.0 -9999.0 -9999.0 -9999.0 -9999.0 -9999.0
3.117264 1.504585 2.202044 3.057838 3.400598 3.104614 1.452822 2.693984 2.678697 3.322408 2.834357 2.113609 1.120137 0.458903 -0.314460 -1.337813 -1.858770 -2.056731 -2.523946 -3.063028 -3.645423 -4.421748 -5.184853 -5.905716 -0.023137 -5.530626 -6.160600 -6.794942 -7.191167 -7.640910 -8.480720 -8.499899 -8.209612 -7.958773 -7.417129 -7.039563 -6.501857 -6.126270 -5.573678 -4.320651 -9.831256 -10.007768 -9.893686 -8.200481 -4.089699 -2.574049 -1.678285 -4.768498 -3.266904 0.380333 0.040005 -2.894090 -2.320567 -0.133122 -9999.0 -9999.0 -9999.0 -9999.0 -9999.0 -9999.0 -9999.0 -9999.0
2.253351 1.225563 1.790545 2.232444 2.497557 1.834313 -0.510805 0.876619 3.458070 2.000320 2.857147 2.509055 1.524939 0.736042 -0.051905 -0.845318 0.617030 -1.811514 -0.889314 -1.733025 -2.568914 -4.492551 -5.071503 -5.609204 -0.009249 -5.322527 -5.385827 -5.755650 -6.607434 -7.345805 -8.382882 -8.656381 -8.465498 -8.150851 -7.837051 -7.395459 -7.286402 -7.069220 -6.416502 -4.881360 -0.005142 -8.931760 -9.017778 -8.482495 -6.072476 -5.347509 -3.605524 -5.496573 0.234095 0.866728 -2.447467 -2.208045 -1.855400 -9999.0 -9999.0 -9999.0 -9999.0 -9999.0 -9999.0 -9999.0 -9999.0 -9999.0
-0.322949 0.731534 1.144175 1.328572 1.317520 0.647107 -0.000549 1.409011 -2.782226 -0.968763 1.851310 2.469565 1.744628 3.204235 2.333653 -0.670189 0.627855 -0.146758 -0.957415 -1.821093 -2.618719 -4.633724 -4.959795 -6.039906 -6.525982 -4.350555 -5.114067 -5.350452 -6.251196 -6.951880 -8.215944 -8.788190 -8.531332 -8.301222 -7.958252 -7.811614 -7.560105 -7.241030 -6.633208 -5.633514 -4.586529 -8.189985 -8.396862 -9.020404 -6.636485 -7.146413 -5.138805 -6.778867 -4.225626 0.861249 1.094764 1.417575 1.421546 -9999.0 -9999.0 -9999.0 -9999.0 -9999.0 -9999.0 -9999.0 -9999.0 -9999.0
-1.054177 -2.197875 -1.976231 -2.222175 0.162064 0.184077 0.549476 1.002679 0.437342 -4.921601 0.155307 1.828662 1.849503 1.046248 0.364423 -0.447394 0.647916 -0.253315 -1.022833 -1.784444 -3.906557 -4.479646 -5.508229 -5.917642 -6.392637 -4.521214 -4.829146 -5.785434 -6.373104 -7.323821 -8.220370 -8.539665 -7.828198 -7.920687 -7.567211 -7.687862 -7.513836 -7.042079 -6.509352 -5.607031 -4.635104 -3.683047 -7.715119 -8.512643 -8.772630 -8.601829 -7.471655 -3.386459 -1.693093 -0.183040 0.877679 1.854010 -0.652189 1.639874 -9999.0 -9999.0 -9999.0 -9999.0 -9999.0 -9999.0 -9999.0 -9999.0
