geotop_simulations/templates/TEST_Venosta_3D_034_template/rec/VegTemperature0000.old.asc
ncols         252
nrows         194
xllcorner     598250.000000
yllcorner     5144500.000000
cellsize      250.000000
NODATA_value  -9999.0
[rows 135 to 161 of 194, columns 62 to 123 of 252]
1.011872 -2.476937 -1.488062 -0.629251 0.126359 0.705752 1.197667 1.828810 2.566138 4.300624 4.717994 4.720525 1.081962 0.142218 0.966013 5.615845 7.130267 6.921653 4.822245 4.833655 7.571770 6.678228 5.672898 4.768199 3.890701 3.068956 2.423108 1.854437 1.237385 0.701178 0.066968 -0.054875 -0.233292 -0.030007 -0.040649 -0.045225 -0.053890 -0.037787 -0.012621 -0.013526 -0.012169 -0.008856 -0.009053 -0.021490 -0.032402 -0.032889 -0.006786 -0.011960 -0.012937 -0.016924 -5.139662 -5.727026 -5.781864 -0.008542 -0.077446 0.559077 -2.735630 -3.231886 -3.116528 -2.379384 -2.547139 0.518565
-3.301101 -2.710928 -1.704507 -0.747381 -0.090753 0.495311 1.092868 1.651953 2.272864 2.611026 4.013073 -0.637467 -1.345694 1.442471 6.409382 7.466716 7.916219 8.097823 8.040789 7.901316 7.605338 5.566191 6.132174 5.228868 4.261857 3.468681 2.824903 2.135409 1.377771 -0.202892 0.035324 -0.193530 -0.476029 -0.029510 -0.019436 -0.016588 -0.022538 -0.067795 -0.352445 -0.320408 -0.057526 -0.294403 -0.301975 -0.040594 -0.027806 -0.011945 -0.006604 -0.009123 -0.018193 -0.020073 -5.114780 -5.870900 -5.562124 -0.005583 -0.018940 0.182656 1.661332 -3.161533 -2.963015 -2.157043 -2.936066 0.408083
-1.994739 -1.190587 -0.326899 0.090907 0.168837 0.658322 1.261647 1.696659 1.969063 1.186296 -3.817452 -6.001965 1.730072 4.854163 7.623642 7.833066 7.724840 7.597309 7.470865 7.469473 7.508062 5.848168 5.258351 5.697114 4.745100 4.000322 3.247963 2.413228 1.604642 0.837178 -0.616081 -0.365143 -0.222408 -0.209764 -5.032060 -5.523191 -5.632332 -5.732294 -5.750944 -5.639239 -5.648681 -5.631188 -5.778562 -6.273074 -5.514165 -5.050566 -0.256130 -0.018639 -0.014503 -0.013516 -0.020375 -0.495128 -0.020470 -0.024743 -0.027613 0.162541 -2.863005 -3.314029 -3.072110 -2.378358 -2.865895 -1.884751
-1.028790 1.131559 1.890315 2.916936 0.025034 0.948685 2.973046 1.816184 1.150424 -2.007885 -3.429154 2.551423 5.450279 7.525832 7.498980 7.269156 6.945227 6.744234 6.659484 6.813656 7.135557 7.154815 6.812350 2.893544 5.248942 4.483560 3.636018 2.789498 1.954534 1.110540 0.326312 -1.106117 -0.341000 -0.670463 -0.022565 -0.422554 -5.739059 -0.402556 -0.041169 -0.428239 -0.051210 -5.690769 -6.638304 -6.919148 -6.653720 -6.232372 -6.094755 -5.875379 -5.976320 -6.402251 -6.070923 -0.178859 -0.079993 -0.591182 -0.115361 0.657150 2.178166 3.561671 -3.056822 -2.104617 -0.846278 0.244897
0.219556 1.368469 2.642068 -0.453258 0.639740 1.473206 3.436383 3.762198 0.165500 -5.259463 1.528529 5.120933 7.384738 7.176724 6.780917 6.374896 5.999545 5.804155 5.761678 5.999696 6.498994 6.780268 6.799629 6.416586 2.654939 4.888680 3.956821 3.065048 2.138887 0.387838 -0.426694 -1.229262 0.338168 -0.041022 -0.665278 -0.769830 -0.837784 -0.386175 -0.239233 -0.465658 -0.018195 -0.486578 -6.274063 -6.869872 -6.969196 -6.817162 -6.390517 -6.392537 -6.847069 -6.841894 -6.439476 -0.009910 -0.312071 -0.638135 -0.052315 0.547615 2.149703 -3.588042 -2.783325 -1.374962 0.272806 0.869911
0.901398 -1.358524 -0.544705 0.578489 1.449097 1.791544 3.769544 4.313016 4.106864 3.707139 4.109200 5.760866 7.034921 6.508846 5.984929 4.814149 5.102207 4.894214 4.890190 5.204915 4.600868 4.849167 5.007533 6.505717 3.036419 5.175296 4.152983 3.172636 2.195832 0.239565 -0.552635 -1.329642 -1.632698 -1.664232 -1.933046 -0.072219 -0.051654 -0.037149 -0.072567 -0.046389 -0.010443 -5.568134 -6.210080 -0.475886 -0.022705 -0.914980 -0.027284 -0.496877 -6.135973 -6.530424 -0.442516 -0.006608 -0.007216 -0.075848 -0.040657 -0.025847 1.013082 -3.044400 -2.648487 -0.907659 0.366054 0.710597
0.439982 0.700197 1.242561 0.798266 2.724743 3.241500 3.858974 4.449547 4.020235 4.963578 6.791461 7.058081 6.636252 6.002811 5.376014 4.788387 4.326540 4.069372 4.103510 3.449082 5.063047 4.204046 4.502405 6.363305 3.112659 5.332407 4.275077 3.268196 2.373439 1.612882 -0.284057 -0.913253 -1.172928 -1.359135 0.912177 0.494742 -0.027244 -0.022300 -0.020471 -0.009097 -0.010042 -0.427253 -0.463543 -0.006667 -0.888188 -0.645705 -0.328081 -6.278581 -6.710140 -6.846704 -6.497974 -0.013782 -0.004429 -0.010063 0.497637 0.862506 1.392802 2.048157 -2.207851 -0.390645 0.440746 0.565454
-0.409059 -0.031189 1.046122 0.231116 2.374849 3.183863 3.926197 4.536568 4.674505 5.904514 6.903833 6.755751 6.193623 5.551914 4.870042 4.203012 2.698121 2.603584 2.501562 2.743840 3.205807 5.088613 5.666654 6.154940 6.136854 2.512871 4.442204 3.568495 2.818444 2.133100 1.579465 -0.143444 -0.451495 -0.815338 -1.340779 -1.701496 -0.034333 -0.102141 -0.014123 -0.022400 -0.382306 -5.386760 -0.031292 -0.622374 -0.819894 -0.168012 -0.027618 -0.457321 -0.379904 -5.094200 -6.485128 -0.405493 -0.005675 -0.002642 0.079075 1.237385 2.250991 2.803779 -2.132944 -0.406238 0.221650 0.232458
-0.136436 0.572093 -0.902847 3.327980 4.566668 3.371104 4.113661 4.898457 5.631045 5.827199 6.813209 6.420127 5.783379 5.102297 4.380874 3.680374 2.309247 2.084345 1.860180 3.034644 2.526350 4.599133 5.240228 5.880727 2.905695 2.622301 4.724904 3.913198 3.143844 2.457624 1.902080 0.380171 -0.023187 -0.466046 -0.890932 -0.074674 -0.159441 -0.035627 -5.007700 -5.717992 -5.924647 -5.730943 -0.503576 -0.764739 -0.755416 -0.266264 -0.026117 -0.008441 -0.007895 -0.485751 -6.434119 -6.088005 -0.012109 -0.006176 -0.004367 -0.006564 1.335169 -2.940422 -1.828200 -0.626680 -0.055532 -0.304851
0.800741 1.630469 2.552018 3.720907 5.163963 3.443161 4.325208 5.064121 5.967125 6.688276 6.642420 6.094842 5.420320 4.700168 3.941176 2.551394 1.996597 1.937345 2.200974 2.763647 3.573564 4.372289 4.987472 5.667901 2.825619 2.713123 4.783071 3.936603 3.123493 2.404279 0.905320 0.386068 -0.028488 -0.111847 -0.156807 -0.208344 -0.338832 -4.972729 -5.597360 -5.927040 -0.576890 -0.741396 -0.758216 -0.733057 -0.709028 -0.013400 -0.012418 -0.026019 -0.431669 -6.359146 -6.572679 -0.422336 -0.379316 -0.325699 -0.005603 -0.005320 -2.567762 -2.104634 -1.293592 1.587837 1.406824 -0.601815
2.189459 2.906619 3.482717 4.335932 0.013128 1.539496 4.727835 5.381503 6.285499 6.681950 6.379724 5.711227 4.984422 4.232258 3.474954 2.188598 1.553815 1.267214 1.592348 2.319961 3.122081 4.092547 4.780801 6.019720 6.154865 2.511061 4.658486 3.833597 2.982866 2.175656 0.649713 0.028123 -0.101282 -0.387170 -0.294906 -0.329036 -5.365809 -5.693896 -0.456754 -0.823549 -0.160237 -0.076977 -0.318902 -0.568249 -0.324717 -0.031344 -0.022193 -0.424263 -5.979524 -6.778863 -7.038680 -6.558900 -6.310987 -0.026434 -0.007190 -0.005515 -2.281917 -1.415238 -0.012624 0.053246 0.612753 0.504671
2.934710 -2.059504 4.540527 -0.945626 0.371346 1.963269 4.947084 5.580339 2.693264 6.486865 6.036300 5.377597 4.655422 3.717347 2.736414 1.751044 1.076031 0.718195 1.043141 1.996266 3.039745 3.936086 4.864201 5.240480 5.532471 2.315275 4.594619 3.767600 2.894533 2.033664 0.401260 -0.331065 0.067350 -0.055557 -0.635551 -0.571577 -0.570668 -0.854527 -0.416365 -0.044942 -0.055504 -0.107059 -0.267746 -0.526779 -0.328454 -0.023861 -0.015671 -5.309861 -6.583453 -7.011950 -7.572980 -7.468497 -6.728863 -0.009222 -0.004663 -0.005277 -0.008927 -0.020180 -0.016522 -0.009510 -0.009117 -0.010666
-1.143398 -0.454858 0.121723 0.387090 3.454484 4.468631 2.822628 0.325507 2.763585 6.297104 5.705457 5.006873 4.292710 3.539274 2.758351 1.216043 0.595305 0.390513 0.878226 2.026651 3.148988 3.955549 4.179598 4.939540 5.323739 2.241648 4.553508 3.739123 2.896760 2.043154 1.237577 -0.407024 -1.091557 -1.406520 -1.609029 -0.620381 -0.741668 -0.077890 0.313115 0.537051 0.228417 -0.041253 -0.469988 -0.452888 -0.048004 -0.393731 -5.218004 -5.923718 -6.769889 -7.242128 -7.837226 -7.955939 -7.182764 -5.631858 -0.349320 -5.061363 -4.763154 -0.027176 -0.029698 -0.008097 -0.008402 -0.009451
1.023974 -0.055431 0.488377 2.848574 3.793723 4.625187 5.275999 2.120225 3.096276 6.022218 5.331040 4.565653 3.840558 3.113703 2.351230 1.415807 0.841867 0.506015 0.497294 1.458524 2.575389 3.436001 3.916742 4.614091 5.085185 5.076081 4.550407 3.782771 2.967130 2.158478 0.495439 -0.189693 -0.763262 -0.278711 -0.562803 -0.648020 -0.531876 0.575934 1.322534 1.344249 0.885569 0.146897 -0.389989 -0.509559 -5.485748 -5.864668 -6.158808 -6.424924 -6.959031 -7.435890 -7.922674 -7.875921 -7.331703 -6.161028 -5.556332 -5.537847 -4.967522 -0.039100 -0.021607 -0.005919 -0.007522 -0.013677
1.746345 2.590865 0.184323 0.698151 3.511826 4.344418 5.175747 5.914348 6.144240 5.632193 4.804062 4.019410 3.378050 1.774718 1.048472 1.652753 0.925936 0.508472 0.170922 0.856478 1.965672 2.995465 4.060832 4.243804 5.550128 4.936224 4.508944 3.776400 3.006001 2.266802 1.591495 0.088139 -0.491592 -0.967595 -1.377449 -0.427119 0.116869 1.135299 1.413864 1.367427 0.825618 -0.033072 -0.472927 -0.585989 -5.756118 -6.321889 -6.872323 -7.062791 -7.257010 -7.570207 -7.126554 -7.001334 -6.859448 -0.445121 -0.471964 -0.146007 -0.012998 -0.016477 -0.011724 -0.007290 -0.005918 -0.007835
2.435132 2.995089 0.256862 0.911200 1.729616 4.534478 0.985035 1.915638 5.958003 5.305162 3.223934 2.465947 2.948917 2.438061 1.944110 1.039471 0.148353 -0.045018 -0.044896 0.443608 1.592295 2.595543 1.573883 4.048190 5.156359 4.796488 4.479266 3.834755 3.106871 2.407003 1.784944 0.312537 -0.266020 -0.838870 -1.246907 -0.034198 0.704040 1.336851 1.435237 -1.053170 -0.967151 -1.182901 -0.485828 -0.827372 -5.649152 -6.653897 -7.220644 -7.711927 -7.745062 -7.316963 -7.046274 -6.809516 -0.022034 -0.462317 -6.016176 -5.943960 -6.061956 -6.189798 -5.964257 -5.801948 -6.003155 -6.079639
-0.559895 0.137089 0.885980 1.563355 3.970207 4.672866 5.141788 5.695550 5.780157 5.077949 3.068183 2.294724 1.656463 2.478614 1.777907 0.914410 -0.030159 -0.109721 -0.155846 0.052880 1.132828 2.096062 1.324078 2.161659 4.284654 4.620208 4.457167 2.866423 3.294864 2.615288 2.018585 1.456129 0.015973 -0.484514 -0.950318 -1.558159 1.910189 2.063379 -0.841241 -0.606033 -0.767063 -0.040094 -0.487666 -0.690704 -5.685080 -7.018391 -7.681529 -8.074389 -7.810191 -7.282502 -6.914522 -6.612209 -6.285634 -6.369005 -6.438266 -6.716184 -6.986302 -6.766117 -6.581025 -6.601635 -6.846750 -6.947504
-0.671824 -0.102452 0.520312 0.943654 1.365014 4.054419 4.824297 5.640630 5.589802 4.849972 3.927017 2.179952 2.235841 2.026772 1.605227 0.870904 -0.008645 -0.049589 -0.039401 0.667334 1.767086 2.462870 3.007826 1.651854 3.909012 4.375020 4.384374 2.924232 3.532969 2.901363 2.347631 1.824176 1.295174 -0.124229 -0.637255 -0.155197 -3.465110 -1.188145 -0.349336 -0.419213 0.375006 -0.072936 -0.495465 -0.521801 -5.753913 -6.973049 -7.555780 -7.861639 -7.901702 -7.514242 -7.117548 -6.938984 -6.606665 -6.565499 -6.761733 -7.064294 -7.142819 -6.990013 -6.825069 -6.391213 -6.331175 -0.446121
5.067386 -2.364334 -1.310375 -0.194587 0.440327 3.587926 4.906856 4.072702 5.381690 4.569356 2.610182 1.828642 1.619969 1.319275 1.065347 0.502890 -0.039176 -0.050355 -0.045707 0.472455 1.488265 1.877396 2.173650 1.442750 2.148755 2.826295 4.242451 4.117402 2.559322 3.226514 2.788407 2.298196 1.751216 1.287600 -0.492010 0.195174 -0.939529 1.142439 1.040449 -0.229447 -0.011850 -0.398149 -0.795988 -1.013010 -5.987283 -6.509550 -6.712704 -7.087806 -7.452411 -7.491158 -7.379297 -7.176446 -7.162396 -7.276635 -7.356721 -7.321310 -7.194976 -7.197979 -6.794944 -0.057874 -0.011413 -0.020377
-1.983695 -1.119508 0.730819 1.734820 3.750898 4.059187 5.177444 4.139156 3.897036 4.267323 2.198167 2.669501 1.698370 0.800584 0.243934 -0.039286 -0.243624 -0.413337 -0.468875 -0.043543 0.407499 1.076938 1.728318 2.477332 1.775771 3.780528 3.897018 2.735783 1.033119 0.801314 0.456043 0.022449 2.269946 1.859026 1.421979 -0.010122 1.622087 1.491416 0.299156 0.374286 -0.076834 -0.435918 -0.496150 -0.997608 -5.797424 -0.508959 -0.519394 -6.351640 -6.889990 -7.442247 -7.489962 -7.221641 -7.250781 -7.291054 -7.546165 -7.587744 -7.648974 -7.024236 -0.463252 -0.025471 -0.034319 -0.401281
3.622659 0.920323 4.510555 3.703973 3.490886 4.227178 5.253470 4.130201 4.823989 3.980231 1.961477 1.116434 1.956548 0.858828 -0.040177 -0.388655 -0.360319 -0.515433 -0.561133 -0.072491 0.638245 1.609503 2.216993 2.491296 2.866503 1.908790 2.276723 3.727171 3.859191 1.117257 0.515245 0.433687 0.048321 -0.288716 2.266660 2.146945 1.915305 1.484248 0.883022 0.213296 -0.255925 -0.478076 -0.737285 -0.797385 -0.491037 -0.396261 -5.936335 -6.568433 -7.122287 -7.259453 -7.550607 -7.501454 -7.648339 -7.659410 -7.752915 -7.413465 -6.745093 -6.154132 -0.013256 -0.013954 -0.043900 -0.068379
3.061604 1.368443 3.855068 1.779047 3.718638 4.540431 3.661723 4.968533 4.326694 3.551185 1.775565 1.046551 0.269503 0.967079 -0.041491 -0.338163 -0.317736 -0.347256 -0.550361 -0.031124 1.345768 2.009504 2.217043 2.405291 0.871227 2.786489 3.063238 3.300121 2.484892 3.649984 3.166624 -0.092321 0.630348 0.466555 2.807479 2.415443 1.941818 1.401138 0.118113 0.067501 -0.303515 -0.522876 -0.632974 -0.649342 -0.683166 -0.444168 -5.529588 -6.511361 -7.109818 -7.240166 -7.547311 -7.598914 -7.166502 -7.096407 -6.776230 -0.550637 -0.065813 -0.006775 -0.016273 -0.057960 -0.079024 -0.034700
1.943130 2.642020 3.002610 1.726378 3.689220 4.252023 4.563381 3.256390 3.721678 2.942950 1.208463 2.134820 1.661053 -0.694208 -0.033543 -0.561681 -0.662251 -0.732789 -0.037127 0.466287 0.768857 1.152911 1.589393 2.016814 2.218773 1.180509 1.508020 1.644874 1.897403 2.200962 3.338337 3.462644 3.023292 0.890290 0.688847 2.523302 1.967607 1.389615 0.149542 0.148841 -0.061055 -0.212351 -0.067314 -0.186488 -0.606846 -0.777720 -1.258359 -6.508992 -7.115045 -7.186836 -7.701146 -7.292251 -6.971267 -6.615089 -0.538337 -0.035924 -0.043451 -0.157649 -0.615544 -0.615343 -0.068821 0.279895
0.962525 1.385112 1.776032 1.189130 2.917153 3.391455 2.366891 2.608730 2.085774 1.334897 0.691840 1.018550 0.679645 -0.031277 -0.329927 -0.560719 -0.572337 -0.740785 -0.647625 -0.061736 -0.027075 0.583402 0.957366 1.153898 1.238121 0.742886 0.893309 0.959298 1.207195 1.544255 1.862483 3.115884 3.318233 3.367604 0.847783 2.646391 2.065603 1.498629 0.978759 0.552724 0.366482 0.328665 -1.638636 -1.547924 -1.748077 -0.933321 -1.615303 -6.542622 -7.207090 -7.535364 -7.354012 -6.586346 -6.338290 -0.451957 -0.025630 -0.023985 -0.093966 -0.766585 -0.788216 -0.725758 -0.037936 0.782581
-0.008973 0.406331 0.340468 0.295622 1.225275 2.357813 1.511414 1.897777 2.893992 0.889477 0.748493 -0.035438 -0.168375 -0.386997 -0.313373 -5.226749 -6.015219 -6.284777 -5.670425 -0.232542 -0.033453 -0.050819 -0.028590 -0.004576 0.156502 0.325045 0.533911 0.840410 0.557599 0.934144 1.282836 2.625143 2.969512 3.190211 0.725542 2.744181 2.215783 1.684514 1.184001 -0.173652 -0.675237 -0.872485 -0.912252 -1.060097 -1.498987 -1.063897 -1.672045 -6.374543 -7.196418 -7.051966 -0.468199 -0.481436 -0.455987 -0.011177 -0.125523 -0.697267 -0.559487 -0.593176 -0.736896 -0.745323 -0.451067 0.322849
-0.031168 -0.057496 -0.270956 -0.237778 0.248572 -0.361798 0.655319 2.092070 2.291452 1.706480 0.655223 -0.308951 -0.307251 -0.444450 -5.479378 -6.356216 -6.673863 -6.911242 -6.731618 -5.530041 -0.301574 -0.053873 -0.288491 -0.264954 -0.072178 -0.031644 0.267253 0.590009 0.953281 1.342132 1.728228 2.184208 2.555062 2.918025 -0.034971 1.924134 2.361773 1.862359 1.378325 1.058603 -0.104688 -0.187269 -0.452399 -0.878462 -0.571902 -1.107939 -1.198401 -6.245484 -6.923192 -6.429846 -0.462520 -0.267481 -0.129023 -0.553636 -0.073753 -0.064140 -0.075996 -0.183916 -0.607123 -0.572597 -0.611373 -0.031872
-0.027031 -0.245219 -4.710002 -0.098284 -0.027163 0.971180 0.772712 1.081729 1.416095 1.306431 0.509908 -0.388098 -0.359753 -5.826416 -6.768071 -7.206907 -7.720862 -7.791551 -7.771887 -6.756273 -5.933255 -5.261155 -0.417709 -0.384722 -0.039634 0.055978 0.309036 0.494131 0.752889 1.037695 1.290307 0.891488 2.156433 1.516006 0.450703 1.962434 2.476957 1.180516 0.841895 0.737671 0.571622 0.257067 0.257392 -0.275880 -0.687248 -1.138442 -1.998657 -5.801599 -6.650638 -6.348272 -0.453750 -0.436878 -0.420441 -0.643496 -0.098603 -0.035525 0.136165 0.182660 -0.042534 -0.090959 -0.078840 -0.052227
