geotop_simulations/templates/TEST_Venosta_3D_034_template/rec/VegTemperature0000.asc
ncols         252
nrows         194
xllcorner     598250.000000
yllcorner     5144500.000000
cellsize      250.000000
NODATA_value  -9999.0
[rows 108 to 134 of 194, columns 62 to 123 of 252]
1.359720 0.988877 0.857707 1.008541 -0.504386 -0.537458 -0.894049 -1.421726 -1.310032 -1.161753 -1.234164 -0.825240 -0.210680 -0.114076 2.202406 2.601974 3.800782 4.929417 5.394625 1.732938 2.447540 2.830389 2.764521 7.456106 8.302872 9.895257 8.945986 7.151042 9.139627 8.434670 6.138886 6.079419 6.007625 5.927285 5.842327 9.859956 8.434922 9.819630 9.664590 7.727078 7.436278 7.116996 4.958527 4.769703 4.529676 4.156849 4.149447 6.402426 6.471024 6.455221 6.323511 6.768685 4.999885 6.290280 6.064229 5.864780 3.787717 3.650249 5.359157 5.180254 5.010331 4.806186
1.292208 0.805268 0.414446 0.444861 -0.856644 -0.725900 -0.955179 -1.597649 -1.952212 -1.964692 -2.147017 -1.012248 0.170456 0.263387 0.099120 2.850780 3.789629 4.885311 1.343497 1.439215 2.119564 2.928843 7.124254 7.704333 8.373503 8.648281 8.655936 8.921579 9.096943 8.400847 6.136617 6.083946 5.457861 5.436417 5.412790 7.970630 8.154217 9.757705 9.731477 9.764280 5.960350 4.062129 7.409488 5.326394 5.104643 4.787467 4.768740 7.010559 7.047151 7.025637 4.834630 8.853433 5.187638 6.791201 6.711966 6.509427 6.313257 6.228679 6.089592 5.936557 5.803650 5.604213
1.371345 0.875022 -1.164337 -1.235000 -0.914349 -0.949104 -1.313265 -1.854332 -2.348925 -2.716470 -2.461362 -0.725141 2.592050 2.819325 3.061580 3.360442 4.000031 0.975161 1.370508 1.223963 2.320772 7.049779 7.384644 7.627842 7.962946 6.167515 5.915543 6.509806 7.122961 6.399274 6.132960 6.108269 8.538927 8.423895 8.106685 5.454055 5.433964 5.422151 5.320635 5.269000 5.194642 5.029432 2.853180 2.742111 4.621477 2.422436 2.362219 2.385568 5.250442 5.221505 5.225767 6.456069 4.757090 5.214592 5.282431 7.084037 6.966637 6.895986 6.786415 6.672273 6.593268 6.430305
1.373137 0.930470 -0.854623 -0.990158 -0.925092 -1.173528 -1.848970 -2.290161 -2.370619 -2.365608 1.377627 2.515099 2.973639 3.101730 3.586266 4.188456 0.302872 0.614003 1.507026 6.237838 6.660464 6.861923 6.998311 7.102281 7.328399 7.761046 8.030019 8.518920 8.973683 7.195385 7.010734 7.065465 8.904938 8.794962 9.263963 5.972348 5.283841 5.317286 5.448010 5.354492 5.250904 5.107679 5.033349 4.919100 4.789067 4.726068 4.681784 4.654274 4.660326 5.300257 5.304026 4.534368 6.835907 6.846675 4.555239 4.537568 4.506983 4.457484 4.414665 5.187276 5.199231 5.076386
1.158702 -0.703190 -0.955466 -0.923519 -1.048220 -1.463390 -2.183884 -2.554216 -2.010222 -1.116612 0.143686 2.685037 2.816359 2.985312 3.657172 4.250540 4.504634 5.243149 5.906008 6.171801 6.237471 6.267677 6.296480 6.472718 6.912466 7.396309 7.784577 8.248165 8.787406 7.143005 7.086275 7.032143 8.875983 9.465833 9.321206 5.259893 5.671596 5.584591 5.500422 5.417798 5.290886 5.175136 5.107595 5.001708 4.896630 4.827655 4.780131 4.716715 4.690233 4.688551 4.675481 4.655485 6.924700 6.959032 4.658241 4.636284 4.656237 4.657994 4.665325 4.639109 4.621393 4.553838
0.869672 0.521676 -1.174071 -0.968523 -1.233149 -1.903118 -2.516293 -2.623866 -1.317087 -0.111895 2.145415 2.288553 2.154586 2.403803 3.022166 3.603666 4.573711 5.272308 5.590482 5.653477 5.607087 5.593790 5.618403 6.011999 6.543454 6.938497 7.384471 7.854242 6.298324 7.029801 10.106490 7.008447 6.969682 9.298503 9.303724 5.788596 5.678306 5.614623 5.526834 5.444087 5.334681 5.207820 5.111944 5.023440 4.934624 4.852884 4.790983 4.738472 6.986519 4.722004 4.729144 6.994306 6.994276 7.033714 4.749546 4.722285 4.762561 4.787352 4.795633 4.791354 4.758424 4.742324
-1.383230 -1.440627 -1.402929 -1.243792 -1.529060 -2.286620 -2.779156 -2.279028 -0.560520 0.223849 1.765393 1.605767 1.694380 2.324713 3.271103 3.976558 4.662970 5.006088 5.093599 5.077546 5.004589 4.903489 5.054602 5.690293 6.154007 6.503471 6.956161 7.452269 5.873914 6.749108 7.174408 9.208201 9.247598 9.240090 9.219574 5.387339 5.698051 5.635392 5.554203 5.447087 5.360294 5.241021 5.121552 5.046659 4.971825 4.888069 7.055890 7.002151 4.692511 4.739733 4.754707 4.729409 4.738693 4.774570 4.790449 4.782753 4.818360 4.845233 4.855691 4.850056 4.838734 4.819421
-1.852030 -1.695226 -1.732814 -1.917822 -2.364400 -2.461678 -2.470451 -1.494435 -0.192320 1.487126 -0.597781 -0.718467 1.908636 2.730003 3.500272 3.953000 4.380526 4.622388 4.626955 4.550027 4.445552 4.353748 4.826262 5.473157 5.824550 6.159773 6.503329 7.113395 5.657660 6.459314 7.068518 6.973338 9.213170 9.273159 9.299766 6.051888 5.726084 5.639165 5.562575 5.470872 5.360573 5.234362 5.120700 5.048331 4.990136 4.921386 7.044930 6.976915 4.672246 4.717392 4.761024 4.754478 4.750678 4.761163 4.775246 4.798302 4.819845 4.833036 4.847887 4.856597 4.860914 4.844876
-2.193487 -1.892949 -2.079936 0.185612 0.890412 -2.450455 -1.950548 -0.998223 -0.321948 -0.537268 -1.118837 -0.394977 2.197794 2.808096 3.303448 3.630199 4.032147 4.296649 4.278557 4.168290 4.045965 4.113815 4.753296 5.286712 5.567667 5.782175 5.959436 4.577100 5.538841 6.169579 6.946299 6.891147 9.067238 9.245335 4.971177 4.182917 3.589654 5.617082 5.556299 5.464320 5.309645 3.080599 2.998616 2.919435 2.881394 4.918924 4.704013 4.573136 4.597377 2.548483 2.619491 2.632724 2.630010 2.614754 2.602650 2.625392 4.816559 4.767983 4.564280 4.620122 4.769274 4.794530
-0.033156 -2.056834 -0.040813 -0.028991 0.038776 -2.310191 -1.667305 -0.888824 -0.733554 -1.237985 -0.916939 0.060365 2.211166 2.592792 2.918176 3.182279 3.687175 4.100939 4.146034 4.075831 3.993471 3.991568 4.455488 5.036560 5.266426 5.143457 5.721793 4.518993 5.077277 8.230074 6.950974 9.703229 7.070795 5.091373 5.014906 4.900359 4.789404 3.907825 3.861009 4.506374 4.348307 4.149965 3.952912 5.102594 4.772255 4.785399 4.570190 4.674367 2.266840 2.193062 2.250076 2.315996 2.365719 2.394057 2.436917 3.520871 3.665132 7.369574 7.076385 7.088631 7.366950 4.545144
0.364104 0.090907 0.247388 0.333097 0.483755 -1.948933 -1.585048 -1.096901 -1.134423 -1.230449 -0.407670 0.316302 0.678057 2.249615 2.435972 2.672367 3.373915 4.032054 4.283507 1.691805 4.327568 3.875665 3.859686 4.905800 5.183971 0.949385 5.655452 6.954723 7.847127 8.562830 8.834529 7.147014 6.898508 8.513440 4.864122 4.701516 6.541418 4.623573 6.336030 6.225634 6.049516 5.774279 5.503297 5.311977 5.261649 5.264381 5.158109 5.092366 6.953891 6.790744 6.737101 6.834778 6.914671 6.958124 3.235258 7.215220 3.209905 3.130929 2.551420 1.988163 2.477851 7.154740
-1.820533 0.415259 0.737654 1.058309 1.322172 -1.588808 -1.384677 -1.282837 -1.170438 -0.965256 -0.284124 0.188463 0.301808 0.365898 0.464498 2.766031 3.486059 4.186373 1.329801 1.844414 1.580190 1.450744 0.718193 1.765525 1.831464 4.994228 6.891627 7.951293 8.499186 8.695438 7.016389 6.813899 8.337230 8.234917 8.282686 4.618517 6.425457 6.277066 5.970825 5.936770 5.664674 5.285842 5.118866 4.992954 4.848879 4.696804 4.775908 6.760315 6.511389 6.260892 6.088007 6.139924 6.083971 6.020429 6.734855 6.831357 2.823094 2.643751 6.065225 5.867652 6.357582 6.589703
-0.029634 0.605237 1.206653 1.808075 -2.347202 -1.396824 -1.060615 -1.149430 -1.206943 -0.993955 -0.549023 -0.338439 -0.264511 0.054243 0.666503 3.105782 3.758470 4.450384 1.211075 5.485894 1.727774 1.152684 -0.067125 -0.009509 2.365738 7.201506 8.240409 8.462094 6.830824 6.899961 8.286492 6.400060 8.034433 7.963153 7.937451 6.212973 6.088573 5.758865 7.223968 5.435475 6.919086 4.702191 6.581479 4.589404 4.460034 6.221637 6.181691 6.256208 6.020873 5.672685 5.462328 5.446531 5.191964 5.034047 6.075922 6.260993 6.030817 5.813282 5.419438 5.343662 5.812496 5.897941
0.112379 0.716046 1.511128 -2.784350 -2.362667 -1.166381 -0.903439 -1.056745 -1.187759 -1.174284 -1.094573 -0.963741 -0.552368 2.121550 2.816549 3.411485 4.065345 4.736732 5.215570 5.837771 1.830588 0.978626 1.000174 3.442014 7.758188 5.516798 8.449206 8.243854 6.552014 8.060615 7.863170 6.082086 6.017571 7.532482 5.802595 5.780918 5.531901 6.824289 6.586800 6.469331 6.249972 4.161146 5.988116 5.909173 5.808735 5.591329 5.361368 5.684900 5.584615 5.120422 4.820042 4.719750 4.348023 4.441837 5.513845 5.583606 5.422862 5.309821 4.869717 4.805142 5.163996 5.194960
0.020928 0.416032 -2.575189 -2.724562 -2.077587 -1.090099 -0.799160 -0.889035 -0.932871 -0.862362 -0.967893 -1.149600 1.732122 2.518298 3.206184 3.841062 4.371432 4.879574 5.415131 5.929823 1.650916 2.676539 4.762446 8.097267 8.315493 6.795538 6.648581 6.311191 7.741401 7.610903 7.412352 7.221543 7.126699 7.094633 6.997959 6.787174 6.490514 6.184939 5.994095 5.750416 5.544475 5.458888 5.365353 5.200236 5.079822 4.931921 4.510410 5.021095 5.205598 4.738958 4.269094 3.988067 3.610332 4.102731 4.987762 4.937192 4.778270 4.776995 4.421277 4.268247 4.518001 4.557041
-0.030933 -0.028657 -2.489559 -2.068047 -1.808205 -1.306481 -0.630713 -0.549806 -0.640773 -0.329253 -0.399533 -1.129683 2.051531 2.859036 3.719747 4.385195 4.791671 5.179230 5.482044 1.431452 1.534313 2.857223 6.402207 8.302349 6.591720 6.490689 6.295545 7.433468 5.878375 5.772390 6.915240 6.666322 6.606736 6.662603 6.471298 6.150218 5.810190 5.581233 5.376833 4.980038 4.784171 4.834168 4.662914 4.425354 4.309554 4.235530 3.645422 4.144960 4.835829 4.448456 3.880593 3.378959 2.998218 3.738705 4.422245 4.366389 4.205706 4.201742 3.948451 3.758780 3.907331 3.987332
-0.034000 -0.029163 0.801432 -2.009631 -1.923468 -1.774874 -0.623878 -0.215746 -0.220849 0.240783 0.099737 -0.482189 0.202963 3.591723 4.537714 5.063987 1.644340 1.998155 1.898619 1.734691 1.862363 5.953273 8.271898 6.529392 6.404610 6.175816 7.277162 6.989077 6.748994 6.562822 6.338938 6.080263 6.088462 6.135425 5.896197 5.494753 5.167833 4.991851 4.721835 4.221205 4.062178 4.187932 3.898621 3.665336 3.586544 3.503885 2.901894 3.251202 4.429795 4.193973 3.591792 2.923684 2.532632 3.290427 3.836858 3.810144 3.623428 3.566271 3.395789 3.290492 3.423127 3.539434
-0.302773 -0.002955 1.277410 2.569205 -2.227552 -1.916933 -0.601008 -1.434270 -0.981753 -0.567759 1.016876 1.185287 0.073497 0.914993 5.380896 5.809289 2.455742 2.789442 2.684434 2.325131 3.018048 4.601356 8.173164 6.323449 7.487140 7.151046 6.831896 6.529832 6.232816 5.990441 5.720211 5.548233 5.543033 5.563987 5.334059 4.846413 4.510528 4.383466 4.070139 3.568369 3.425840 3.513565 3.195274 2.999068 2.929954 2.761789 2.319503 2.506219 3.969382 3.934759 3.293556 2.573420 2.313711 2.783915 3.169702 3.196520 2.980277 2.912248 2.849429 2.854504 3.036345 3.102021
-0.059410 0.359696 1.488593 -2.667663 -1.720062 -0.774182 0.265485 -0.934634 -0.495393 0.086874 0.551918 0.843601 4.482505 5.041213 5.559779 5.955839 6.344746 6.770762 2.956967 2.946997 7.907059 8.206370 7.958576 7.426791 7.085880 6.775778 6.393481 6.032372 5.656936 5.361201 5.104119 4.992597 4.922511 4.961277 4.758809 4.205011 3.812060 3.773101 3.468895 3.027694 2.798160 2.793253 2.578785 2.362940 2.241092 1.979584 1.397903 -1.548738 3.527585 3.636823 2.999101 2.328526 1.984998 2.162788 2.497604 2.540768 2.314679 2.215588 2.271498 2.362446 2.544533 2.548083
-0.058928 -0.031097 0.281875 -1.804155 -0.950122 0.016983 0.732995 1.024697 1.444297 2.074670 3.759248 4.069252 4.442193 4.896549 5.332166 5.693682 6.118903 6.684623 2.923560 3.512925 8.164223 8.085583 7.622099 7.079399 6.655447 6.339637 5.949484 5.508650 5.046358 4.743058 4.529748 4.419428 4.286679 4.378416 4.217295 3.649569 3.228602 3.234362 2.943588 2.516326 0.814423 2.078892 0.891174 1.746829 1.513341 -0.579705 -2.760932 -2.064833 1.319252 3.310145 2.676145 2.011829 1.457968 1.471267 1.919393 1.907181 1.627184 1.470741 1.638503 1.825661 1.933225 1.877947
-0.694726 -0.614019 -0.058623 -1.392829 -0.615171 0.121953 0.556937 0.702466 1.237501 1.708570 3.356396 3.581849 3.939465 4.496963 5.063963 5.449750 5.910381 2.744456 2.699524 3.799782 8.177916 7.816891 7.207704 6.672131 6.150443 5.822209 5.476433 4.953476 4.433992 4.126079 3.937675 2.566496 3.688560 3.893443 3.741827 3.178995 2.798291 1.625503 2.465858 2.012909 0.300706 1.470465 0.490241 1.187338 -0.352690 -1.386146 -3.485195 -1.654324 1.091719 2.890356 2.275268 1.589201 0.931229 -0.962790 -0.102861 -0.014385 0.959414 0.822028 -0.429404 1.172942 1.172172 1.002870
-0.074159 -0.056492 -0.030909 0.517662 0.926416 -0.242242 -0.115487 0.037880 0.584089 0.591908 2.794253 3.537136 3.987981 4.559377 5.202574 5.557907 6.137150 3.219279 3.016701 7.902048 8.024512 7.450776 6.696640 6.118606 5.583878 5.242691 4.912360 4.381245 3.847765 3.498360 3.321734 3.227084 3.131031 2.229354 3.308419 2.788565 1.149497 2.314149 2.008010 1.551642 -0.048758 -0.045262 0.091525 -0.269246 -1.081085 -2.328899 -3.233835 -0.859274 0.925326 2.448498 1.814774 1.107409 0.410739 0.409115 -0.691769 -0.524674 -0.776401 -0.031429 0.061148 1.239466 -1.316709 -1.804044
-0.227935 -0.031571 0.840212 1.831882 2.665068 -1.356123 -1.545912 -1.311917 -0.337744 2.503133 3.412477 4.271559 4.827332 2.157324 2.962439 3.171901 6.919316 7.409870 3.391519 8.011250 7.816581 7.092488 6.214700 5.545374 4.998456 4.590689 4.278549 2.832592 2.311342 2.873742 1.609646 1.232350 1.077690 1.765473 1.816885 1.287384 0.815602 1.870272 0.617830 1.220736 -0.261870 -0.438080 -0.390893 -0.868424 -2.103250 -3.308346 -2.690961 -0.513815 0.700061 1.920642 1.220716 0.385061 0.183512 -0.021084 -1.151776 -0.027430 -0.038451 -0.031951 0.619378 1.740628 -1.961559 0.532891
-0.695590 -0.061381 0.403453 1.812857 3.174732 -1.589396 -2.096519 -1.612286 2.566806 3.312702 4.267860 5.016687 5.681881 3.320881 6.539183 6.822578 7.103546 7.455198 3.644411 7.997810 7.600659 6.741174 5.789076 5.023269 4.408809 3.970241 3.634452 2.303385 1.816001 1.400611 1.337773 1.746139 0.766140 1.280000 1.436406 1.019676 1.136131 0.267449 1.063113 0.780478 0.785066 1.106604 1.798108 -1.419641 -2.237256 -2.588160 -1.534594 -0.384216 0.415720 1.419335 0.674482 -0.030233 -0.038358 -0.048294 -0.042292 -0.295250 -0.209893 0.015624 1.142449 -2.340088 -2.548911 -3.025989
-0.550480 0.028195 1.139217 -2.115625 -1.309687 -0.458139 -0.001925 0.955316 2.090329 2.688483 5.023507 2.559065 3.176647 6.044714 6.201970 6.483737 6.836247 7.366151 4.019710 4.836106 7.477101 6.508645 5.483290 4.626262 3.929474 3.409697 2.067850 1.696568 1.331832 0.838591 0.843167 1.046132 0.405953 0.754966 0.912304 0.575667 0.505029 -0.321729 -0.145953 0.681432 0.924520 1.293730 -1.357405 -1.265153 -1.568939 -1.705954 -1.105873 -0.393240 1.886589 -0.423110 0.269934 -0.029899 -0.100496 -0.090180 -0.065177 -0.492555 -0.063385 0.382323 1.423646 -2.542292 -2.683097 -3.077872
-0.388607 0.419519 -2.317767 -1.620143 -0.547839 0.440634 2.699256 3.416248 4.107527 4.581307 5.124930 5.445792 5.577247 5.611411 5.650952 6.130207 6.631180 7.381655 4.520808 8.082823 7.463209 6.478951 5.409874 4.468440 3.670468 3.007309 2.010670 1.404297 0.880560 0.547072 0.317167 0.373563 0.741241 0.964824 0.213276 -0.024514 0.340933 -0.030364 -0.027349 0.162043 -0.013324 -0.013977 0.538678 0.867164 1.272687 -1.282869 1.502274 1.601943 1.076463 -0.955925 -1.406795 -1.698639 -0.012939 -0.560364 -0.124682 -0.033551 0.413547 1.240129 2.271075 -2.888330 -2.841008 0.182582
-0.046056 0.122351 -1.367199 -0.627390 0.155015 0.809047 1.297623 1.912577 3.922368 3.224596 4.944703 5.165941 5.085324 4.724501 2.053538 2.581670 6.178317 7.533329 4.544543 8.075245 7.491435 6.537124 5.479969 4.538997 3.679875 2.886179 2.280691 1.807463 0.889301 0.347966 -0.032186 -0.035306 -0.029109 0.098922 0.175402 -0.025214 -0.049509 -0.160937 -0.044745 -0.019005 -0.011628 -0.009484 -0.020845 -0.027477 -0.024625 0.363646 0.290287 0.309516 -0.012233 -0.008335 -1.573779 -0.294310 -0.022786 -0.017565 -0.031707 0.580306 1.422390 2.265673 3.137987 -2.851246 -2.778186 -3.315939
