geotop_simulations/templates/TEST_Venosta_3D_034_template/rec/VegTemperature0000.asc
ncols         252
nrows         194
xllcorner     598250.000000
yllcorner     5144500.000000
cellsize      250.000000
NODATA_value  -9999.0
[rows 81 to 107 of 194, columns 62 to 123 of 252]
6.368210 6.473932 6.426828 6.447038 6.393266 2.516173 2.216229 1.629933 4.284511 4.475443 4.439210 5.947999 6.914535 6.945855 6.912143 7.950668 6.330582 10.039925 9.275938 5.002373 8.111095 7.480336 6.971930 6.494319 5.986726 5.450808 5.021512 4.752187 4.375570 3.891360 3.463396 2.982894 1.035736 0.469785 -0.258424 1.742640 2.066767 2.350205 2.593590 0.300439 -0.832162 0.309508 4.981858 4.598596 3.898639 3.124121 2.312549 1.552236 0.792029 -1.300101 -2.242648 -2.403688 -2.176675 -2.174004 -2.447646 -2.907728 -3.415153 -6.031766 -5.937392 -5.797232 -0.109932 -0.003870
6.162479 6.751442 2.749302 2.701740 2.224103 2.635419 4.327565 4.181874 5.358295 5.857405 7.315102 6.120989 6.940318 6.997719 7.434042 8.044189 6.341644 10.143808 9.537884 5.211907 8.495614 7.959898 7.529821 7.078904 6.651748 6.135432 1.924045 1.752487 1.587220 4.565803 4.032468 3.475783 3.020512 1.114969 0.331739 2.076574 2.421513 2.813413 3.212193 -1.209284 -0.306194 1.093671 5.004148 4.378753 3.602251 2.836236 2.042663 1.275680 0.559551 -1.458160 -2.443298 -2.963104 -2.658407 -2.240070 -2.441114 -3.063199 -0.012504 -0.006959 -0.008376 -0.043076 -0.014953 -0.004646
1.916168 3.420779 7.077666 7.386932 7.474055 4.961271 5.615771 5.873496 9.125680 5.930699 7.215258 8.077019 6.928401 6.995485 8.205282 8.103183 12.497384 12.366163 9.797731 5.367095 4.872384 4.530241 8.141663 7.718945 7.353466 6.797970 6.250715 5.975375 2.164523 5.081245 4.478054 3.907170 3.523442 3.224237 0.832921 2.394141 2.643414 3.324382 -0.894196 -0.792396 0.641726 5.251022 4.858084 4.173756 3.388759 2.645151 1.868007 1.056788 -0.895152 -1.500664 -2.260583 -3.085113 -2.908230 -2.504117 -2.548592 -3.118705 -0.100598 -0.012738 -0.006419 -0.472267 -6.084538 -6.449134
4.663387 5.649566 3.742588 4.493530 4.871188 5.283225 8.564993 8.850508 8.847741 5.353645 9.533298 7.696382 6.849043 6.923307 8.163310 8.168905 12.493472 12.430331 12.303023 5.591059 5.223404 4.966000 4.696703 8.305412 7.899207 7.386795 6.899498 2.920498 2.611399 5.466542 4.899112 4.359749 3.985260 3.679864 3.171956 2.723340 2.828422 -0.546216 -0.272029 0.226708 1.447683 5.216169 1.144873 0.744185 3.308463 2.547386 1.742595 0.918114 -1.143992 -1.516032 -1.999057 -2.846018 -3.025312 -2.854265 -2.934543 -0.003436 -0.003554 -0.004212 -0.009144 -0.459624 -6.132166 -0.296755
3.826545 5.035627 3.476768 6.976340 7.338082 7.704527 5.585105 8.261877 8.300307 8.349340 8.415939 6.484474 6.629073 6.828900 6.907653 8.176369 12.428193 12.333252 12.256280 12.089910 5.503270 5.238967 5.007669 4.706915 4.419538 4.225288 7.528839 3.374055 2.981587 2.513111 5.339086 4.830243 4.432413 4.094687 3.523912 2.995210 3.012245 4.413980 0.700083 1.366380 5.585969 5.082669 0.995437 0.659892 1.782391 1.057853 0.257936 -0.540208 -1.232280 -1.592307 -1.904899 -2.565975 -3.115730 -0.004148 -0.005385 -0.026195 -0.599019 -0.605773 -5.778202 -6.212192 -0.006109 -0.005700
4.140198 5.210280 6.122189 6.430136 6.665141 7.051134 7.408581 7.488168 7.456475 7.547580 7.542012 8.502163 7.070666 6.690194 6.856044 6.896194 6.780232 6.677840 7.902549 12.139801 5.685007 5.396709 5.218784 4.993258 4.770305 4.708531 7.976814 3.736102 3.320453 2.847597 2.530289 5.290981 4.876667 4.514234 3.893055 3.226990 3.880549 5.117670 5.585093 1.952682 1.921530 1.299682 4.470060 3.913815 1.647806 0.907498 0.232404 -0.513857 -1.147751 -1.628364 -1.965594 -2.489975 -0.005857 -0.006968 -0.017588 -0.382424 -5.684159 -6.077782 -6.071620 -0.009025 -0.006814 -0.010296
4.628891 5.103223 5.473848 5.657165 5.910246 6.317171 6.648308 6.740636 6.664772 6.761526 7.230922 7.491627 9.014155 6.818529 6.779698 6.837510 6.781489 6.709915 6.662671 5.952499 5.922218 5.635533 5.339977 5.193937 4.971161 4.969474 6.451439 5.884955 3.663473 3.182695 2.936841 4.106293 3.620675 3.015723 4.386290 3.978357 5.011838 5.710267 1.709346 5.978259 5.559449 4.957158 4.443103 3.790873 3.001275 2.317204 1.746159 -0.516526 -1.155726 -1.600968 -2.070220 -2.559004 -0.007611 -0.011197 -0.015265 -0.035973 -5.893849 -5.967054 -0.016268 -0.007849 -0.008178 -0.012508
4.257117 4.461367 4.636356 4.793929 5.223441 5.741678 6.037881 6.243181 6.285242 6.295821 6.788078 6.705838 8.111794 7.155187 6.719052 6.812515 6.792033 6.718537 6.671879 7.880576 6.142612 7.873611 7.304938 7.066251 5.031099 5.145905 5.021341 6.316610 5.750198 5.167581 4.875288 4.473775 3.897574 3.302035 1.303494 0.912606 5.560117 5.948514 6.165680 6.010208 5.467978 4.912343 4.332709 3.573627 2.796776 2.135659 1.487403 0.829711 0.183846 -1.671727 -0.022420 -0.019429 -0.017992 -0.018663 -0.024524 -0.030654 -0.028655 -0.009662 -0.013281 -0.009636 -0.011905 -0.037749
3.641998 3.662972 3.776492 4.027193 2.679682 5.595982 5.905833 6.140908 6.217596 6.162093 6.524090 6.448846 7.821085 12.297405 6.792837 6.749490 6.765424 6.725846 6.666796 7.057563 6.178353 6.090950 7.362335 7.038737 5.109842 5.327915 5.278967 4.919773 6.157161 5.569746 3.586046 3.166763 6.291126 2.230047 2.129911 6.055289 5.929524 6.214358 6.305195 5.928673 5.347492 4.788594 4.172069 3.376391 2.685618 2.023404 1.245096 0.538217 -0.070137 -1.868015 -0.316549 -0.678167 -0.704063 -0.027849 -0.029397 -0.031916 -0.027550 -0.029170 -0.025897 -0.017099 -0.029275 -0.024596
3.344947 3.385886 0.818558 1.152852 2.387580 3.407935 3.937152 4.003714 6.472225 6.440703 6.630978 3.314791 5.296769 12.410829 6.999974 6.736977 6.745434 6.718969 6.649704 7.079360 11.943059 5.972622 5.754520 5.459907 5.309511 5.445263 5.481344 5.228511 4.819484 4.363921 3.922854 7.161388 6.888875 6.778102 6.675651 6.658760 6.648879 6.615515 6.287537 5.721577 5.137158 4.525359 3.967284 3.313069 2.645767 1.946927 1.127918 0.329340 -1.616596 -2.031631 -0.588154 -0.720557 -0.627893 -0.289177 -0.137085 -0.031827 -0.052165 -0.149444 -0.350004 -0.042926 0.101873 0.835267
3.550731 1.767175 0.570038 0.586930 2.184469 3.162467 3.925884 3.976796 3.636085 3.391467 3.891764 5.236349 12.616023 7.454966 7.750062 7.059077 6.705785 6.709487 6.664934 7.108850 11.773348 5.868391 5.854560 5.712092 5.550316 5.537759 5.616155 5.477255 5.180749 4.765851 4.306930 3.497767 7.321720 7.461600 7.364426 7.265984 6.995541 6.626698 6.061691 5.416439 4.816067 4.138162 3.680181 3.255865 2.633210 1.898447 1.050117 0.184028 -1.688712 -2.058326 -0.647802 -0.551297 -0.042762 -0.032118 -0.029616 0.050564 -0.028499 -0.041893 -0.095067 -0.028954 0.937801 1.523096
1.271608 2.144929 1.376647 0.794020 5.720503 6.398625 6.859394 7.100142 3.856644 4.271255 5.485654 4.437093 4.465197 6.940795 7.231033 7.717554 6.997069 7.042555 7.028389 7.850067 11.664680 11.611706 11.528461 11.467146 5.684212 5.625976 7.493689 11.195981 5.472523 5.145821 4.547664 7.877629 3.768734 8.036120 7.815391 5.529565 6.763479 4.576229 3.990031 3.390590 4.485511 3.814319 3.285608 2.898174 2.365253 1.718848 0.912415 0.037968 -1.670541 -0.402631 -0.448442 -0.035654 -3.944101 -3.671515 -3.453428 -3.498818 -3.434595 -3.080421 -0.031912 0.326267 1.495489 -5.023175
3.393157 1.955036 2.022330 1.762486 6.539428 7.021557 7.227988 4.258724 4.877342 5.471175 4.051281 3.048889 4.237468 7.347181 7.345833 7.375086 5.516817 7.705893 7.707150 7.664383 7.693773 7.771456 7.789627 7.684355 7.692376 5.619554 7.411963 7.417323 10.986558 5.387498 10.696907 4.532295 8.393025 8.156697 6.025334 5.290655 4.583306 5.806612 5.236058 4.633871 4.074759 3.504336 2.912591 2.331711 1.801775 1.359929 0.724074 -0.077738 -1.672719 -0.071487 -0.031284 0.362811 -3.728661 -3.613881 -3.179362 -3.034235 -2.990974 -2.548838 -2.358632 -3.173966 -5.763601 -4.244958
3.807924 4.538660 1.911610 2.427337 7.024005 7.517397 7.829546 5.079042 3.329742 2.369318 3.838859 4.153460 4.471245 9.244827 9.129629 4.219480 6.817453 7.327672 7.438395 7.390105 7.436432 7.598070 7.690364 7.621438 7.430516 7.322345 7.084843 7.024829 7.017371 10.868371 10.611045 8.806712 4.865764 8.023550 5.784072 5.076714 6.035409 5.408315 4.811042 4.178663 3.547310 3.069763 2.546204 1.838358 1.209327 0.862609 0.443391 -0.175033 -1.767018 0.422185 -2.942038 1.160858 -3.293054 -3.587065 -3.035180 -2.570715 -2.293437 -2.009040 -1.983090 -2.761308 -4.850819 -3.203196
4.665455 5.022329 5.898029 6.721308 7.268682 7.839582 8.235683 2.968132 3.194441 8.679179 8.614044 8.489623 8.465823 8.393506 8.248325 8.114064 8.320399 4.393757 4.994886 5.001571 7.139088 7.338637 7.525281 7.172152 6.526267 7.258912 7.151103 7.059904 6.963837 10.756988 10.550180 10.183947 4.876942 6.337859 5.740476 6.527069 5.843947 5.166488 4.437399 3.774199 3.114009 2.578661 2.078933 1.449148 0.844181 0.445058 -0.963383 -1.280952 1.042059 -2.502507 -2.664960 -2.469538 -2.441758 -3.157536 -3.127394 -2.140447 -1.552297 -1.327840 -1.423315 -0.733433 -4.457603 -2.190507
5.348648 5.802490 6.511403 7.152182 7.504736 7.982474 8.197815 8.132205 8.013539 7.982912 7.846809 7.559533 7.439159 7.397865 7.292996 7.078451 7.045757 3.330420 4.488215 4.454431 6.764929 7.069697 7.335283 7.205683 6.490375 7.102301 7.234649 7.114522 6.964728 10.798652 7.239083 5.275364 4.896821 6.336680 7.311429 6.507485 5.744525 5.034089 4.241143 3.514886 2.867976 2.213873 1.609158 1.098610 0.606317 -0.906034 -1.267804 -1.621747 -1.870843 -2.084954 -2.210675 -1.960713 -1.607242 -2.107190 -3.085890 -1.797883 -0.872183 0.615156 0.233613 -2.130759 -4.205538 -1.488755
5.922333 6.315888 6.471623 0.602202 1.582957 4.965099 7.675396 7.509549 7.243689 7.024246 6.839402 6.609457 6.440110 6.377929 6.329320 6.072251 5.784348 7.634197 8.493939 8.492460 8.752631 6.668870 7.102322 7.487726 6.451364 6.433836 7.215132 7.181306 7.023198 7.128162 7.194634 5.280222 4.958519 4.568626 5.789456 6.586580 5.746449 4.998647 4.212378 3.444287 2.725428 1.997065 1.346931 0.863553 -0.582097 -1.020713 -1.598012 -2.104463 -1.814498 -1.475160 -1.727658 -1.563063 -0.953754 -1.174408 -2.131903 -1.136738 1.274330 0.991051 0.536293 -1.744019 -1.272726 -1.434014
3.200627 0.641860 0.440397 1.910746 4.577678 7.045487 6.771531 6.483536 6.190573 6.037642 5.788917 5.645400 5.513566 5.359095 5.338688 4.944223 5.274313 7.481296 8.083234 8.014232 8.259898 8.575917 9.036162 7.325717 6.380458 6.366054 9.393950 7.213480 7.085980 7.165156 7.099971 5.229528 5.038718 4.600613 4.134241 6.696093 5.834504 5.044527 4.238678 3.488351 2.724063 1.973706 0.258059 -0.170650 -0.590348 -1.166645 -0.150215 -2.023044 -1.932363 -1.081250 -0.938858 -1.072617 -0.467995 -0.388790 -0.991880 -0.374504 1.638567 1.244241 0.802963 0.253895 -0.648152 -0.081562
2.970909 2.721738 1.680163 4.403731 6.649303 6.080771 5.649991 5.306180 5.060663 5.072929 4.826044 4.609268 4.489723 4.116296 4.123692 4.144100 5.745195 7.275775 7.530530 7.357628 7.733485 8.001269 8.476618 9.201812 7.409165 8.809314 8.778343 7.105610 7.169028 7.222575 7.036919 9.010554 8.735513 6.476469 4.185644 5.243541 5.996062 5.179246 4.350413 3.615590 2.865992 2.158644 1.581421 1.121136 -0.414435 0.286781 0.160122 0.500916 0.565311 1.321567 1.867829 1.726408 -0.059196 -1.314558 -1.713368 2.085692 1.955969 1.498000 1.013474 0.517637 -0.160545 -0.428570
3.278077 3.472549 1.435237 6.299979 5.746813 5.125904 4.525001 4.108228 3.994048 4.051039 3.905158 3.588676 3.251839 2.952810 3.522335 4.714757 5.951825 6.735005 6.840412 6.735595 7.226681 7.523903 7.943076 8.861579 7.258227 6.320706 8.740531 8.698076 7.022733 7.198117 9.077405 9.018139 8.793713 6.592455 4.248158 5.362180 4.660939 5.385679 4.591482 3.844984 3.140466 2.531706 1.978671 1.538135 1.194358 0.833614 -1.419198 0.906163 1.144036 1.790858 2.484453 2.433599 -1.165146 -0.920070 0.626749 2.542732 2.221871 1.702328 1.160738 0.676663 -1.288998 -0.462043
1.413196 3.337385 5.835678 5.325453 4.720467 4.263226 3.713823 3.143524 2.977873 3.020136 1.317726 0.820780 0.191179 2.871566 3.758982 4.716161 5.501037 5.985827 6.153492 6.311860 6.738883 7.213490 7.645267 8.512598 7.056437 6.594589 6.296302 6.309743 8.636511 9.060369 9.062946 8.997041 5.238533 6.697898 6.125118 5.447047 4.781831 4.124622 4.918674 4.195645 3.536861 2.978047 2.464109 2.055819 1.788341 1.537135 1.259890 1.246497 1.494882 2.121604 2.887526 3.037900 -0.652563 1.186288 -0.324002 1.265615 2.377944 1.866859 1.361954 0.903854 0.452487 -1.875726
3.468336 5.654861 5.016033 4.406260 3.754892 3.358060 3.041707 2.536991 0.464405 0.557461 0.309490 0.095702 0.165261 2.729115 3.544900 4.077975 4.655874 5.321039 5.696602 6.054900 6.429362 6.889132 7.346017 8.192669 6.856002 7.087647 6.276394 6.299975 6.240399 8.520283 4.587546 8.955843 5.272372 5.086272 6.261014 5.597045 4.963540 4.374419 3.766258 4.677066 4.028606 3.489826 3.030519 2.666248 2.440283 2.215952 2.067300 1.935166 1.803956 2.288998 3.098247 3.454451 3.634481 1.842235 1.859393 3.095148 2.527166 2.067779 1.650249 1.245170 -0.313689 -0.861893
5.295048 4.988175 4.303127 3.672995 3.079795 2.500036 0.551978 0.516590 0.355944 0.205101 -0.289744 -0.496556 -0.114613 2.313887 2.950724 2.977184 3.373771 4.947315 5.634279 5.928071 6.294572 6.678107 7.157502 7.992256 8.929067 7.217728 6.254612 6.277027 6.227701 8.515940 8.427053 5.083599 5.233721 5.159534 6.403404 5.841722 5.298747 4.673976 4.128248 3.663780 1.570054 4.060800 3.637001 3.300606 3.103490 2.874333 2.766858 2.711925 2.524387 2.660025 3.285558 -0.097507 0.629900 2.437056 0.553577 0.272324 1.263631 0.905908 2.042682 0.359929 0.218408 -0.023131
4.284892 4.122513 3.624291 2.981530 2.543932 2.006801 -0.212856 -0.095922 0.225469 0.026657 -0.509430 -0.820933 -0.843207 1.687068 2.037059 1.612937 2.354428 4.729242 3.505089 5.986026 6.444118 6.840596 4.336657 7.821958 8.782899 7.226529 4.022104 4.052298 6.224919 6.162879 6.084399 8.319611 8.893358 5.156491 4.841150 6.107367 5.676854 5.087602 4.539566 4.082926 3.514468 1.511350 1.082745 3.942101 3.762180 0.527508 0.328503 3.398384 -0.160330 3.443560 3.645384 0.331062 1.324809 2.886387 2.374987 0.568093 0.247072 1.339214 1.007043 0.791074 2.159697 0.586614
3.507226 3.275871 3.048469 2.450587 1.961358 0.150669 -0.557971 -0.814478 -0.038872 -0.148515 -0.604973 -0.788735 -1.543637 -1.482346 1.751058 1.912350 3.136277 4.934602 5.908402 6.316423 6.738352 7.053135 7.217528 7.788388 8.599845 7.077334 4.665082 4.026679 4.038326 6.177402 8.433756 8.344604 6.896782 8.764401 4.961699 6.378507 6.011725 5.525650 5.003497 4.523748 3.991396 1.966520 1.606370 4.618659 1.221875 1.013595 0.790131 0.630061 4.155821 0.417348 1.676508 1.010757 5.318049 3.281258 2.688176 0.903995 0.689791 1.882910 1.541947 2.980008 2.841324 1.141649
2.748206 2.437311 0.494830 2.096895 0.054485 -0.151475 -0.749786 -1.129089 -0.364398 -0.370608 -0.594399 -0.636847 -1.422757 -1.171489 2.296872 2.763682 3.785218 5.205381 5.955119 6.368946 6.757441 7.095753 3.161379 3.248382 3.884033 8.979164 5.376517 3.982863 8.520573 6.189062 6.128324 6.039549 5.932212 6.849688 6.770384 4.833100 4.617229 5.941757 5.447817 5.017109 4.516133 4.034416 3.743306 3.568640 3.296445 3.022025 1.284839 1.193149 2.841314 1.057033 0.442068 5.617332 5.858065 5.346172 3.110464 1.320337 1.131795 0.905845 2.170494 0.443701 1.850094 1.752095
1.909953 1.509005 1.548231 -0.043171 -0.123820 -0.358657 -0.872622 -1.224213 -0.766230 -0.683967 -0.700467 -0.693863 -0.867543 1.733646 2.330787 2.671413 3.789879 5.122119 5.674672 1.988220 2.624790 2.965627 3.094537 7.528815 8.147232 10.207140 10.326822 10.299135 5.541671 6.182197 8.419875 6.053694 5.976457 5.863645 6.780460 6.634177 6.526492 4.539466 7.623205 7.250702 5.091505 4.656874 4.344859 4.166829 3.908390 3.577141 3.512917 3.590076 5.714731 5.729042 5.482534 6.247314 4.703396 5.800262 3.645130 3.469108 3.209924 1.430056 1.287954 1.083053 0.960870 0.875216
