geotop_simulations/templates/TEST_Venosta_3D_034_template/rec/VegTemperature0000.asc
ncols         252
nrows         194
xllcorner     598250.000000
yllcorner     5144500.000000
cellsize      250.000000
NODATA_value  -9999.0
[rows 135 to 161 of 194, columns 124 to 185 of 252]
1.742751 2.909065 1.272867 2.561905 1.696296 2.420957 2.153360 1.347639 0.144013 -0.031350 -0.029975 -0.014068 -0.011628 -0.016695 -0.045897 -0.441076 -0.564259 -0.051012 0.525229 1.174925 -3.981567 -3.288275 -2.896964 -3.264435 -3.639563 0.208338 1.524473 -1.873118 -1.474399 -1.397566 -1.816965 -2.402448 0.834532 2.093739 2.037361 3.162219 0.828874 5.195708 5.013233 4.691371 4.244113 3.637298 2.688221 2.787721 3.087845 2.824388 2.452434 1.657653 1.104092 0.658020 0.056971 -1.974290 -2.220445 -2.277046 0.120139 0.160620 1.021686 -3.924360 -2.999259 -2.158819 -1.878726 -0.816623
2.132397 2.969618 1.082444 0.406737 1.180552 -1.336447 0.521699 -0.006790 -0.008742 -0.011493 -0.009207 -0.012512 -0.011110 -0.013310 -0.069409 -0.043499 -0.031313 0.621581 1.410596 2.106271 2.753587 -3.090340 -2.610572 -2.723441 0.268327 0.314621 1.417654 2.751372 -1.335699 -0.801823 -1.352659 -0.973889 2.463758 3.097353 1.023417 5.495011 5.146066 4.632572 4.481974 4.387536 3.985641 3.293896 2.277189 2.246447 2.461560 2.319642 2.120874 1.435793 0.934959 0.627248 -0.036883 -0.578881 -2.227560 -2.094074 -2.429356 -0.024727 0.176587 1.048024 -3.244652 -2.619359 -2.130388 -2.413783
0.290466 1.047024 2.374117 1.561890 -0.836181 -1.622780 -0.004404 -0.003684 -0.004509 -0.005629 -0.006215 -0.009061 -0.010984 -0.013338 0.346548 1.061516 1.489570 1.906319 2.494211 3.260425 -3.655078 -3.097303 -2.669446 -2.147717 1.045604 0.935246 1.628246 2.924997 -1.418920 -0.607250 -0.705972 0.234004 3.407817 1.315465 5.503118 5.092822 4.632731 3.954702 3.679852 3.863806 3.701112 3.123094 2.141787 1.795970 1.946603 1.767956 1.423057 0.943828 0.601495 -1.182934 -1.720523 -2.155754 -0.011246 -2.302825 -2.332247 0.142615 0.776304 1.070872 0.800076 -2.890818 -2.495031 -2.435225
0.997608 2.610907 0.154950 -0.685805 -1.125523 -1.854589 -0.010980 -4.940710 -4.983321 -5.681922 -5.628337 -0.004770 -0.011529 -0.015681 0.755108 1.499478 1.967434 2.458491 -3.577983 -3.629229 -3.267658 -2.606552 -2.052092 -1.541481 1.594930 -1.722810 -2.772011 -1.519475 -1.300504 -0.884544 -0.143208 1.059163 1.730731 1.431591 5.093402 4.528648 4.008953 3.292106 2.987648 3.093757 3.085029 2.860216 2.108145 -0.512807 1.466392 -0.778947 0.616282 0.304982 -1.516241 -1.362325 -1.782839 -0.008436 -0.007373 -0.007772 -2.555646 -0.013815 0.479627 0.300435 0.037273 -2.992091 -2.722111 -2.632764
2.593507 2.006116 -0.388705 -0.020877 -0.028027 -0.012065 -0.012019 -6.045023 -6.521851 -6.932022 -6.090273 -0.002740 -0.018779 -0.031142 -0.024014 0.592854 1.380980 1.857651 2.220188 2.462148 2.305515 -1.726586 -1.521403 1.165474 1.404478 1.683727 2.909573 -1.196462 -1.295582 -1.045296 0.439024 3.904512 6.028969 5.348990 4.576198 3.973432 3.424465 2.599367 2.391028 2.352139 2.107870 2.316861 0.211652 -0.634668 -0.975535 -1.567403 -2.668459 -2.203069 -1.663344 -1.550172 -1.853475 -0.008115 -0.005780 -0.005937 -0.008839 -0.009761 -0.006666 -0.008163 -0.010398 -0.024753 -2.921886 0.137045
2.114345 -0.134731 -0.891901 0.755534 -0.010502 -0.069037 -0.017789 -0.007814 -6.263836 -0.020461 -0.007822 -0.024691 -0.049128 0.040885 0.071788 -0.029157 -0.030184 0.113953 0.604982 0.994593 1.472204 2.192020 0.676367 0.274932 0.628719 1.271053 2.872919 -1.591920 -1.188060 -0.354759 1.114544 4.146073 5.819344 5.043728 4.145978 3.424580 2.870613 2.106466 1.817930 1.574972 1.229881 -0.358897 -0.281154 -0.979994 -1.745008 0.891550 0.924641 0.815162 -2.059914 0.007130 -0.009423 -0.007240 -0.005212 -0.005593 -0.006753 -0.009623 -0.007732 -0.009006 -0.011213 -0.016519 -0.033934 -9999.0
0.079226 -0.595114 -1.275276 1.420399 1.031675 0.181870 -0.274228 -0.884963 -0.954079 -0.703356 -0.754766 -0.820918 -0.231611 0.140836 1.201847 1.091388 0.525545 0.186778 0.477619 1.194038 2.301641 3.545458 4.454297 -2.916476 0.891682 1.781094 2.878515 3.474063 -1.137680 0.397333 3.925387 6.243486 5.572212 4.732637 3.848945 3.030193 2.413105 1.807327 1.375845 0.836049 0.556012 -0.958334 -1.016311 -1.484296 -2.200859 -0.012184 -0.009956 -0.004127 -0.002415 -0.005220 -0.007939 -0.006697 -0.005002 -0.005019 -0.006363 -0.007656 -0.008853 -0.010254 -0.013507 -9999.0 -9999.0 -9999.0
-0.475689 -0.992307 -1.492242 -2.094206 -2.411907 -0.037265 -0.629889 -0.390897 -0.037197 -0.044172 -0.053802 -0.034759 0.028899 0.944915 1.873078 2.193315 2.320403 2.505839 2.706216 3.249853 3.764172 4.150793 -1.747170 -1.595361 1.728844 2.070176 2.353438 2.648289 -1.158174 3.250283 4.172345 4.344833 5.385376 4.478103 3.638311 2.810209 2.174934 1.683445 1.169686 -1.068771 -1.555369 -1.400419 -0.025035 -0.020535 -0.015421 -0.012957 -0.010336 -0.007798 -0.002688 -0.003486 -0.005998 -0.004966 -0.003930 -0.007914 -0.009360 -0.006729 -9999.0 -9999.0 -9999.0 -9999.0 -9999.0 -9999.0
-0.864744 -1.204104 -1.600971 -2.037925 -2.230931 -2.437057 -0.496381 -0.032535 0.731310 0.247088 0.157354 0.564700 1.345152 2.142594 2.576860 3.024693 -2.382068 3.450433 3.702318 -2.557033 -2.107507 -1.593993 1.231368 1.769870 2.313342 1.627033 1.156203 2.432425 5.087026 3.698680 4.281450 6.002460 5.131397 4.258696 3.425918 2.657258 0.723179 0.432366 -0.102376 -0.671733 -1.321932 -0.075241 -0.073634 -0.054255 -0.033991 -0.017838 -0.011462 -0.007711 -0.001654 -0.002540 -0.004115 -0.004125 -0.004852 -0.006535 -9999.0 -9999.0 -9999.0 -9999.0 -9999.0 -9999.0 -9999.0 -9999.0
-0.973484 -1.391689 -1.837624 -2.211763 -2.404018 -2.723460 -0.078497 0.644674 1.330243 0.691990 0.648857 1.138359 2.058457 3.022771 3.680726 4.116020 -2.691239 -2.129941 4.749783 -2.027837 -1.653556 1.196863 1.659646 2.334410 2.828025 1.752746 0.630077 3.056462 5.613348 4.068123 6.278834 5.652404 4.765082 3.985841 3.315198 2.787004 0.938468 0.420564 -0.086371 -0.464540 -1.071253 -1.880738 -2.409280 -2.385426 -2.469027 -0.020393 -0.012790 -0.003930 -0.002334 -0.003364 -0.004468 -0.007580 -5.298106 -0.017034 -9999.0 -9999.0 -9999.0 -9999.0 -9999.0 -9999.0 -9999.0 -9999.0
-0.009486 -0.006197 -0.011371 -5.729700 -6.133707 -0.636978 0.095313 1.387139 1.839916 1.207904 1.441726 1.696073 2.368661 3.339481 -4.628127 -3.811201 -3.040411 -2.135770 -1.786619 1.015103 1.374059 1.732970 2.200483 2.831823 3.168221 2.597983 0.964533 3.434208 5.973906 4.261913 6.047247 5.310351 4.368004 3.605904 1.323877 1.069388 0.796567 -0.029954 2.281872 -0.481251 -1.056486 -1.821136 -2.423563 -2.326855 -0.033546 -0.020175 -0.012396 -0.004107 -0.589384 -0.006668 -0.013706 -5.986730 -6.413312 -6.560688 -9999.0 -9999.0 -9999.0 -9999.0 -9999.0 -9999.0 -9999.0 -9999.0
-0.007595 -0.007561 -5.470766 -5.783661 -0.236571 -0.027548 -0.028890 1.647603 2.854432 2.411539 2.734105 2.597953 2.133912 2.508322 3.372117 -4.469380 -3.497791 -2.333613 1.144982 1.615653 2.026589 2.305222 2.609954 3.002298 3.507445 3.739876 -3.624969 4.004532 8.669353 6.301984 5.729587 4.968262 4.033164 3.146277 2.678879 0.737834 0.231243 1.436643 1.703550 -0.978498 -1.111294 -1.659231 -2.137621 -2.161826 -0.031390 -0.030434 -0.017467 -0.389567 -5.619652 -0.385625 -0.016517 -9999.0 -9999.0 -9999.0 -9999.0 -9999.0 -9999.0 -9999.0 -9999.0 -9999.0 -9999.0 -9999.0
-0.015002 -5.457535 -0.026394 -0.933013 -0.501346 -0.859420 -0.227194 0.741296 3.389446 3.797462 3.709469 3.873507 3.474907 2.906006 3.103585 4.033699 -4.700511 -2.916666 1.408521 2.110600 2.483836 2.705542 2.880918 3.019939 3.719395 -0.519150 -1.487697 5.319548 7.639311 6.048905 5.229319 4.477575 3.641853 2.701870 2.058197 0.169203 0.649334 0.921520 0.664622 1.063390 -1.490193 -1.705088 -1.971871 -2.111346 -0.031185 -0.031768 -0.020489 -0.012240 -9999.0 -9999.0 -9999.0 -9999.0 -9999.0 -9999.0 -9999.0 -9999.0 -9999.0 -9999.0 -9999.0 -9999.0 -9999.0 -9999.0
-0.058792 -0.067306 -0.585821 -0.057899 -0.078357 -0.272882 -0.148748 0.715001 3.197385 4.656266 4.804957 4.799667 4.692043 4.560408 4.407467 4.858847 -5.538555 -0.117727 1.585587 2.501139 2.797996 3.083591 3.185239 -1.914207 -1.532884 4.862852 5.586887 6.221139 6.237321 5.581111 4.595063 3.846937 1.779111 2.318244 1.523905 -0.420412 -0.036042 -0.036198 -0.022947 0.171651 0.485423 -1.774974 0.595379 -0.024481 -0.052638 -0.042368 -0.074322 -9999.0 -9999.0 -9999.0 -9999.0 -9999.0 -9999.0 -9999.0 -9999.0 -9999.0 -9999.0 -9999.0 -9999.0 -9999.0 -9999.0 -9999.0
-0.013790 -0.850445 -0.037292 0.179762 0.229405 0.574604 0.829930 0.729634 1.858347 3.952690 -5.729063 -3.821224 5.313450 5.414110 5.571096 6.038215 -3.069147 -3.124312 1.937815 -1.790440 3.139745 3.470786 -1.747716 -1.451568 4.855666 0.288517 7.935216 6.297816 5.835664 5.073084 4.125445 3.342690 1.331245 0.731228 0.025746 -0.692425 -0.033964 -0.123696 -0.033667 -0.014659 -0.005469 -0.006242 -0.007201 -0.018586 -0.152808 -0.381350 -0.356279 -9999.0 -9999.0 -9999.0 -9999.0 -9999.0 -9999.0 -9999.0 -9999.0 -9999.0 -9999.0 -9999.0 -9999.0 -9999.0 -9999.0 -9999.0
-0.031158 -0.010860 -0.026526 0.996293 1.506056 1.834984 2.285716 1.209567 -0.019420 0.647127 3.245337 5.470101 -2.410375 -1.349271 -1.353622 1.439119 1.850887 2.147836 2.840682 3.437675 3.764008 -1.317031 4.249504 5.032502 0.264011 5.902309 6.114868 5.878662 5.314895 4.650800 4.965990 4.410662 1.126031 0.571501 1.681289 0.864128 0.194915 -0.047357 -0.059823 -0.007178 -0.004185 -0.003616 -0.006516 -0.009131 -0.663276 -9999.0 -9999.0 -9999.0 -9999.0 -9999.0 -9999.0 -9999.0 -9999.0 -9999.0 -9999.0 -9999.0 -9999.0 -9999.0 -9999.0 -9999.0 -9999.0 -9999.0
-6.655861 -0.008089 -0.010867 1.348804 2.482157 3.149338 3.302733 3.324813 2.527067 1.489596 1.802627 3.343722 -2.198603 -0.557582 2.554087 2.656084 2.902684 3.243810 3.632666 4.040263 4.329688 4.573912 5.058863 5.517443 5.734408 5.619426 5.533845 5.199550 4.689825 4.213747 3.619464 5.111872 4.219638 3.376599 2.266400 1.167647 0.193982 -0.053143 -0.030744 -0.004926 -0.005879 -0.008530 -0.011409 -0.013876 -9999.0 -9999.0 -9999.0 -9999.0 -9999.0 -9999.0 -9999.0 -9999.0 -9999.0 -9999.0 -9999.0 -9999.0 -9999.0 -9999.0 -9999.0 -9999.0 -9999.0 -9999.0
-0.010647 -0.009050 -0.007576 1.319927 3.232872 4.135300 4.345953 4.198056 4.001373 3.962753 3.673951 3.404242 -1.159721 0.105622 3.647700 4.055835 4.126527 4.012662 4.024117 4.119750 4.356119 4.697094 5.115838 5.153750 5.292754 5.059040 4.738791 4.404792 3.882807 3.507328 3.367686 1.746036 1.401836 0.760995 2.740547 1.651188 0.564596 -0.042593 -0.006321 -0.020108 -5.793507 -5.039615 -0.015029 -9999.0 -9999.0 -9999.0 -9999.0 -9999.0 -9999.0 -9999.0 -9999.0 -9999.0 -9999.0 -9999.0 -9999.0 -9999.0 -9999.0 -9999.0 -9999.0 -9999.0 -9999.0 -9999.0
-0.069913 -0.117250 -0.032728 0.906442 3.460956 -6.498137 -5.185558 -3.179914 -1.678621 -0.630052 0.090023 0.506995 0.783101 3.867130 4.816063 5.354861 5.310108 4.694594 3.946839 3.572787 3.745501 4.262225 4.616867 4.255208 4.378591 4.391033 3.953283 3.585825 3.052161 0.511434 2.857036 1.150939 1.327137 1.040133 0.468327 2.174343 1.043140 -0.037780 -0.608550 -0.617618 -9999.0 -9999.0 -9999.0 -9999.0 -9999.0 -9999.0 -9999.0 -9999.0 -9999.0 -9999.0 -9999.0 -9999.0 -9999.0 -9999.0 -9999.0 -9999.0 -9999.0 -9999.0 -9999.0 -9999.0 -9999.0 -9999.0
-0.047726 0.143102 0.408088 0.893549 2.516372 4.962960 -4.739414 -2.313838 -0.649128 0.358486 1.147065 1.868115 2.347330 5.047427 5.825808 6.100321 5.780120 4.691390 3.080153 2.949921 2.837560 3.443343 4.055380 3.514579 3.366341 3.534135 3.144305 2.783160 0.765299 -0.152173 -0.193075 3.242009 1.008032 1.143791 0.571837 2.323568 1.142480 -0.036067 -0.242096 -9999.0 -9999.0 -9999.0 -9999.0 -9999.0 -9999.0 -9999.0 -9999.0 -9999.0 -9999.0 -9999.0 -9999.0 -9999.0 -9999.0 -9999.0 -9999.0 -9999.0 -9999.0 -9999.0 -9999.0 -9999.0 -9999.0 -9999.0
0.029487 0.619208 0.886791 1.317959 1.934375 3.010031 -4.863677 -1.831621 -0.019987 1.201903 2.083855 2.835758 5.200554 5.905156 6.326854 6.021336 5.368609 2.829646 0.515708 2.105431 2.449008 2.657797 3.368011 3.023486 0.402185 2.645724 2.373478 0.775877 0.182915 -0.829520 3.376465 3.937604 0.719614 1.078431 0.670472 0.042167 0.707865 -0.036241 -0.036337 -9999.0 -9999.0 -9999.0 -9999.0 -9999.0 -9999.0 -9999.0 -9999.0 -9999.0 -9999.0 -9999.0 -9999.0 -9999.0 -9999.0 -9999.0 -9999.0 -9999.0 -9999.0 -9999.0 -9999.0 -9999.0 -9999.0 -9999.0
0.515188 1.197651 1.795986 2.212456 2.899432 2.583914 2.489870 -2.526348 -0.046188 1.562238 2.843652 5.371669 5.997664 6.527149 6.702432 6.051747 3.927838 2.159296 0.183718 0.785947 1.834797 2.019567 0.275406 0.554261 0.393035 0.418654 0.283901 -0.040192 2.876162 3.330684 3.285363 2.953385 0.551389 0.934791 0.679346 0.053971 0.618219 -0.035395 0.111826 -9999.0 -9999.0 -9999.0 -9999.0 -9999.0 -9999.0 -9999.0 -9999.0 -9999.0 -9999.0 -9999.0 -9999.0 -9999.0 -9999.0 -9999.0 -9999.0 -9999.0 -9999.0 -9999.0 -9999.0 -9999.0 -9999.0 -9999.0
0.889984 1.687297 2.555924 3.283411 3.713201 3.704485 2.864353 2.394765 3.332357 1.706104 3.168552 6.013081 6.724424 7.128599 7.089377 6.228705 -0.401108 2.820897 1.404847 0.512204 1.070114 -1.954638 -0.521704 0.258442 0.351979 0.922492 1.238111 1.960497 2.295431 2.467415 2.553179 -0.178038 0.339298 0.650232 0.485036 -0.014853 0.419122 -0.037148 -9999.0 -9999.0 -9999.0 -9999.0 -9999.0 -9999.0 -9999.0 -9999.0 -9999.0 -9999.0 -9999.0 -9999.0 -9999.0 -9999.0 -9999.0 -9999.0 -9999.0 -9999.0 -9999.0 -9999.0 -9999.0 -9999.0 -9999.0 -9999.0
1.315257 1.915587 2.948685 3.976851 4.333109 4.193577 3.947707 3.404345 3.330576 4.462294 5.402307 6.476223 7.146280 7.338048 4.533764 2.151961 1.938032 1.285192 0.127482 -0.220711 -2.685854 -1.984674 -1.385240 -0.263328 1.057281 0.355309 -0.027519 -0.016347 0.160582 0.949274 -0.214121 -0.061896 1.431696 1.282956 0.044856 -0.180129 -0.036661 -0.035898 -9999.0 -9999.0 -9999.0 -9999.0 -9999.0 -9999.0 -9999.0 -9999.0 -9999.0 -9999.0 -9999.0 -9999.0 -9999.0 -9999.0 -9999.0 -9999.0 -9999.0 -9999.0 -9999.0 -9999.0 -9999.0 -9999.0 -9999.0 -9999.0
1.515334 2.456992 3.437917 4.515865 5.025375 4.526693 4.037930 4.022113 3.942015 2.811510 4.079596 6.764581 7.251461 4.516039 2.061391 0.251403 -8.104164 -1.088199 -0.009013 -0.707408 -3.173147 0.375940 -0.023197 -0.024591 -0.029084 -0.047392 -0.006076 -0.006427 -0.008274 -0.016689 0.477791 0.890520 0.719552 0.060005 -0.033071 -0.067556 -0.039114 -9999.0 -9999.0 -9999.0 -9999.0 -9999.0 -9999.0 -9999.0 -9999.0 -9999.0 -9999.0 -9999.0 -9999.0 -9999.0 -9999.0 -9999.0 -9999.0 -9999.0 -9999.0 -9999.0 -9999.0 -9999.0 -9999.0 -9999.0 -9999.0 -9999.0
1.517972 2.833617 3.920663 4.975314 -4.761549 5.080160 4.261412 4.332787 1.914349 3.020502 4.075677 4.942254 7.106660 3.275432 2.639158 -4.235653 -1.299719 0.396012 0.563271 -2.358724 -1.842984 1.851166 1.067901 0.069060 -0.053582 -0.011443 -0.227874 -0.117386 -0.009694 -0.012589 -0.027916 0.111597 0.080553 -0.029119 -0.136730 -0.302622 -0.036884 -9999.0 -9999.0 -9999.0 -9999.0 -9999.0 -9999.0 -9999.0 -9999.0 -9999.0 -9999.0 -9999.0 -9999.0 -9999.0 -9999.0 -9999.0 -9999.0 -9999.0 -9999.0 -9999.0 -9999.0 -9999.0 -9999.0 -9999.0 -9999.0 -9999.0
0.866085 2.612989 -3.465035 -3.983633 -4.504680 5.726518 4.791096 4.520491 1.840482 2.892045 5.604809 6.510700 6.739020 5.734052 4.293207 3.853525 2.956948 -1.567996 0.948301 -1.230632 4.168588 3.191924 2.216898 0.849416 -0.070969 -0.023951 -0.362723 -5.923120 -5.597357 -0.014322 -0.035935 -0.016510 -0.016396 -0.013172 -0.497054 -9999.0 -9999.0 -9999.0 -9999.0 -9999.0 -9999.0 -9999.0 -9999.0 -9999.0 -9999.0 -9999.0 -9999.0 -9999.0 -9999.0 -9999.0 -9999.0 -9999.0 -9999.0 -9999.0 -9999.0 -9999.0 -9999.0 -9999.0 -9999.0 -9999.0 -9999.0 -9999.0
