geotop_simulations/templates/TEST_Venosta_3D_034_template/rec/VegTemperature0000.old.asc
ncols         252
nrows         194
xllcorner     598250.000000
yllcorner     5144500.000000
cellsize      250.000000
NODATA_value  -9999.0
[rows 54 to 80 of 194, columns 124 to 185 of 252]
0.781201 -3.443868 -2.868966 -1.055218 -0.618580 -0.085821 -0.578982 -0.683672 -0.537708 -0.458685 -0.472725 -5.913231 -6.308682 -0.466187 -0.399037 -0.392643 -0.308528 -0.366449 -0.083111 0.038978 0.443254 0.694396 0.189311 0.647455 0.920316 1.284621 2.305796 4.179283 2.217845 3.658078 3.375508 2.882769 2.446975 1.593535 1.006324 0.719843 1.197823 2.650847 3.633604 3.044205 3.025564 2.619004 2.283703 2.450936 3.422435 4.619328 5.213266 5.078617 3.661610 2.987968 2.742872 1.926266 1.372348 0.884558 0.469493 0.025937 -0.069831 -0.200455 -0.426310 -0.053164 -0.667017 -0.807270
1.145262 -3.215427 -2.463563 -0.778474 -0.535620 -0.047573 -0.601536 -0.735156 -0.480144 -0.409692 -0.469720 -6.039902 -6.670566 -6.764413 -5.998207 -0.034663 -0.609140 -0.535240 -0.046673 0.007362 0.357671 -0.155679 0.104385 0.468068 0.729449 0.924817 2.054934 3.195557 2.288811 2.626804 2.570361 3.410748 3.014187 2.077397 1.418611 1.279135 1.691128 3.111258 4.175817 3.548048 3.711646 3.257610 3.069419 2.487120 2.225689 5.130929 5.763851 5.657073 4.240028 3.577594 2.830433 2.802170 2.339077 1.875848 1.528660 1.092972 0.500826 0.216119 -0.024767 -0.039976 -0.039498 -0.044936
-2.518686 -2.915005 -2.138150 -0.505623 -0.411940 -0.032376 -0.525857 -0.621927 -0.139898 -0.342619 -0.453911 -6.145355 -6.847580 -6.822046 -0.437351 -0.601259 -0.587671 -0.429069 -0.054283 -0.032224 -0.011609 -0.426254 -0.341021 -0.059017 0.411945 0.598480 1.456971 2.981741 2.257040 2.815982 2.943156 3.902508 3.279249 2.638076 1.936331 1.739798 2.091033 3.447870 4.628746 3.874435 4.304862 3.961630 3.480258 3.424111 3.439132 5.745995 4.432013 5.145138 4.862598 4.234060 3.487564 2.708523 3.462249 3.013931 2.564205 1.845982 1.029724 0.772548 0.709799 0.456464 0.727973 0.720331
-1.773265 -2.429804 -1.873263 -0.258968 -0.171605 0.298640 -0.091567 -0.559831 -0.044529 -0.371942 -0.452211 -6.529487 -6.959210 -6.730938 -0.011723 -0.015805 -0.059597 -0.045502 -0.116685 -0.068267 -0.195210 -0.338799 -0.893136 0.021246 1.124633 0.206499 0.790351 2.594213 1.934469 2.765219 3.230696 4.367051 3.824447 3.177974 2.592342 2.319858 2.547732 3.701956 4.945744 4.085998 4.805211 4.591741 4.158366 4.305876 4.452364 4.155683 5.104141 5.757619 5.545285 4.937963 4.137377 3.469540 3.250882 2.736022 1.953322 2.107300 1.216549 1.018443 1.102886 1.237688 1.454749 1.478237
-1.050970 -1.735448 -1.387867 -0.017604 0.074674 -0.607388 -0.037981 -0.457324 -0.047665 -0.420278 -5.983877 -6.884754 -7.366529 -7.216783 -0.421646 -0.371678 -0.011231 -0.019177 -0.054093 -0.464879 -0.459545 -0.482084 -0.523579 -0.045417 0.650189 1.996587 3.177064 2.157545 3.090718 2.432723 3.317624 4.750981 4.366441 3.835533 3.395762 2.913776 3.203751 4.040496 5.221399 4.190291 5.231698 5.178582 4.850222 5.129659 5.438222 5.324582 5.809860 6.400360 6.263485 5.653727 4.826096 4.344492 4.123811 3.513002 2.583549 1.649064 1.521337 1.197319 1.219957 1.747379 2.113609 2.031928
-0.501586 -0.820849 -0.510102 0.169952 0.210023 -0.380324 -0.030414 -0.432287 -0.020851 -0.433388 -6.329475 -7.122668 -7.723974 -8.084488 -7.592943 -6.747160 -0.402435 -0.013301 -0.042186 -0.534698 -0.557956 -0.588953 -0.203354 -0.036119 0.727055 1.838255 2.777570 1.954655 2.362618 5.012358 3.206937 5.055006 4.879777 4.541003 4.123324 3.714332 3.449399 3.345221 3.325142 4.495312 5.620576 5.786676 5.691022 5.916095 6.330263 6.542019 5.031225 7.102303 6.991455 6.407577 5.700696 5.274811 5.833562 4.010511 3.025448 2.064400 1.282486 1.518917 1.333224 1.553756 2.091402 2.408542
-0.235091 -0.113167 0.134704 0.163910 -0.020125 -0.403858 0.332193 -0.058828 -0.608203 -0.470684 -6.112161 -7.282103 -7.683234 -8.319898 -7.769032 -7.014982 -0.050043 -0.025469 -0.645281 -0.623602 -0.477478 -0.168337 -0.043675 0.352771 1.004181 1.634259 2.281018 1.721799 1.836142 4.491334 5.552743 3.594724 3.870025 5.170577 4.910841 4.578992 4.311093 4.239594 4.493402 5.150747 6.005044 6.365706 6.500545 6.684292 7.025421 5.683573 5.873749 9.272539 5.968795 7.122120 6.557459 7.119878 6.331866 5.409378 3.393679 2.454570 1.632441 1.667661 1.171879 0.632639 1.073299 2.119367
-0.445103 0.230461 0.239174 -0.065159 -0.468086 -0.814683 0.416415 -0.035791 -0.556832 -0.544931 -6.144863 -7.487984 -8.052404 -7.819521 -7.629250 -6.497585 -0.009440 -0.671561 -0.556398 -0.093772 -0.049999 -0.038976 0.248623 0.745299 1.321809 1.859216 2.406535 1.717144 1.961082 4.176655 5.035669 5.826792 3.764022 5.570102 5.544810 5.374012 5.113077 4.926892 5.252764 5.755754 6.292270 8.465055 8.621479 8.876750 9.211138 9.536002 9.904278 9.823012 9.640391 5.929447 8.289286 7.599506 6.752550 5.803177 3.760202 2.801417 1.937495 1.008117 1.133160 0.871460 0.810543 1.291477
0.343822 1.720234 1.317832 -0.601086 0.693642 0.264022 -0.028970 -0.056120 -0.041234 -0.392970 -6.260399 -7.522173 -7.848488 -7.661870 -7.050886 -0.492597 -0.010782 -0.015924 -0.232945 -0.035361 0.312500 0.566146 0.942249 1.355144 1.820494 2.314608 2.821907 3.349503 2.380785 2.772487 4.572112 5.114065 2.609125 5.377456 5.806966 5.921052 4.256724 5.537545 5.796013 6.189123 7.892626 7.959548 8.088789 8.727699 9.093387 9.501868 9.773057 9.950920 9.966753 6.203021 5.814962 7.949715 7.103058 6.187015 5.151518 3.166742 2.283078 1.387669 0.702017 1.862685 1.926913 1.900232
0.595200 1.210181 0.570228 -0.020530 -0.020601 -0.024613 -0.020491 -0.009868 -0.014333 -0.423865 -6.459748 -7.267725 -7.597595 -7.519474 -6.994969 -0.491875 -0.017858 -0.005718 -0.014654 -0.002087 0.685275 1.126731 1.541578 1.939446 2.319817 1.360325 1.720655 2.065441 2.523562 2.859783 4.278963 4.600978 5.185831 5.847535 3.397303 4.279627 4.433120 4.142977 6.023435 7.613432 7.721319 7.725970 7.669230 7.788369 8.094392 8.430121 8.807759 9.535628 5.729179 6.171365 6.122501 8.363869 7.481317 6.596810 5.570764 4.508294 2.611883 1.794426 1.237519 0.909794 0.659832 2.597471
1.843345 0.845687 -0.026413 -0.025293 -0.016663 -0.012530 -0.007486 -0.011416 -5.589560 -6.338307 -6.842905 -7.448822 -7.635083 -7.272604 -6.917954 -0.492955 -0.041770 -0.008130 -0.007699 -0.020129 0.731646 1.253957 1.924901 2.261621 0.843346 1.279266 1.582763 1.866558 2.291341 2.599573 2.630558 4.122220 4.643422 5.131962 5.691559 3.085335 6.975749 7.163635 7.265692 7.329573 7.255145 7.064373 6.861993 6.872713 7.108724 7.358529 7.699881 7.895080 8.418012 9.160006 6.222770 8.768570 7.911393 5.950016 6.028400 4.970343 2.967803 2.223117 1.863061 1.534302 1.268204 1.080192
1.607170 0.587380 -0.045233 -0.046386 -0.012450 -0.009289 -0.021936 -0.382314 -6.236719 -6.886111 -7.569881 -7.960876 -7.670778 -7.229607 -6.947669 -0.458864 -0.012764 -0.007333 -0.008824 -0.012533 0.199166 0.866718 -0.379199 0.051943 1.620507 0.645333 0.837291 1.095704 1.601865 2.001230 2.009667 1.895897 2.392833 4.572325 4.952217 5.740196 6.363998 6.695052 6.785988 6.780736 6.560549 6.244793 6.019683 5.947970 6.067813 6.231002 6.491501 6.488359 6.317764 8.331330 5.788684 5.971600 5.434930 6.467622 5.530491 4.542665 3.519786 2.695135 2.469896 2.232469 1.966977 1.722855
1.438677 0.427825 -0.045847 -0.530172 -0.039602 -0.009774 -0.402570 -5.953378 -6.704770 -7.114074 -7.772857 -7.695710 -7.048689 -0.477128 -0.487352 -0.471244 -0.010488 -0.009472 -0.009933 -0.007569 -0.009322 -0.017795 -0.020753 0.374171 0.576123 0.609562 0.731881 0.960545 0.762167 1.710324 2.222217 2.857452 1.878525 2.442426 4.441922 5.016729 5.541965 5.968454 6.056336 5.983899 5.731781 5.350764 5.109572 3.787941 5.045205 4.622508 3.382851 5.921825 4.577170 6.446031 8.757266 5.643643 5.616349 6.910876 6.041880 5.128715 4.138282 3.206797 2.982234 2.941136 2.736114 2.374069
1.352747 0.426690 -1.366873 -0.049938 -0.487643 -0.703400 -0.013087 -0.447969 -6.843669 -7.495185 -7.548994 -6.873033 -0.556839 -0.045125 -0.492701 -0.512802 -0.152786 -0.017661 -0.007756 -0.006483 -0.007546 -0.013726 -0.035242 -0.061066 -0.049100 -0.044126 -0.037285 -0.030860 0.475363 1.131674 1.973018 2.745759 1.601112 2.090266 2.449816 4.447123 4.786551 5.219332 5.271884 5.144041 3.839673 4.590796 3.249050 3.071499 3.877391 4.795307 3.061258 5.592534 4.941960 0.308361 7.956674 5.057796 5.562075 5.387752 6.536377 5.699488 4.729558 3.768179 3.484414 3.633483 3.520603 3.066001
1.179635 -0.848344 -1.387773 0.200746 -0.048874 -0.643206 -0.603005 -0.031242 -6.385106 -6.775720 -6.914101 -0.510282 -0.019700 -0.007578 -0.011961 -0.443301 -0.525439 -0.441077 -0.399191 -0.367804 -0.021216 -0.012201 -0.088988 -0.522153 -0.250200 -0.099224 -0.100599 -0.053149 -0.027737 0.606447 1.327938 1.916577 0.934335 1.490963 2.044600 2.389911 2.555289 3.100726 3.207181 3.129227 3.160869 3.010009 2.705485 2.358772 3.760331 4.563587 5.370347 2.794937 4.946506 4.409726 6.953081 8.637904 4.004216 5.380092 5.183375 6.254197 5.350221 4.449143 4.139641 4.339775 4.281353 3.800079
0.838506 -1.063252 -1.578384 -0.010142 -0.009100 -0.011861 -0.022992 -0.012101 -0.462604 -6.266072 -0.542480 -0.019889 -0.010272 -0.011618 -0.431655 -0.404876 -0.454570 -0.476289 -5.964823 -0.401611 -0.010056 -0.189081 -0.667320 -0.350891 -0.042089 -0.031514 0.032867 -0.009324 0.003022 0.151126 0.545526 1.171307 2.183062 2.967672 1.670569 1.982371 2.056924 2.367762 2.495874 2.454362 2.366936 2.377137 2.132870 2.585058 3.342266 4.306360 5.335165 2.233091 2.104945 5.544229 6.407512 8.014978 2.761513 3.201773 5.173710 6.634123 5.933504 5.087154 4.835108 4.980193 4.898976 4.509655
0.500422 -1.363603 -0.008068 -0.005711 -0.005023 -0.006222 -0.006646 -0.049712 -0.464844 -0.494232 -0.053599 -0.021011 -0.045657 -0.255564 -0.417203 -0.575671 -0.514793 -0.458991 -0.427739 -0.784483 -0.834231 -0.799264 -0.189951 -0.039560 0.195916 0.361112 0.311872 0.112205 -0.045500 -0.144865 -0.038472 1.044543 2.279077 2.688686 1.216050 1.484107 1.543187 1.555291 1.778358 2.118676 1.555128 1.591710 1.978486 2.286860 3.094571 4.544496 5.954555 7.165256 3.014326 3.865934 6.738127 7.184815 7.003890 2.196068 2.665620 4.474508 6.167117 5.475160 3.264818 3.360378 3.268180 3.093642
-0.745694 -1.405126 -0.045894 -0.013218 -0.006695 -0.010737 -0.024782 -0.390619 -5.748562 -0.027397 -0.226379 -0.752769 -0.731097 -0.131555 -0.064083 -0.206875 -0.620860 -0.673060 -0.754019 -0.835294 -0.815793 -0.411877 -0.040145 0.372827 0.840847 0.914064 0.458363 -0.045811 -0.535843 -0.604288 -0.033131 1.306054 1.948491 2.026301 0.456538 0.793332 0.788989 1.309876 1.279462 1.426420 1.686076 2.117611 2.574733 3.098238 3.922471 5.279068 6.564712 2.741338 3.541468 4.444974 6.622195 6.448083 6.651792 7.068543 7.397404 7.515344 3.200772 7.242586 7.137533 2.730500 2.613222 2.771420
-0.710145 -1.390776 -1.864108 -2.409217 -0.012807 -0.008138 -0.116136 -6.030807 -0.490133 -0.010283 -0.188707 -0.712458 -0.254672 -0.038359 -0.034123 -0.041160 -0.047708 -0.334891 -0.678162 -0.579711 -0.125903 -0.039176 0.306922 0.982845 1.359824 1.167235 0.165097 -0.442308 -0.599247 -0.500114 0.047192 0.871855 1.138924 1.094479 0.963435 0.654913 0.335140 0.052007 0.395945 1.481301 2.229301 2.586241 3.027329 3.685347 4.678717 0.932246 1.186368 2.917171 3.917619 6.051915 5.896423 5.637434 5.705231 5.909197 6.462767 6.653300 6.429955 6.484684 6.581362 6.329340 5.917270 5.938631
-0.891754 -1.320022 -1.775463 -2.320544 -0.023334 -0.008322 -0.438522 -5.893874 -0.008824 -0.007662 -0.016417 -0.067897 -0.051764 -0.031647 -0.029829 -0.027050 0.270454 0.444809 0.126136 0.114931 0.220505 0.455522 0.953008 1.537799 1.666625 -0.572941 0.052069 -0.518229 -0.674532 -0.760712 -0.603331 -0.254560 -0.041465 -0.025689 -0.026728 -0.045860 -0.069794 -0.034106 0.679114 1.531839 2.176508 2.814184 3.498809 1.137771 1.400915 1.439462 1.962363 3.318775 5.461547 5.234795 4.846730 4.600446 4.604251 4.965453 5.668879 5.774535 5.303982 5.516674 5.807866 5.483618 4.850234 5.064707
-1.401845 -1.398961 -1.744916 -2.199534 -2.593753 -0.014840 -6.057316 -6.393702 -0.473809 -0.006425 -0.006057 -0.007604 -0.008922 -0.010802 -0.018914 0.472063 0.994522 1.258258 1.125010 0.978481 0.991158 1.112745 1.462287 1.955682 -0.834456 -0.359538 -0.577197 -0.256607 -0.654041 -0.679514 -0.714848 -0.547408 -0.038520 -0.019363 -0.012129 -0.080587 -0.599130 -0.088137 0.242694 0.915887 1.633449 2.397038 3.288119 4.676850 -0.047728 1.283138 2.442230 3.188722 3.305350 4.291012 3.378245 3.536968 3.264440 4.063956 4.847232 4.826764 4.353016 4.573501 4.803274 4.376409 3.811024 4.776770
-2.375572 -1.690473 -1.765337 -2.104068 -0.009281 -0.061984 -0.497238 -0.513496 -0.337277 -0.013923 -0.008410 -0.006455 -0.006175 -0.010269 -0.020523 0.610642 1.598937 -1.919520 1.977931 1.731416 1.696299 1.800807 2.016421 -1.077853 -0.658260 -0.162475 0.638248 -0.016153 -0.061287 -0.066128 -0.138648 -0.668869 -0.484779 -0.021404 -0.278519 -0.478684 -0.745055 -0.726729 -0.647947 -0.071910 0.588584 2.210607 3.856888 5.520876 -0.206613 1.700148 2.333372 2.527146 2.528763 3.426086 3.186374 3.854043 0.056086 1.167234 4.013195 3.891747 1.482925 1.721067 3.762462 0.421855 0.310699 4.569510
-3.518753 -2.177811 -1.879613 -2.062969 -0.023321 -0.012304 -0.009811 -0.021141 -0.039382 -0.014606 -0.031337 -0.007719 -0.004685 -0.008042 -0.015182 0.112484 1.160133 -2.667457 -1.270490 -0.592722 -0.451624 -0.536588 -0.556452 -0.781470 -0.498901 -0.087374 1.170969 0.659173 0.215290 0.003700 -0.053399 -0.588652 -0.746330 -0.786828 -0.831869 -0.846662 -0.691202 -0.774102 -0.707088 -0.240092 0.965761 3.073733 4.677585 -1.430975 0.701019 1.844981 1.810872 2.836971 2.620488 2.687392 3.145322 3.959586 0.311144 1.118659 1.715170 3.033193 0.691841 0.744649 2.629219 -0.830368 0.945768 4.233958
0.069512 -2.809084 -2.188912 -2.131053 -0.422962 -0.088981 -0.019302 -0.027416 -0.028369 -6.266441 -7.007199 -0.393030 -0.004978 -0.007764 -0.014670 0.085109 0.925492 -2.975701 -2.058108 -1.230502 -0.478537 -0.209207 -0.135533 -0.357995 -0.093765 -0.031666 1.458801 -1.028020 -1.412811 -0.034385 -0.161929 -0.517820 -0.230261 -0.429150 -0.866889 -0.607509 -0.351436 -0.342671 -0.043391 0.520150 2.104435 4.030493 5.292510 -0.610703 1.011317 1.388666 2.182962 1.474246 1.278635 1.677125 2.481269 -1.407017 3.166780 0.708364 1.091826 2.186415 2.607710 -0.552167 -1.270658 -0.936321 1.450532 3.725232
-0.004062 -3.379042 -2.681668 -2.439792 -0.055407 -0.043937 -0.007062 -0.006620 -5.748687 -6.842642 -6.958767 -0.008329 -0.013311 -0.027375 -0.033734 0.237302 0.474270 -2.758466 -2.399674 -1.993963 -1.570182 -0.693129 -0.188727 -0.009538 0.254393 0.052762 0.594876 -1.107587 -1.541320 -0.043851 -0.070828 -0.028972 -0.366025 -0.423107 -0.017138 -0.513589 -0.043960 -0.038927 0.281813 1.160810 2.732857 4.641690 -2.472806 0.013922 0.801964 1.888756 1.289991 0.802108 0.463120 0.666188 1.618285 2.098303 1.992465 1.572502 1.566071 2.283497 3.281023 -1.827691 -1.967197 -0.128627 3.208397 3.071714
-0.003268 -0.004492 -0.004576 -2.863189 -2.907847 -0.019051 -0.010625 -0.011147 -6.197962 -7.065516 -6.782356 -0.005101 -0.030176 -0.320124 -0.029423 0.190558 -0.005806 -2.761890 -2.393874 -2.388663 -2.465762 -2.250241 -1.546084 -0.128353 0.425927 1.312222 0.627948 -1.104560 -1.735494 0.028764 -0.096213 -0.022455 -0.025713 -0.014421 -0.034849 -0.015579 -0.050408 0.063277 0.696074 1.536459 3.013296 4.437344 -1.951250 -0.038823 0.243846 1.732690 1.302590 0.573097 0.047988 0.008191 0.546380 0.727942 0.572538 0.433331 0.961336 2.102589 3.528423 -3.441216 -1.552894 2.457083 2.619909 0.767609
-0.002652 -0.003344 -0.003420 -3.231693 -3.194328 -0.004555 -0.005552 -0.015884 -6.139775 -6.656304 -0.498389 -0.003838 -0.008725 -0.125668 -0.007928 -0.003450 -0.003331 -2.802864 -0.007875 -0.010544 -3.287111 -3.643976 -4.070480 -1.015392 0.350285 1.358658 0.639873 -1.199568 -1.843284 -0.030445 -0.008842 -0.015086 -0.370791 -0.467262 -0.008049 -0.011079 -0.019147 -0.030160 0.796076 1.701235 2.110858 2.061281 -1.569274 -0.807466 1.139113 0.864823 0.085181 -0.183275 -0.564890 -0.400567 -0.036117 -0.055726 -0.067018 0.016083 1.436436 2.594000 4.072017 -3.677085 -0.717841 2.177633 1.783640 -0.229056
