geotop_simulations/templates/TEST_Venosta_3D_034_template/rec/VegTemperature0000.asc
ncols         252
nrows         194
xllcorner     598250.000000
yllcorner     5144500.000000
cellsize      250.000000
NODATA_value  -9999.0
[rows 108 to 134 of 194, columns 0 to 61 of 252]
-9999.0 -9999.0 -0.247468 -0.455847 -0.182395 -0.078563 -0.069127 -0.404648 -0.405087 -0.042574 -0.067465 -0.333421 -0.385241 -0.298589 -0.359654 -0.385350 -0.534062 -0.785865 -1.038463 -1.414694 -1.560607 -0.494285 -0.012056 -0.248179 -0.421783 -0.854629 -1.175127 0.197837 -0.032081 -0.044599 -0.041331 -9999.0 -9999.0 -9999.0 -9999.0 -0.536252 -0.071970 -0.026907 0.075584 0.586407 1.091519 1.703457 -2.520424 -2.271338 0.550751 0.904041 1.460481 2.027530 2.546880 3.956087 0.770877 1.277685 1.347066 0.890969 0.908026 1.216758 5.288212 4.777497 4.010715 3.327245 2.667844 1.936306
-9999.0 -9999.0 2.980058 3.548793 -0.153452 -0.193494 -0.116611 -0.348971 -0.068191 0.316332 0.312248 0.125932 -0.538298 -0.543299 -0.146758 -0.051203 -1.405884 -0.489116 -0.676775 -1.298570 -1.116473 0.202728 1.993233 0.046814 -0.319244 1.284559 0.855463 -1.522810 0.265044 0.105857 0.212637 0.254820 -0.030684 -0.076513 -0.248619 -0.059487 -0.034003 0.032437 0.526695 1.044251 1.697907 -2.369350 -1.781199 -1.529847 0.784531 1.246033 1.783873 2.243846 2.639228 3.637085 4.926836 1.357081 1.276821 0.511878 1.304151 1.025667 5.025194 4.547639 3.876780 3.202451 2.562007 1.905084
-9999.0 -9999.0 1.777781 2.343201 3.255746 -0.524049 -0.312956 -0.295663 0.179853 0.516309 0.489319 0.228637 -1.066936 -0.549319 0.332332 0.312906 -1.277892 -0.107816 -0.190149 -0.818534 -0.333031 0.736778 2.203156 1.706939 1.175161 0.596966 -1.179166 -1.495757 -1.839325 -2.127235 0.928168 0.883537 0.432076 -0.030678 -0.031969 -0.030680 0.214920 0.676157 1.158351 1.613202 -2.801023 -2.340265 -1.594050 -1.298604 0.920464 1.539866 2.283838 2.858152 3.423539 4.163460 5.080752 1.393064 0.569226 0.760015 1.344894 0.886613 4.553720 4.134436 3.700408 3.154389 2.547236 1.918394
-9999.0 -9999.0 0.973421 1.279224 1.923988 2.715106 -0.807311 -0.416607 0.195008 0.561920 0.540467 0.323042 -1.909888 0.115270 -0.848209 -0.878954 -0.977884 0.468020 0.439200 0.064168 0.640106 1.144138 2.437326 1.941227 1.399101 0.856804 0.406475 -1.338045 -1.626271 -1.924604 -2.404341 -2.724877 -2.434960 -2.415336 0.491982 0.604382 0.912560 -3.250959 -3.052033 -2.670882 -2.513878 -2.193908 -1.513033 -1.136335 1.195660 1.770844 2.573844 3.288697 1.125558 4.534096 5.312789 0.880011 4.584261 1.178790 1.175630 4.944685 4.149638 3.365503 2.980198 2.757568 2.369237 1.823920
-9999.0 -9999.0 1.107032 1.077740 1.339520 1.864864 -1.635432 -0.901732 0.157918 0.631714 0.635807 0.711579 0.744236 -0.915856 -0.594323 -0.466534 -0.481689 -0.459673 -0.542907 -0.552629 -0.114783 3.184961 2.693585 2.261583 1.810756 1.352407 -0.592985 -0.949715 -1.300483 -1.592734 -2.057294 -2.340810 -2.151387 -2.158355 -2.472807 -2.878325 -3.054799 -2.965907 -2.652250 -2.196942 -2.024672 -1.907436 -1.357225 1.237791 1.774141 2.237088 2.784965 3.561790 4.138068 4.810498 5.450226 4.625211 6.679928 1.127011 0.990031 4.630594 3.895043 2.989948 2.180305 1.916946 1.844524 1.532529
-9999.0 -9999.0 0.437094 0.611433 1.276981 2.193117 3.231603 -1.438515 0.004285 0.498232 0.494440 0.781436 1.023349 -0.808572 -0.595347 -0.360258 -0.243511 -0.814744 -0.212171 0.057994 3.743505 3.410902 2.978823 2.599827 -0.899125 -1.227884 -1.453714 -0.438645 -0.870574 -1.106115 -1.537107 -1.841579 -1.742563 -1.717674 -1.995839 -2.473696 -2.751583 -2.618914 -2.239955 -1.759878 -1.369857 -1.477969 0.823161 1.469338 2.299995 2.869384 3.279512 1.158009 4.469874 5.082421 8.288561 0.340024 1.162658 0.749453 4.678788 0.243931 3.595047 2.892099 2.089697 1.419120 1.174134 1.039260
-9999.0 -9999.0 -0.042701 -0.030048 0.616323 2.071806 3.199763 3.756714 -0.375718 2.343482 0.360767 0.721151 3.140291 3.348386 3.525469 -0.375853 3.564965 3.367042 -1.061261 -0.398970 0.505755 3.666444 3.260361 2.934849 -0.615098 -0.912245 -1.054666 1.793009 1.352850 -0.570598 -0.976837 -1.279055 -1.201278 -1.202412 -1.513408 -1.973284 -2.342914 -2.271474 -1.883212 -1.354408 -0.794392 -0.803718 -1.351552 1.328411 2.271805 3.192530 3.824149 4.237452 1.974207 0.602529 8.204736 1.050008 1.036931 0.442487 4.062816 3.536411 3.129217 2.636993 2.023141 1.307070 0.637342 0.437059
-9999.0 -9999.0 -0.055586 -0.047250 0.270341 2.028528 2.901568 3.146390 1.585683 1.997254 2.401137 2.682203 2.836662 3.134663 3.356191 3.522069 3.630059 3.682496 3.338869 3.451736 0.572454 3.887507 3.497922 3.296730 3.029038 -0.718559 -0.762082 -0.924036 1.951903 1.668965 1.294642 1.042691 -0.632296 0.725334 -1.059524 -1.415695 -1.740664 -1.966800 0.425188 0.956159 -1.749086 -1.346752 -0.170914 -0.939019 1.749593 2.981240 4.075917 -0.019241 0.250393 0.553807 8.114652 0.955799 0.834899 4.588010 3.809899 3.123111 2.562614 2.124927 1.756723 1.219657 0.463398 -0.125219
-9999.0 -9999.0 -0.154795 -0.036422 0.193263 1.217827 1.448099 1.847107 -0.955847 1.644346 2.020018 2.254934 2.438268 2.742528 2.987012 3.130850 3.247280 3.361063 3.576373 3.729484 3.958045 0.450702 3.781914 3.657226 3.364141 3.075241 2.915341 -0.672491 -0.756462 2.222022 1.859723 -0.113489 1.445134 1.207812 0.941158 0.799328 0.770569 0.626185 0.554860 0.945940 1.801564 -0.990189 2.884870 2.900435 2.589012 3.124149 4.298387 0.452038 0.278663 0.715778 0.888722 0.953188 4.828978 4.204740 3.520236 2.923377 2.329394 1.685944 -0.506786 0.860467 -1.357683 -2.248092
-9999.0 -9999.0 -9999.0 -0.030959 0.498729 0.766369 0.980284 -1.984281 -1.350184 1.237304 -0.465551 1.667032 1.952580 2.257767 2.475834 2.649552 2.815938 3.001626 3.274395 3.479294 3.567378 3.886971 0.411201 3.942233 3.727466 3.532225 3.344334 3.184623 3.042506 2.772089 2.413030 2.128763 1.953206 1.701682 1.455529 1.376429 1.410072 1.295127 0.797755 0.546687 1.578938 -1.318722 3.293771 3.608413 3.491988 3.699546 4.680657 0.601985 -0.292506 0.471944 1.102394 0.916475 4.473614 3.830798 3.137741 2.462931 1.993840 -0.145445 -0.663431 0.554680 -1.289770 -1.936608
-9999.0 -9999.0 -9999.0 0.481059 0.895807 1.336974 1.614481 1.672444 -1.613464 -1.046020 -0.917147 -0.870124 1.457971 1.759463 1.969030 2.190942 2.375661 2.637504 2.973900 3.184741 3.183836 3.605301 4.070457 0.411330 0.430144 0.266624 3.747015 3.711187 3.587777 -0.043818 2.940503 2.638907 2.454672 2.267239 1.989933 -1.012788 1.979125 1.926626 1.482171 0.806659 1.338984 2.232050 -1.123952 -0.085627 4.077736 4.127776 0.326106 0.577736 0.680657 0.755206 0.861867 4.799099 4.128219 3.487925 2.826090 0.227260 -0.478447 1.196222 0.933179 0.412324 -1.369724 -1.679884
-9999.0 -9999.0 -9999.0 -0.029555 0.665647 1.095235 0.874022 0.676805 0.361879 0.564694 0.999660 -1.473926 -0.929331 -0.504299 1.546506 1.795038 1.989818 2.320612 2.704257 2.927995 3.091140 3.416145 3.865301 4.148144 -0.597380 0.040330 4.086831 4.062654 0.482311 3.779620 0.053130 3.091327 2.904010 2.879113 2.611931 -0.699021 -0.390330 2.449515 2.215369 1.725899 1.671962 2.100172 2.981732 4.064617 -0.031382 4.668480 0.523014 0.589562 0.870721 0.960779 4.887701 4.487592 3.896048 3.239337 2.528769 1.818770 1.009972 0.560611 -1.038299 -1.279436 -1.583405 -1.715902
-9999.0 -9999.0 -9999.0 -0.410201 -0.032979 -0.021468 -0.008594 -0.012378 -0.034954 -0.032457 0.247424 1.103284 -1.387846 -0.948909 -0.714407 1.425867 1.669578 2.017774 2.383768 2.653281 2.986120 3.222721 3.506173 3.895697 4.170748 0.325741 3.705162 0.054700 0.574239 0.696839 0.328034 3.471205 3.473778 3.548411 3.220421 -0.436916 -0.151888 -0.033551 -0.190144 -0.953008 2.200372 2.691807 3.395918 -0.572175 4.729838 0.496193 5.314116 5.286093 0.989392 5.086571 4.529577 4.098275 3.571857 3.048942 2.398372 1.653119 -0.793693 -1.596087 -1.593562 -1.624175 -1.726965 -1.752232
-9999.0 -9999.0 -9999.0 -0.453337 -0.601932 -0.015081 -0.008667 -0.012300 -0.038240 -0.063744 -0.027682 0.725345 1.415269 1.939250 2.244542 -0.727685 1.358346 1.710471 2.044302 2.300158 2.654250 2.874829 3.123267 3.492466 3.913435 4.091400 4.086926 0.169667 0.438745 0.730097 0.427782 3.834701 4.105667 0.741891 0.135290 -0.380078 -0.034192 3.606563 3.498045 -0.331697 -1.490144 3.113853 4.046888 0.145069 0.629188 0.864335 5.392869 0.892556 1.039741 4.807694 4.198303 3.666312 3.007595 2.708542 0.888695 0.246405 0.924861 -1.150428 -1.598255 -1.670826 0.136469 -0.031859
-9999.0 -9999.0 -9999.0 -9999.0 -9999.0 -0.010702 -0.018749 -0.015441 -0.021229 -0.175346 -0.037951 0.348739 1.043925 1.495597 1.774211 -0.980559 -0.811571 1.377134 1.661929 1.895758 2.217854 2.507264 2.810920 3.077076 3.504680 3.779404 3.910361 4.066105 4.173029 0.536364 0.477983 0.201947 0.767565 0.927874 4.087258 -0.184027 3.934470 0.468701 4.191231 3.963472 -0.859419 3.757400 4.694926 5.224490 0.765929 1.081129 1.024792 0.951109 1.059022 4.589794 3.949887 3.334887 2.530357 2.092929 2.026358 1.600226 1.020480 0.521526 -1.336522 -1.579771 0.474164 -0.012049
-9999.0 -9999.0 -9999.0 -9999.0 -9999.0 -9999.0 -9999.0 -9999.0 -9999.0 -9999.0 -0.030317 0.158986 0.483588 0.893201 -1.458588 -1.217065 1.638080 -0.841709 1.237530 1.461432 1.739242 0.043733 0.311182 0.401912 3.084607 3.506520 3.769233 3.907345 3.983367 4.229047 0.366362 4.311343 0.464192 4.508283 4.489310 0.458311 0.279251 0.568833 0.929506 4.631490 4.459918 4.836749 0.912186 0.203005 6.379454 1.132307 1.040563 0.926388 0.876831 4.285006 3.679345 3.055095 2.302090 1.590456 1.373387 1.423526 -0.391061 -0.760224 -1.263224 -1.638000 0.617409 0.090391
-9999.0 -9999.0 -9999.0 -9999.0 -9999.0 -9999.0 -9999.0 -9999.0 -9999.0 -9999.0 -9999.0 -9999.0 0.457838 0.457457 0.608626 0.863121 1.115725 1.396718 -0.936146 -0.858818 1.235639 1.591093 -0.153430 2.338750 2.811908 3.231899 3.474084 3.508864 3.669260 3.990819 4.106783 4.233382 0.335245 0.342226 0.568152 0.735864 0.696961 7.954504 7.998552 8.041669 0.703090 5.309874 6.743547 6.896247 7.619519 1.122495 1.076023 0.894687 4.423592 3.862228 3.324421 2.734185 2.078640 1.411981 0.897928 1.103754 -0.393925 -0.759748 -1.327282 -1.665975 -0.028615 -0.036618
-9999.0 -9999.0 -9999.0 -9999.0 -9999.0 -9999.0 -9999.0 -9999.0 -9999.0 -9999.0 -9999.0 -9999.0 -9999.0 0.182634 -0.020311 0.267857 0.494777 0.651464 -1.257907 -1.277991 -1.222233 -0.896937 -0.409501 2.178219 2.545231 0.856287 2.977171 3.004587 3.439808 3.812563 3.922663 4.107647 4.221438 4.311209 4.568683 4.764283 0.685229 1.035640 1.311278 7.484345 1.356229 5.519130 1.180767 1.264741 7.299291 1.103933 1.163435 4.637594 3.992937 3.390947 2.914867 2.359808 1.787459 1.246777 0.663461 0.704629 -0.522507 -0.810687 0.438783 -0.032836 -0.292436 -0.557071
-9999.0 -9999.0 -9999.0 -9999.0 -9999.0 -9999.0 -9999.0 -9999.0 -9999.0 -9999.0 -9999.0 -9999.0 -9999.0 -9999.0 -0.027988 0.332977 0.595859 0.833305 -1.671241 -1.613831 -1.611854 -1.384338 -0.619684 -0.014922 0.087365 0.139449 0.317888 0.630216 3.298726 3.585494 3.676510 3.811285 3.868846 4.008893 4.268560 4.417870 4.816275 5.171188 5.286695 1.237696 5.316586 5.315916 5.201647 1.164615 5.348127 4.998831 4.636421 4.200194 3.594855 2.996298 2.515326 1.977826 1.451523 0.965646 1.417632 1.498940 -0.859053 -0.898226 -1.380671 -0.051382 -0.572172 -0.647730
-9999.0 -9999.0 -9999.0 -9999.0 -9999.0 -9999.0 -9999.0 -9999.0 -9999.0 -9999.0 -9999.0 -9999.0 -9999.0 -9999.0 -0.063330 -0.036148 -0.023946 0.716575 1.260091 1.613786 -2.031643 -1.832534 -0.855631 -0.524287 -0.671502 -0.430446 0.091573 2.685830 3.043803 3.202954 3.283326 3.383274 3.451303 3.625771 3.893739 4.096476 4.522175 4.768733 4.835462 4.976051 4.988628 4.935064 4.839593 4.962278 5.048306 4.720843 4.160678 3.635730 3.150964 1.067581 2.172032 1.604012 1.092114 -0.657369 1.084223 1.055592 -1.321362 -1.083072 -1.434096 -0.009590 -0.110282 -0.266316
-9999.0 -9999.0 -9999.0 -9999.0 -9999.0 -9999.0 -9999.0 -9999.0 -9999.0 -9999.0 -9999.0 -9999.0 -9999.0 -0.514601 -0.612117 -0.149341 -0.026967 -0.021354 -0.021433 0.900097 1.522939 1.686203 1.647011 -1.111112 -1.086147 -0.545993 0.060045 2.382907 2.620267 2.769665 2.851260 2.977961 3.204626 3.435361 3.594037 3.718764 3.971246 4.245721 4.548148 4.633789 4.464423 4.421867 4.429955 4.439654 4.512461 4.345372 3.846896 3.239394 2.717085 2.280053 0.398715 1.208781 -0.529834 -0.949869 0.722742 0.552811 -1.673170 -1.534690 -1.603076 0.666461 0.091952 -0.042698
-9999.0 -9999.0 -9999.0 -9999.0 -9999.0 -9999.0 -9999.0 -9999.0 -9999.0 -9999.0 -9999.0 -9999.0 -9999.0 -9999.0 -0.698807 -0.603249 -0.033682 -0.021156 -0.020411 -0.017147 -0.014512 0.343948 -1.537833 -1.638092 -1.428420 -0.811189 -0.248138 0.025663 2.110383 0.656791 2.471863 2.671002 2.939627 3.095577 3.088999 3.238228 3.674493 4.062137 4.287221 4.181464 3.831786 3.876595 3.923672 3.797387 3.745329 3.855382 3.585079 3.023172 2.443949 1.920199 0.079147 -0.425554 -0.880858 -1.234150 -0.028961 -0.029183 -0.024727 -0.020891 -1.779028 -1.867365 0.143388 -0.043308
-9999.0 -9999.0 -9999.0 -9999.0 -9999.0 -9999.0 -9999.0 -9999.0 -9999.0 -9999.0 -9999.0 -9999.0 -9999.0 -9999.0 -9999.0 -9999.0 -0.069850 -0.028674 -0.024386 -0.019227 -0.013908 -0.014619 -0.019043 -0.022785 0.328537 -1.144746 -0.634622 -0.302977 0.199763 0.492394 2.210282 2.300713 2.347906 2.482519 2.927869 3.365918 3.790631 3.872858 3.801643 4.581950 3.346714 3.301124 3.305146 3.172397 2.981477 3.235358 3.412685 2.967006 2.359074 1.729619 -0.071031 -0.607806 -0.029407 -0.070873 -0.379145 -0.381897 -0.114664 -0.069180 -0.024144 -0.024331 -0.076481 -0.563328
-9999.0 -9999.0 -9999.0 -9999.0 -9999.0 -9999.0 -9999.0 -9999.0 -9999.0 -9999.0 -9999.0 -9999.0 -9999.0 -9999.0 -9999.0 -9999.0 -9999.0 -9999.0 -0.646455 -0.028674 -0.015692 -0.017232 -0.023356 -0.036941 -0.053239 -0.029334 0.358123 -0.532799 -0.100176 -0.014599 -0.284676 1.715765 1.686728 2.397658 1.063478 3.492151 3.627991 3.463994 3.110134 3.507374 3.310597 2.643633 2.650226 2.616147 2.466225 2.711757 3.113282 2.944899 2.392041 1.720091 1.099087 -0.613871 0.125704 -0.063083 -0.540349 -0.586320 -0.278712 -0.187745 -0.030731 -0.029259 -0.053198 -0.574734
-9999.0 -9999.0 -9999.0 -9999.0 -9999.0 -9999.0 -9999.0 -9999.0 -9999.0 -9999.0 -9999.0 -9999.0 -9999.0 -9999.0 -9999.0 -9999.0 -9999.0 -9999.0 -9999.0 -9999.0 -0.737218 -0.695454 -0.102945 -0.034690 -0.031121 -0.014450 0.690162 1.681757 -0.855666 -1.119624 0.949570 1.162057 1.854127 2.868570 1.442809 3.384439 3.292078 2.956997 2.249789 2.072157 2.200581 2.067288 1.894374 2.042975 2.602110 2.156025 2.729013 2.881520 2.519903 1.866424 1.243225 -0.562736 -1.104625 0.117222 -0.042019 -0.534631 -0.683589 -0.595116 -0.060718 -0.036531 -0.077043 -0.662086
-9999.0 -9999.0 -9999.0 -9999.0 -9999.0 -9999.0 -9999.0 -9999.0 -9999.0 -9999.0 -9999.0 -9999.0 -9999.0 -9999.0 -9999.0 -9999.0 -9999.0 -9999.0 -9999.0 -9999.0 -9999.0 -0.035715 0.406545 0.932108 1.171383 1.373103 1.985839 3.065172 -1.762996 0.505689 0.975229 1.474578 2.502741 1.234989 3.730093 2.921617 2.614016 2.636317 1.989344 1.095067 0.742115 0.701307 0.925678 1.655541 1.074862 1.895315 2.952999 2.541175 2.544817 2.142386 1.585400 -0.345023 -0.997266 -1.473372 -1.807520 -0.035822 -0.052344 -0.048078 -0.083261 -0.611665 -0.748403 -0.752551
-9999.0 -9999.0 -9999.0 -9999.0 -9999.0 -9999.0 -9999.0 -9999.0 -9999.0 -9999.0 -9999.0 -9999.0 -9999.0 -9999.0 -9999.0 -9999.0 -9999.0 -9999.0 -9999.0 -9999.0 -9999.0 0.403461 0.886481 1.398717 1.739909 2.043500 2.434930 3.177097 4.356188 -1.985379 1.301599 1.887000 2.835830 1.413746 1.248128 2.029997 1.807949 1.465724 1.130921 0.406334 -0.030538 -0.038022 0.240790 1.164674 0.947131 1.580044 2.415089 1.870924 2.494835 0.943487 1.789165 1.145663 -0.801057 -1.319591 -1.615262 -1.868515 -2.232853 0.514427 -2.393346 -2.182915 -0.299357 -0.216845
