geotop_simulations/templates/TEST_Venosta_3D_034_template/input-maps/slope.asc
ncols         252
nrows         194
xllcorner     598250.000000
yllcorner     5144500.000000
cellsize      250.000000
NODATA_value  -9999.0
[rows 54 to 80 of 194, columns 61 to 121 of 252]
19.139538 19.647703 21.672577 23.716732 25.578457 24.092840 20.903093 24.991907 22.805870 21.231901 28.703835 27.595970 14.687282 4.140167 0.320458 1.710520 4.015251 7.192382 24.355040 32.358334 25.101599 26.708099 30.649380 28.974619 27.730051 20.629873 26.693804 26.921535 24.916580 21.898685 18.694714 22.849810 27.763300 31.437489 32.212505 7.504195 22.739004 22.136267 19.553961 16.223316 15.628435 19.334169 23.464426 26.497120 11.709225 23.950357 35.741528 27.485985 14.705674 12.203955 15.873388 17.501543 20.224787 22.464844 22.980896 7.579263 15.938149 24.378263 26.712757 25.865923 19.116386
17.633995 10.479646 13.523915 17.923046 19.261726 23.366495 23.300648 24.761742 22.857168 20.862190 28.261906 29.234114 15.478289 3.292382 1.458065 2.445459 6.173124 5.804118 17.907642 28.523602 24.797754 21.989988 16.900686 24.961990 22.980753 5.330299 20.048168 14.317361 16.281149 11.658295 18.532953 25.547848 29.596365 31.881563 29.065655 6.873297 24.214212 22.660316 16.865942 13.116025 14.387503 20.596010 26.027920 23.588717 6.193999 27.819361 32.038624 23.505579 18.560776 23.811396 26.078077 29.451067 32.265736 27.621220 16.394676 17.113607 24.353174 20.603357 25.384277 25.236357 25.016022
20.048826 17.986891 19.315727 18.327915 19.776598 24.492090 23.082939 22.360035 21.924648 20.179085 28.543692 31.798492 15.822443 1.598978 1.095734 2.791475 8.529230 5.990719 10.670040 17.999697 14.666860 16.809879 31.078127 32.346954 5.399246 20.745865 17.512157 10.017914 14.487476 16.159988 23.991079 31.183121 33.460163 25.381371 19.770952 11.889853 21.645565 22.632391 17.594650 14.981256 20.141850 26.500431 27.256708 13.133564 13.319462 31.204956 32.764545 30.086601 32.538002 33.357567 32.540253 22.206350 11.634028 5.357320 20.080797 23.649687 29.089657 22.582731 23.194668 22.170307 21.197651
19.363691 16.143425 17.190094 21.747509 26.504089 25.690432 21.289835 21.761505 22.302389 17.124821 25.824392 33.706455 18.984266 2.557533 1.034218 2.861778 9.216272 5.313530 7.223039 16.062037 21.350510 31.179258 33.771397 12.707920 23.832329 24.840059 12.898811 10.200350 21.975433 31.345119 32.418423 33.473991 27.847372 12.031895 15.331574 17.171148 20.508787 22.934795 19.729004 20.492149 25.938862 28.283266 20.725313 10.438827 27.500084 35.290096 35.278118 34.140541 32.530933 28.623098 19.660473 10.316225 16.295511 23.149895 26.780006 26.053219 26.046904 24.716045 18.503885 15.476198 17.272669
25.245455 21.886379 24.080450 27.877487 28.930033 26.112631 24.368900 22.989882 15.235974 11.248320 23.869728 32.925823 22.659359 5.652321 0.610573 2.100019 7.736402 6.301183 8.762129 21.593681 28.003677 27.497681 18.310760 19.856285 27.725012 14.004926 8.944921 15.701173 26.848265 31.757223 28.670414 28.434736 14.521468 6.392642 16.005268 19.815809 23.182716 24.754980 23.028917 25.466930 27.523470 20.871542 6.770123 25.510729 34.349743 34.780041 32.772240 29.677866 26.391537 21.084675 3.420522 14.418479 17.592638 20.969555 21.687542 17.684856 18.901447 22.091488 20.284098 17.384079 20.898903
34.222916 34.087433 35.545971 32.989517 27.096523 22.220631 16.748390 4.775765 13.731779 18.489098 28.934717 31.539503 23.148333 8.473187 0.802702 2.255865 5.558578 4.609364 9.836461 22.732376 27.988321 24.969879 26.615965 27.299456 19.028570 9.949248 19.722952 21.971037 25.195103 30.679945 32.364979 27.295883 2.266529 16.715574 15.490558 18.311735 22.499388 23.586878 25.296694 28.665270 25.732958 5.362164 21.526957 33.229801 34.971352 31.001017 29.063074 24.854095 24.005177 13.969678 14.879092 19.646635 17.189882 18.208494 17.140436 14.735204 14.575300 19.198614 22.052170 18.436604 21.665758
25.105133 29.917799 29.891542 24.042040 16.432039 6.592445 9.819522 23.150688 22.073782 25.346979 34.468456 31.196159 21.909636 11.317597 2.284266 3.220839 5.427640 5.490239 6.625504 19.322277 23.224943 22.133244 24.853153 20.431190 11.449804 24.812363 32.109131 33.011997 33.410595 32.651539 33.037697 18.006313 14.695918 22.689507 16.662487 17.945440 22.114649 23.581284 26.705305 26.272068 13.594917 18.192297 32.311146 30.996620 27.854958 23.800959 25.284500 24.362917 24.537750 12.324885 20.790972 21.955763 22.313505 21.375282 17.421198 19.902775 18.572847 20.189108 21.887362 21.504503 23.246353
15.025136 12.170434 7.771239 3.337111 12.991264 23.289085 30.108799 25.866283 16.958956 29.322365 34.359467 30.593771 20.097397 14.754131 5.814947 4.275665 6.039121 6.018196 5.454088 13.312421 14.448596 11.896886 10.369773 7.935113 13.036741 30.740107 34.594547 26.696941 25.189018 24.967150 16.905907 15.451959 25.505325 24.359398 21.826733 21.510355 23.596077 26.340872 25.243517 16.581425 4.168740 28.748531 34.342113 27.145773 20.616203 18.696611 22.539480 24.736525 21.134241 10.686179 24.319862 23.816177 24.215696 22.910400 22.788202 19.134085 20.248661 19.446568 23.878254 26.894154 26.338175
22.969727 12.839164 19.508770 25.732040 29.214209 31.318115 27.386969 16.360895 24.139301 32.199024 30.941870 28.679768 17.708935 16.506628 10.343607 5.936462 6.343074 6.090313 5.545037 8.470960 8.497543 6.871423 6.542716 8.806671 17.708935 28.840879 33.739201 32.815601 27.169800 12.568452 15.402519 24.139967 24.915895 22.074116 24.240366 25.364529 26.289419 27.069210 18.924755 5.307113 15.842313 29.883224 34.256474 26.512209 21.041210 26.540281 30.798861 23.281698 7.950017 24.347080 29.802675 25.602785 21.895586 19.286291 19.895287 18.729994 20.797565 18.054895 25.892502 27.530214 24.148270
14.996980 15.786603 25.227652 24.032183 22.110777 21.901262 14.905402 17.912138 30.007187 30.965021 27.678562 28.741787 18.974949 18.077757 12.032474 6.723074 6.559213 6.210023 5.960262 6.710118 6.941467 9.688654 10.167908 8.278106 14.698779 23.676369 30.627628 34.272327 28.312204 20.494806 22.207886 24.030762 23.209911 21.878916 25.026983 24.334332 24.020470 20.773849 8.334591 14.827825 26.460878 31.022301 32.396809 28.936920 26.123560 28.476679 20.782793 4.355484 24.205124 30.757179 27.669138 23.114025 24.202578 25.490229 24.917543 27.140993 24.302166 19.275345 23.494358 23.791170 21.277481
4.024078 21.431067 21.233471 15.703817 13.611749 14.060486 7.115080 23.808868 31.101261 27.525114 26.778830 29.397120 22.457741 20.354311 11.337716 6.910324 7.045004 6.243884 6.138960 6.497809 8.057506 17.396240 19.453094 20.667583 25.597534 28.411463 25.664515 26.156467 24.569395 23.763071 22.921783 25.540773 24.830042 24.960068 26.557762 21.903103 17.481365 7.938237 13.432641 25.904987 34.171696 33.853706 32.589447 33.888130 29.859915 16.156704 8.167418 24.056389 30.960262 30.772600 26.397465 23.117460 25.464283 27.968702 28.176208 28.855124 27.826607 23.470644 19.435345 24.941847 23.473558
20.234983 26.227911 22.348713 20.912157 18.209438 10.984123 8.719171 27.714010 30.195526 25.299889 27.713135 28.886621 24.648600 22.427435 9.518125 6.436051 7.141920 6.818488 6.407775 6.394536 9.926246 22.139771 24.737141 17.527714 26.029366 25.901264 11.422050 12.484776 25.377056 27.277460 25.291639 26.807556 24.865192 24.889929 23.891802 15.803716 6.871423 13.280733 27.026150 31.719168 35.562408 33.781456 30.696224 30.313581 18.691978 4.250039 19.182940 26.142645 29.084841 28.161055 26.169434 27.956640 27.711681 26.504480 25.613455 25.529861 26.774780 27.122417 25.307020 29.704597 25.276690
24.603073 25.380926 22.195250 16.629328 12.530993 5.442330 16.106937 30.108150 28.714960 24.921272 29.518465 29.497532 27.961884 23.442308 7.702398 6.047817 6.927540 7.458732 6.261065 6.191390 10.517310 21.968443 29.060869 26.252317 18.669052 10.749960 15.729429 22.321718 25.323328 26.696167 26.482729 27.931374 25.419302 21.887024 14.598961 6.657184 13.707637 26.398924 32.944359 33.534050 33.502647 31.645605 24.935465 15.426081 12.412696 19.770247 24.390244 26.844458 27.378334 27.566544 26.078077 29.141382 29.545799 26.611052 21.692516 19.313251 22.232645 24.338039 27.622293 30.419357 19.958984
19.454105 19.555967 9.366004 7.475493 12.067129 13.637369 21.039846 29.704901 27.457619 25.095304 30.275745 30.874853 30.305765 20.318258 5.446798 5.293642 6.073431 7.397588 6.759882 6.533958 10.047354 20.848532 30.459475 32.807739 24.036015 21.655134 20.517117 22.781479 22.636194 24.921068 26.165747 26.796488 18.510080 9.379436 8.771655 18.887922 24.991199 30.473078 33.328758 30.924847 27.692114 26.114515 15.840210 10.498422 20.970467 25.096708 25.969933 26.675352 25.601570 26.766632 27.100584 27.872555 28.088394 27.731312 23.867022 20.525440 20.263863 19.892033 21.578156 18.573038 5.601745
18.506041 10.266739 6.643245 13.982413 13.503237 16.287790 22.312908 28.507175 26.737879 24.129105 29.781496 30.832867 29.331202 16.413662 5.194284 5.862948 5.734368 6.788420 7.335691 7.485787 8.436543 16.322027 29.248924 34.838028 27.023275 23.737844 21.895035 23.551598 18.201891 20.891535 20.753370 11.857296 9.184206 14.468494 22.584023 31.137344 32.700970 34.741833 34.894619 28.361917 23.518396 15.276594 11.441649 21.617380 25.782274 27.000729 27.157536 26.093393 25.588850 28.162739 29.448143 27.475515 26.088934 25.175772 23.999594 21.774126 18.527399 15.524515 11.906425 3.202770 11.493665
11.518867 5.768439 13.745987 13.606997 14.366738 18.426390 24.033068 27.697248 27.188608 25.823528 29.458664 30.188848 28.443838 16.207195 5.837493 6.776545 6.055700 6.126176 5.963654 5.832083 5.522774 9.321165 22.858669 31.994305 26.868706 24.569525 26.204615 25.221207 17.492451 13.575483 5.379833 16.953539 26.074181 26.574789 30.147350 33.775051 30.866327 33.017067 31.922112 24.064734 13.810343 7.245804 21.816837 26.512209 27.647202 27.147034 26.258881 25.541553 27.921480 31.372458 31.582050 28.632317 23.437609 17.815832 15.243609 13.189841 7.676172 2.098161 11.075802 19.492300 22.935713
2.664026 12.711365 17.174871 15.832966 16.933146 20.462255 26.131046 30.115654 29.892759 28.565237 29.736692 29.225483 27.062765 14.269793 5.234290 6.014566 5.750444 5.569246 5.178005 5.063198 5.476637 6.503890 15.049901 26.097546 23.919863 23.998142 24.773746 18.231306 8.631465 14.541145 22.405029 28.925268 31.835669 30.099405 32.294132 32.205345 27.816500 29.453182 24.095751 9.993584 6.338363 19.937992 26.670000 28.101048 26.574331 25.543043 25.815948 27.494650 31.310228 33.092274 31.347300 25.315807 15.814019 6.514176 4.846905 10.249035 15.369659 21.633677 29.535297 32.747749 27.891762
11.353157 15.494972 19.623165 17.155567 16.516222 22.345018 28.686861 34.413277 31.451113 28.873400 27.802902 23.224379 23.773533 12.030673 5.881003 6.198172 6.334923 5.968400 6.173484 6.560073 6.816008 6.482894 10.191633 20.407974 22.748304 15.739509 8.335739 19.830719 23.958944 24.512413 29.249527 33.755268 33.801250 30.679409 30.361567 30.237013 29.455818 26.401609 10.569452 10.132324 20.749535 26.870077 29.987385 29.044376 26.930210 26.124361 27.509716 29.404741 31.976929 32.897747 27.153292 14.207639 2.463199 17.800594 28.290262 29.440947 29.054625 33.511810 37.229492 33.477715 25.915865
15.916009 17.436773 19.008104 15.556433 17.786270 23.692007 26.619347 32.300156 28.024557 24.663834 22.434223 17.749260 21.600719 12.297632 6.043404 6.285013 5.999488 6.131583 5.905992 5.653573 5.219538 4.586713 5.122516 10.254173 13.825171 21.737221 33.536018 36.807732 30.302660 22.613882 28.878498 31.681343 28.038141 26.212391 27.145395 27.200518 22.149673 8.132428 12.631316 24.023821 28.158747 30.694191 30.000471 28.244637 25.734646 25.594858 27.428747 27.245829 28.416317 26.330202 13.055515 7.165515 24.503830 35.385479 38.239388 35.128803 32.717785 36.671402 36.841820 29.707571 29.071402
16.569532 13.354308 12.570472 13.628668 22.473833 26.147629 23.979792 27.479744 27.680769 21.940687 22.540659 21.257763 18.851936 11.575466 4.602474 6.271763 5.520865 5.709033 4.977439 4.508689 3.601925 6.427017 13.251034 22.240091 30.317160 35.465065 39.166870 33.613674 25.931953 21.050678 21.664513 25.181959 25.204473 22.789478 24.533829 21.548750 5.644681 14.282640 25.654436 28.145575 29.567358 29.822172 26.491732 27.143471 23.740000 23.780884 25.139040 23.523626 23.269644 13.920722 9.414145 27.024368 34.803123 37.628250 37.001488 33.653080 31.162477 32.961239 30.745087 23.055353 29.774933
15.882008 11.807191 10.652404 14.872897 24.577892 25.828732 24.164753 25.880651 24.198946 22.246691 27.381649 23.284367 16.608971 10.682074 5.834303 6.787590 6.183163 5.898314 5.706337 4.525986 8.243999 17.372366 22.445690 28.823366 33.198826 35.239006 37.736965 30.105175 25.344189 24.438805 19.406580 18.071409 25.355721 27.101849 27.099253 12.953829 15.040607 25.955023 28.820969 29.640770 29.234041 26.434378 23.108488 24.917696 22.797503 23.354338 23.224972 20.927294 16.692585 5.922272 27.132494 37.242920 37.976593 36.518105 34.424686 26.754381 23.227423 23.875818 27.206249 20.908754 32.304558
17.548401 13.838335 16.915222 21.351175 25.739468 25.051651 24.945999 24.260376 19.444872 19.044819 28.502123 26.277340 12.162816 7.748019 5.610417 5.586245 6.041798 5.662306 5.546060 7.588355 17.764959 22.988194 24.370710 28.994286 32.574932 33.963127 35.595917 28.077068 24.454002 25.225016 24.536711 23.790516 25.967960 27.711254 23.323160 9.806013 25.086121 27.575705 28.554031 29.194683 25.845579 23.824648 24.196611 24.819252 23.518757 20.077099 18.979420 15.595102 4.007837 20.038881 38.056351 42.859627 39.815228 35.423035 32.723072 22.974453 23.819708 18.274824 23.746031 8.846033 27.900322
23.380041 13.312019 15.869846 20.692793 25.886005 24.367247 23.072695 23.823210 18.198904 18.663153 26.592575 27.951523 13.069574 4.648208 4.714065 4.523828 6.202212 5.827918 8.416389 19.353531 23.701693 23.402969 26.402466 29.109993 28.833412 28.291006 30.704927 22.742493 16.003838 20.076996 22.570658 23.274929 23.413504 23.588310 10.769748 17.560461 25.794651 25.371264 26.768511 26.094879 22.450045 23.371105 24.794817 25.211248 22.140102 16.357929 11.042556 3.470068 16.213873 27.713156 39.413673 41.668903 36.101528 34.227940 35.888084 30.544657 31.866196 23.901855 18.568825 11.726524 22.658360
29.582020 19.059458 11.322940 15.463122 20.792061 19.432745 17.536619 20.213108 20.657042 20.785728 24.752981 26.374666 13.668551 6.016583 6.736483 5.541235 5.691414 9.180061 19.921825 28.236626 23.712276 20.287983 25.282045 25.716236 21.643818 20.880722 28.005022 25.274555 16.543503 8.983640 6.655851 11.521093 15.761338 13.235809 7.252342 23.461344 24.625969 24.879230 27.022696 26.125772 25.568911 24.843500 23.180992 22.800631 19.004723 11.378568 5.833055 21.399256 27.662943 30.015759 33.902569 36.112602 37.415695 33.205856 23.879551 18.752520 28.666561 29.440947 24.077965 21.184740 19.383991
30.609705 27.264463 17.667801 13.615045 18.781960 21.412590 17.535259 18.445534 22.528553 22.860630 23.436300 26.257830 14.353506 5.708323 6.230803 5.832916 5.076974 14.745031 27.900448 27.461092 15.573469 12.543820 21.584450 21.419868 18.185686 19.554821 27.256357 31.532873 31.662846 29.524212 25.706093 20.533257 15.854780 12.157226 19.549986 25.001875 23.142445 25.737972 29.196285 27.780102 27.181282 24.232298 22.200544 20.323837 9.474393 10.110551 23.767294 31.126640 30.203854 29.894220 25.918631 23.859547 37.263157 38.882179 27.546803 20.194048 12.881146 25.713724 27.641087 22.506588 18.330097
30.244825 30.371994 25.755852 21.960531 23.754948 23.379147 18.296124 19.102249 24.479275 24.288248 24.017170 26.717842 14.153072 3.911244 4.322824 5.404500 5.423674 17.713167 30.406889 26.399664 17.661470 14.663939 20.174139 21.099901 21.077656 21.236834 22.986620 25.122972 27.223982 28.779512 29.715733 30.708832 28.206289 21.818502 20.645628 22.444891 21.832127 26.659317 27.856144 25.792850 25.512684 21.753702 20.378727 11.921401 11.582644 23.197718 31.084314 32.667645 28.950329 30.103565 25.680008 17.176142 27.927809 33.715500 28.590101 31.376617 23.983555 17.678616 22.546928 22.118219 25.403067
30.346924 33.179607 31.120747 27.478008 24.666666 23.213634 20.857431 23.509899 28.050749 27.150438 28.141264 25.470854 10.299758 3.921032 4.743303 5.315972 5.293642 16.660862 28.199030 25.507183 23.641836 21.608099 21.738304 22.887350 22.768541 22.629522 23.974926 26.146101 28.169060 29.170168 29.614050 31.147573 28.845987 21.906782 19.430145 23.198282 24.890512 26.787989 25.928810 26.277994 23.414005 19.301491 15.423186 6.819315 24.788172 29.797459 32.969944 31.562609 29.470427 33.250351 29.695768 24.914248 16.807140 23.311081 26.827890 33.795105 34.959316 21.193060 24.250652 29.276842 30.289646
