geotop_simulations/templates/TEST_Venosta_3D_034_template/input-maps/slope.asc
ncols         252
nrows         194
xllcorner     598250.000000
yllcorner     5144500.000000
cellsize      250.000000
NODATA_value  -9999.0
[rows 0 to 26 of 194, columns 61 to 121 of 252]
-9999.0 -9999.0 -9999.0 -9999.0 -9999.0 -9999.0 -9999.0 -9999.0 -9999.0 -9999.0 -9999.0 -9999.0 -9999.0 -9999.0 -9999.0 -9999.0 -9999.0 -9999.0 -9999.0 -9999.0 -9999.0 -9999.0 -9999.0 -9999.0 -9999.0 -9999.0 -9999.0 -9999.0 -9999.0 -9999.0 -9999.0 -9999.0 -9999.0 -9999.0 -9999.0 -9999.0 -9999.0 -9999.0 -9999.0 -9999.0 -9999.0 -9999.0 -9999.0 -9999.0 -9999.0 -9999.0 -9999.0 -9999.0 -9999.0 -9999.0 -9999.0 -9999.0 -9999.0 -9999.0 -9999.0 -9999.0 -9999.0 -9999.0 -9999.0 -9999.0 -9999.0
-9999.0 -9999.0 -9999.0 -9999.0 -9999.0 -9999.0 -9999.0 -9999.0 -9999.0 -9999.0 -9999.0 -9999.0 -9999.0 -9999.0 -9999.0 -9999.0 -9999.0 -9999.0 -9999.0 -9999.0 -9999.0 -9999.0 -9999.0 -9999.0 -9999.0 -9999.0 -9999.0 -9999.0 -9999.0 -9999.0 -9999.0 -9999.0 -9999.0 -9999.0 -9999.0 -9999.0 -9999.0 -9999.0 -9999.0 -9999.0 -9999.0 -9999.0 -9999.0 -9999.0 -9999.0 -9999.0 -9999.0 -9999.0 -9999.0 -9999.0 -9999.0 -9999.0 -9999.0 -9999.0 7.102187 17.430130 15.643433 -9999.0 -9999.0 -9999.0 -9999.0
-9999.0 -9999.0 -9999.0 -9999.0 -9999.0 -9999.0 -9999.0 -9999.0 -9999.0 -9999.0 -9999.0 -9999.0 -9999.0 -9999.0 -9999.0 -9999.0 -9999.0 -9999.0 -9999.0 -9999.0 -9999.0 -9999.0 -9999.0 -9999.0 -9999.0 -9999.0 -9999.0 -9999.0 -9999.0 -9999.0 -9999.0 -9999.0 -9999.0 -9999.0 -9999.0 -9999.0 -9999.0 -9999.0 -9999.0 -9999.0 -9999.0 -9999.0 -9999.0 -9999.0 -9999.0 -9999.0 -9999.0 -9999.0 -9999.0 -9999.0 -9999.0 -9999.0 -9999.0 16.517067 14.232284 7.652828 -9999.0 -9999.0 -9999.0 -9999.0 -9999.0
-9999.0 -9999.0 -9999.0 -9999.0 -9999.0 -9999.0 -9999.0 -9999.0 -9999.0 -9999.0 -9999.0 -9999.0 -9999.0 -9999.0 -9999.0 -9999.0 -9999.0 -9999.0 -9999.0 -9999.0 -9999.0 -9999.0 -9999.0 -9999.0 -9999.0 -9999.0 -9999.0 -9999.0 -9999.0 -9999.0 -9999.0 -9999.0 -9999.0 -9999.0 -9999.0 -9999.0 -9999.0 -9999.0 -9999.0 -9999.0 -9999.0 -9999.0 -9999.0 -9999.0 -9999.0 -9999.0 -9999.0 -9999.0 -9999.0 -9999.0 -9999.0 -9999.0 19.122252 20.038050 21.183807 15.251240 2.376584 7.779890 19.789186 -9999.0 -9999.0
-9999.0 -9999.0 -9999.0 -9999.0 -9999.0 -9999.0 -9999.0 -9999.0 -9999.0 -9999.0 -9999.0 -9999.0 -9999.0 -9999.0 -9999.0 -9999.0 -9999.0 -9999.0 -9999.0 -9999.0 -9999.0 -9999.0 -9999.0 -9999.0 -9999.0 -9999.0 -9999.0 -9999.0 -9999.0 -9999.0 -9999.0 -9999.0 -9999.0 -9999.0 -9999.0 -9999.0 -9999.0 -9999.0 -9999.0 -9999.0 -9999.0 -9999.0 -9999.0 -9999.0 -9999.0 -9999.0 -9999.0 -9999.0 -9999.0 -9999.0 -9999.0 14.993338 18.887474 12.139419 16.610027 26.185602 27.308920 24.089104 17.102213 7.368669 4.863480
-9999.0 -9999.0 -9999.0 -9999.0 -9999.0 -9999.0 -9999.0 -9999.0 -9999.0 -9999.0 -9999.0 -9999.0 -9999.0 -9999.0 -9999.0 -9999.0 -9999.0 -9999.0 -9999.0 -9999.0 -9999.0 -9999.0 -9999.0 -9999.0 -9999.0 -9999.0 -9999.0 -9999.0 -9999.0 -9999.0 -9999.0 -9999.0 -9999.0 -9999.0 -9999.0 -9999.0 -9999.0 -9999.0 -9999.0 -9999.0 -9999.0 -9999.0 -9999.0 -9999.0 -9999.0 -9999.0 -9999.0 -9999.0 16.692453 4.260760 15.451717 16.947348 14.276826 15.411360 11.032440 15.757859 21.430149 26.675533 28.553200 29.503458 26.250938
-9999.0 -9999.0 -9999.0 -9999.0 -9999.0 -9999.0 -9999.0 -9999.0 -9999.0 -9999.0 -9999.0 -9999.0 -9999.0 -9999.0 -9999.0 -9999.0 -9999.0 -9999.0 -9999.0 -9999.0 -9999.0 -9999.0 -9999.0 -9999.0 -9999.0 -9999.0 -9999.0 -9999.0 -9999.0 -9999.0 -9999.0 -9999.0 -9999.0 -9999.0 -9999.0 -9999.0 -9999.0 -9999.0 -9999.0 -9999.0 10.813256 3.839893 14.059356 12.153920 10.514849 10.477550 13.202291 15.372328 18.000772 19.310814 21.723202 20.463671 21.808353 21.883984 15.875671 15.485421 15.930866 17.368237 19.197659 21.103779 21.044323
-9999.0 -9999.0 -9999.0 -9999.0 -9999.0 -9999.0 -9999.0 -9999.0 -9999.0 -9999.0 -9999.0 -9999.0 -9999.0 -9999.0 -9999.0 -9999.0 -9999.0 -9999.0 -9999.0 -9999.0 -9999.0 -9999.0 -9999.0 -9999.0 -9999.0 -9999.0 -9999.0 -9999.0 -9999.0 -9999.0 -9999.0 -9999.0 -9999.0 -9999.0 -9999.0 -9999.0 -9999.0 -9999.0 -9999.0 5.834719 20.065063 24.889090 24.576649 22.767237 21.382643 18.836674 19.100771 17.395741 9.881024 12.677596 15.716606 11.253584 14.251370 19.050417 16.382484 15.360503 11.723018 10.006820 11.883924 15.733810 22.494074
-9999.0 -9999.0 -9999.0 -9999.0 -9999.0 -9999.0 -9999.0 -9999.0 -9999.0 -9999.0 -9999.0 -9999.0 -9999.0 -9999.0 -9999.0 -9999.0 -9999.0 -9999.0 -9999.0 -9999.0 -9999.0 -9999.0 -9999.0 -9999.0 -9999.0 -9999.0 -9999.0 -9999.0 -9999.0 -9999.0 -9999.0 -9999.0 -9999.0 -9999.0 -9999.0 -9999.0 -9999.0 -9999.0 14.154408 23.095989 21.364614 20.129971 18.679703 19.475542 16.141232 10.685593 13.530951 18.641630 10.934644 12.156145 14.091605 12.190217 18.500652 20.009739 15.545732 15.999777 14.730924 11.600269 16.814613 22.099817 27.248512
-9999.0 -9999.0 -9999.0 -9999.0 -9999.0 -9999.0 -9999.0 -9999.0 -9999.0 -9999.0 -9999.0 -9999.0 -9999.0 -9999.0 -9999.0 -9999.0 -9999.0 -9999.0 -9999.0 -9999.0 -9999.0 -9999.0 -9999.0 -9999.0 -9999.0 -9999.0 -9999.0 -9999.0 -9999.0 -9999.0 -9999.0 -9999.0 -9999.0 15.259501 4.618181 3.006494 9.556846 18.026110 22.657249 20.693754 13.646509 13.499796 15.368840 16.069754 12.510277 10.947144 13.977862 18.238522 16.611351 14.106894 18.835058 16.714043 21.077494 20.175787 13.775894 14.813203 12.225635 15.198466 24.920664 22.534622 24.554876
-9999.0 -9999.0 -9999.0 -9999.0 -9999.0 -9999.0 -9999.0 -9999.0 -9999.0 -9999.0 -9999.0 -9999.0 -9999.0 -9999.0 -9999.0 -9999.0 -9999.0 -9999.0 -9999.0 -9999.0 -9999.0 -9999.0 -9999.0 -9999.0 -9999.0 -9999.0 -9999.0 -9999.0 -9999.0 -9999.0 -9999.0 -9999.0 14.256455 23.435328 18.443136 20.389532 20.613869 17.626093 15.552087 11.074817 7.904810 10.928281 14.383887 14.484358 12.632290 13.306228 18.036654 18.619198 17.968679 11.791356 15.947050 13.419925 18.620838 20.333628 13.535226 12.226708 17.029724 28.483534 29.392933 18.896465 21.142750
-9999.0 -9999.0 -9999.0 -9999.0 -9999.0 -9999.0 -9999.0 -9999.0 -9999.0 -9999.0 -9999.0 -9999.0 -9999.0 -9999.0 -9999.0 -9999.0 -9999.0 -9999.0 -9999.0 -9999.0 -9999.0 -9999.0 -9999.0 -9999.0 -9999.0 -9999.0 -9999.0 -9999.0 -9999.0 -9999.0 -9999.0 -9999.0 16.198376 19.238110 12.210723 11.771217 12.381367 13.371203 13.805066 11.254207 9.341876 13.455937 15.336287 13.608060 12.068475 15.247914 21.911718 25.636980 22.460138 17.059320 11.051391 18.345165 19.520834 20.941242 12.187936 24.904301 27.462328 23.411943 18.984409 11.378909 18.079540
-9999.0 -9999.0 -9999.0 -9999.0 -9999.0 -9999.0 -9999.0 -9999.0 -9999.0 -9999.0 -9999.0 -9999.0 -9999.0 -9999.0 -9999.0 -9999.0 -9999.0 -9999.0 -9999.0 -9999.0 -9999.0 -9999.0 -9999.0 -9999.0 -9999.0 -9999.0 -9999.0 -9999.0 -9999.0 -9999.0 -9999.0 8.335070 16.209148 14.732605 12.785265 12.576161 13.712735 15.547214 14.561050 16.767624 16.563738 17.523382 17.958765 14.444372 13.085957 18.974949 19.816372 24.778965 21.372744 19.432058 18.277170 19.163498 23.212761 21.703861 12.879420 33.305676 24.175619 15.995345 22.826323 21.439886 21.890217
-9999.0 -9999.0 -9999.0 -9999.0 -9999.0 -9999.0 -9999.0 -9999.0 -9999.0 -9999.0 -9999.0 -9999.0 -9999.0 -9999.0 -9999.0 -9999.0 -9999.0 -9999.0 -9999.0 -9999.0 -9999.0 -9999.0 -9999.0 -9999.0 -9999.0 -9999.0 -9999.0 -9999.0 10.502083 7.297719 11.098189 13.402930 13.064890 16.951347 17.506542 15.896019 15.841705 16.798578 13.739521 16.139132 17.421696 18.636255 22.791506 21.418381 18.899874 21.129179 14.882315 21.485327 21.845615 23.182716 29.482582 26.815525 23.613857 17.773106 18.342714 30.694761 20.587324 12.156780 17.386911 23.340212 25.074974
-9999.0 -9999.0 -9999.0 -9999.0 -9999.0 -9999.0 -9999.0 -9999.0 -9999.0 -9999.0 -9999.0 -9999.0 -9999.0 -9999.0 -9999.0 -9999.0 -9999.0 -9999.0 -9999.0 -9999.0 -9999.0 -9999.0 -9999.0 -9999.0 -9999.0 -9999.0 3.889495 10.816006 16.127342 18.437260 13.285849 11.480194 13.156886 20.389227 19.999178 17.225965 14.998327 12.966065 11.077706 15.418553 19.914837 23.358810 27.887026 25.827030 25.921301 25.721231 23.100649 28.936087 31.134895 32.563545 33.243519 29.129795 23.716869 12.237815 23.944670 26.934917 19.904524 22.442019 31.078806 28.941225 9.705594
-9999.0 -9999.0 -9999.0 -9999.0 -9999.0 -9999.0 -9999.0 -9999.0 -9999.0 -9999.0 -9999.0 -9999.0 -9999.0 -9999.0 -9999.0 -9999.0 -9999.0 -9999.0 -9999.0 -9999.0 -9999.0 -9999.0 -9999.0 -9999.0 -9999.0 -9999.0 17.338377 19.034248 16.522570 14.027288 13.473421 15.375815 13.179523 14.657022 19.453815 15.982825 16.943260 16.376249 16.461184 18.547543 24.632502 27.599070 28.541191 25.658459 28.548670 29.347004 28.506645 32.046204 34.495892 32.781189 27.021982 24.556433 19.883524 14.150883 27.174328 28.233789 22.220751 22.784870 30.439899 11.394220 21.817484
-9999.0 -9999.0 -9999.0 -9999.0 -9999.0 -9999.0 -9999.0 -9999.0 -9999.0 -9999.0 -9999.0 -9999.0 -9999.0 -9999.0 -9999.0 -9999.0 -9999.0 -9999.0 -9999.0 -9999.0 -9999.0 -9999.0 -9999.0 -9999.0 4.338059 15.100919 19.934118 13.954105 12.457298 10.691162 16.568295 18.105925 18.740599 13.208019 21.871943 22.878391 18.968987 20.628040 21.128309 23.396111 27.720655 25.716164 23.441084 21.540180 23.873301 26.303188 23.055922 22.609398 24.849918 23.344017 21.960623 24.201385 20.107216 20.668913 26.831701 29.081064 26.931017 28.433510 33.360950 13.021701 25.863771
-9999.0 -9999.0 -9999.0 -9999.0 -9999.0 -9999.0 -9999.0 -9999.0 -9999.0 16.701391 9.214801 5.751570 13.613928 33.108791 34.203499 25.300335 -9999.0 -9999.0 -9999.0 -9999.0 9.725995 7.088589 12.627846 17.699162 20.579969 19.107786 18.928493 15.022846 16.455431 10.017284 13.395134 18.703257 19.424511 25.382700 25.403067 25.698048 21.593182 25.024994 28.502001 31.509027 30.371994 24.992790 22.428146 20.522219 17.867319 16.690119 13.115205 13.351566 14.537005 14.384202 14.843172 18.911163 24.046461 27.544748 28.572908 29.526049 27.798992 30.796591 33.178211 24.511139 27.602663
-9999.0 -9999.0 -9999.0 -9999.0 -9999.0 -9999.0 -9999.0 -9999.0 34.022266 28.247555 21.153315 17.025492 20.280107 34.896595 35.975323 29.681927 27.915676 19.577614 6.170604 16.242773 20.547537 23.060822 24.287405 23.427814 19.494610 14.353664 14.988596 14.638707 15.439580 18.216980 10.278676 24.328888 21.331076 24.901102 29.966311 27.054403 24.291281 24.489279 29.541056 30.303446 24.545433 19.922575 17.119091 11.740429 2.785920 4.525986 7.981665 10.103931 9.798848 4.988364 1.292311 4.848603 16.125326 26.416861 28.985126 31.418972 31.628298 32.075161 33.275040 31.780628 28.282150
-9999.0 -9999.0 -9999.0 -9999.0 -9999.0 -9999.0 -9999.0 -9999.0 31.394020 32.762169 28.430073 24.308279 25.510118 34.889854 36.970615 35.726887 34.790405 26.104311 24.525152 19.851337 11.324384 12.497718 16.483458 13.937153 13.795112 14.620573 7.672487 15.807510 10.616814 19.454790 21.133469 24.089424 26.683067 24.950960 28.526226 28.943228 26.514093 26.811169 24.270069 19.414356 10.717950 4.590776 3.649125 12.841383 19.633661 22.833185 25.284451 26.252831 26.091885 25.453394 21.757715 13.929985 3.252965 15.775463 25.399521 29.989452 31.891853 29.065260 27.088245 24.759745 20.695480
-9999.0 -9999.0 -9999.0 -9999.0 -9999.0 -9999.0 -9999.0 10.734956 21.093956 27.475992 26.655214 24.158401 25.476906 31.022667 32.549438 33.397274 34.557747 33.104630 24.146275 14.711035 8.757680 13.315172 17.396200 13.194128 12.494576 15.344833 14.792329 11.291874 16.891403 13.988533 22.713518 25.489077 28.981171 29.809830 25.536013 25.261850 27.322340 25.995773 15.279354 3.022460 14.906457 21.569738 25.267082 29.425341 30.778133 31.053057 31.058504 28.717354 26.546890 27.440245 30.261301 29.022854 23.894087 9.217425 13.639571 29.094610 33.559303 32.695564 30.451635 21.497452 13.823249
-9999.0 -9999.0 -9999.0 -9999.0 -9999.0 -9999.0 6.955880 2.626148 10.540924 17.060814 23.895046 27.774652 28.215309 31.436176 31.462563 34.606026 38.200306 34.888969 25.418909 19.098703 10.275311 15.881495 16.155062 13.638484 12.094583 13.061844 18.553221 14.601690 19.416559 23.389584 24.528633 28.219725 32.784679 31.900879 26.751209 22.154383 18.666256 10.138055 5.645643 21.048105 29.640249 29.966593 30.062372 30.376797 28.263746 26.420141 25.284475 24.392418 21.801472 18.733555 21.292068 25.697878 29.503111 28.274349 13.447140 14.739940 29.701660 32.819538 32.484447 26.867514 23.046461
-9999.0 -9999.0 -9999.0 -9999.0 -9999.0 11.620605 9.759533 2.926825 7.607560 10.394708 19.831669 27.972994 30.314312 33.827663 33.191326 32.621086 33.077473 32.786392 28.586168 16.304176 16.783133 19.916935 15.558581 12.221656 12.497780 12.835519 15.274739 17.809004 20.112286 29.284344 26.387646 28.149258 31.815626 29.536406 24.288645 13.564885 1.879547 12.358424 25.027433 29.665230 29.289473 24.048573 23.624224 23.796772 20.314039 19.171513 19.618710 19.742199 16.555683 12.564411 13.118824 16.493780 22.612183 29.750412 30.315990 20.224237 4.413984 17.034290 27.725471 29.305037 30.421843
-9999.0 -9999.0 -9999.0 -9999.0 13.840637 15.758240 11.635797 4.749185 5.299712 7.539016 14.066458 20.773849 25.330969 29.693853 27.875265 24.776100 32.495968 35.426979 22.939360 20.447895 25.221231 21.845215 18.216469 14.853838 17.341387 21.251493 19.774376 19.958426 19.594944 30.124521 30.253954 26.374294 27.767775 24.199608 11.675925 8.559200 18.518715 27.483644 32.966305 30.589697 26.340057 22.385389 23.539110 24.064493 23.896235 24.976450 23.333942 21.251396 20.205843 14.447084 14.149281 19.015537 22.413343 27.155392 31.469254 32.056904 26.452942 12.141163 9.905732 21.009619 28.723404
16.254868 20.004078 13.687445 5.555988 15.627152 20.607330 9.402426 1.424407 1.219985 4.331566 10.901819 14.647534 17.876101 23.613747 27.171059 33.261486 37.744556 28.901760 13.383460 27.817350 27.856546 22.428532 18.585405 18.842089 23.115671 28.575180 24.966011 26.281166 25.554237 31.730852 31.693945 24.317099 20.790049 11.037746 10.042964 24.402163 25.884142 29.406496 30.529291 24.819738 20.835257 19.113766 21.080793 22.065681 23.756912 24.243328 22.832539 21.364235 22.102392 14.027288 16.286705 20.564013 22.900534 22.462742 25.527224 27.684921 30.113178 27.879089 18.642712 4.948260 16.575325
18.592943 16.176395 12.752802 9.552874 14.227667 19.866735 9.156461 0.809316 0.124783 2.371670 9.099130 12.547194 15.294785 25.637537 32.739929 36.297794 34.476597 19.972603 21.203590 26.981503 24.522812 22.150127 16.811356 17.877428 23.932272 29.580952 21.913036 24.755518 28.282150 30.875912 29.772726 20.795885 12.949570 6.426389 23.070873 26.329645 24.069759 27.058672 28.197660 22.771763 17.995548 16.645962 19.245096 22.060278 22.009739 19.380079 13.284470 16.162769 20.822594 11.371245 19.000036 17.342014 21.287474 15.900112 18.196819 21.944786 25.059721 27.523794 24.658165 20.414940 11.527231
18.198904 9.545256 15.304333 16.505562 11.798717 15.481963 14.247828 6.824069 1.173179 0.818558 6.198748 11.275980 17.215469 28.676241 36.136536 37.113434 33.702694 24.690758 26.945982 27.835772 22.932899 23.913441 22.417942 22.927902 26.091200 27.388517 19.859373 24.643236 29.403122 30.086971 26.374781 15.316466 3.681849 17.546822 27.253874 25.941290 25.269421 28.038141 27.810362 23.750721 22.933388 24.290649 25.802843 26.833302 24.710241 18.894817 15.423379 18.519005 19.862600 9.608651 22.746910 17.919840 23.287512 16.996721 15.681844 18.952093 19.408606 23.471560 24.707211 24.653473 23.929844
