geotop_simulations/templates/TEST_Venosta_3D_034_template/input-maps/slope.asc
ncols         252
nrows         194
xllcorner     598250.000000
yllcorner     5144500.000000
cellsize      250.000000
NODATA_value  -9999.0
[rows 54 to 80 of 194, columns 122 to 182 of 252]
16.738174 22.470995 27.939701 30.803062 25.839151 5.130382 37.394268 42.189327 35.597214 10.169147 13.655031 12.782563 10.547469 16.060980 3.188086 23.785919 26.039782 27.354696 24.600384 17.560461 22.051897 20.351595 12.232704 11.507591 16.013433 17.752831 22.542660 25.507061 17.683224 5.012409 11.889657 21.498775 31.164143 36.491745 34.238789 33.582798 24.634953 14.356501 33.791012 33.600815 26.579369 24.242800 37.313488 36.382240 18.185017 27.270786 34.521217 32.163364 16.032232 20.898870 29.741835 33.121883 31.592361 27.621220 24.684532 30.100515 32.918262 34.462982 32.775574 26.734001 25.399719
24.629816 25.120768 28.731945 29.691862 22.610451 8.545740 36.695953 41.844013 34.697968 14.684824 17.532661 13.833564 16.128347 16.494448 13.256738 23.771408 25.554068 17.391077 17.069555 24.183346 25.339939 16.407530 6.037112 6.167853 11.299459 15.269760 22.939848 28.675152 22.238800 9.432960 6.103042 15.975059 25.066055 32.830593 35.982609 35.018612 30.003542 11.469148 36.423920 39.510674 29.699160 19.159121 36.844025 37.409077 24.558508 26.743843 33.002476 35.011524 17.952684 22.386072 28.904106 31.696749 31.873274 28.150444 31.355272 33.691601 31.932741 30.171087 30.289263 21.166574 21.496759
21.913895 21.544575 23.915680 27.546995 21.324535 12.052325 35.025455 39.562931 32.263077 14.045138 8.890486 13.917292 17.829683 21.433565 23.114054 16.749308 27.593042 21.954082 22.693123 22.700235 20.013523 13.988533 10.955707 18.713882 22.223995 22.719458 24.584909 29.916565 27.804264 14.671724 3.367573 12.952410 23.711538 32.528954 36.597771 35.906109 31.542622 16.248890 34.582596 40.162670 32.601086 15.311149 33.901569 37.166687 33.537292 34.504284 33.310791 36.629829 20.519398 22.829445 30.152809 32.519131 28.978735 31.831356 35.708450 33.775169 28.642401 24.261486 27.536781 14.433938 19.585335
20.219582 20.320707 19.110445 26.924294 23.743603 15.219464 35.966827 37.847023 31.132757 15.813270 4.099344 12.896136 18.501230 26.858376 23.905745 13.775232 32.547096 23.316267 18.414776 20.458818 19.116201 14.959808 22.839184 28.604036 28.325470 29.910019 28.498516 31.277914 31.555550 20.174551 9.455500 7.208786 22.140526 32.154270 37.038322 37.648376 34.294445 17.547907 30.989103 38.524601 34.505699 16.096724 28.533609 31.272419 32.542549 33.952663 30.540695 33.307961 19.333151 21.933281 31.463856 31.321501 28.175295 35.520988 36.807007 35.048420 26.398508 24.009470 25.319098 5.225599 19.376202
23.717442 23.006725 22.693123 29.692280 25.469284 16.481678 35.766277 37.720741 32.244423 23.544857 15.699850 17.364773 26.367615 32.205360 18.581270 15.061074 31.429829 28.965113 22.655729 21.944267 20.085360 22.465818 30.407543 26.586786 26.432968 31.069181 31.327047 34.173820 32.161373 24.279465 19.430145 6.419353 15.339152 27.214909 34.317539 38.391899 37.534546 24.710909 27.651899 35.261391 35.381859 18.506041 22.095577 27.664572 30.774376 30.716335 29.109993 27.374910 16.933146 20.448334 31.334379 30.662758 33.175018 32.224659 30.310734 33.123886 31.707678 28.207680 23.606428 2.125925 22.133335
26.643085 28.690084 31.912949 32.081200 20.077375 13.396557 32.013538 38.237942 33.730732 27.894066 25.101374 21.180691 25.684338 27.720741 17.717440 22.239971 32.364830 32.330448 32.390114 30.147278 22.359678 21.046820 17.886114 3.077186 17.711702 22.928104 28.163239 34.658653 29.871170 24.719820 26.554459 16.555019 7.162822 21.869730 30.006424 38.408993 41.889061 34.648666 29.429953 33.283215 35.259663 25.466269 22.583612 31.065151 31.960363 30.052582 31.298260 29.279991 21.920115 23.885286 33.632595 35.018204 30.731493 20.409294 26.082020 33.034164 32.775528 30.419230 27.746674 11.208196 21.241924
26.979916 26.198124 25.009190 18.941456 5.262124 16.088655 28.555798 37.573833 30.513245 27.731674 35.359360 28.239153 21.335243 25.597534 22.236609 15.485421 28.951637 27.271643 28.134954 29.707798 14.145005 8.720904 15.080666 20.637203 23.856161 20.896938 21.892794 29.239634 28.851871 25.908709 29.938431 26.411469 9.356530 13.177784 25.517548 34.007961 40.708214 38.530117 33.187645 37.516003 38.139523 32.661423 28.424751 32.013474 32.084335 29.416407 27.421904 25.943310 23.339787 23.790747 28.883516 27.860615 22.099817 24.478336 27.340538 31.396278 32.020718 32.458828 31.363001 15.605477 9.111984
26.975021 21.017740 8.208283 6.313473 19.461494 27.814779 30.452795 30.557920 21.140656 20.542912 34.543396 36.021675 30.430838 30.290651 17.629410 4.788687 18.342674 22.872627 28.139744 34.552288 25.290375 21.444942 21.937658 16.390196 17.374743 18.212463 16.914274 18.153694 21.828859 21.919134 27.005816 28.106161 23.388832 11.027060 12.292390 24.951279 33.346313 35.581924 33.063881 37.840218 35.638451 28.919767 21.439919 17.785940 16.805101 15.261755 12.292156 9.883873 10.007240 11.848565 16.360222 18.965818 21.308907 25.410671 28.165817 30.208815 29.572935 30.905832 32.139172 18.594473 6.047817
24.080450 10.182135 17.110844 28.705063 32.593582 32.221684 26.053762 23.816801 22.827017 22.617632 28.505035 34.174122 38.605400 32.256454 3.803602 12.512491 19.256172 22.888559 28.660751 34.644726 27.835093 18.448084 18.578552 20.152863 21.341002 22.019970 18.847052 18.192335 18.549078 18.391676 18.486631 21.943533 28.331482 28.379107 17.493093 1.607947 20.615976 31.130146 31.760527 32.885471 26.685661 16.855337 7.114176 2.973063 6.456611 6.247645 4.286823 2.480776 1.056184 2.334581 9.219961 18.918285 23.983664 23.662033 25.430191 29.871302 31.268972 32.730801 33.143799 23.470978 23.164049
19.612326 11.077283 37.245083 37.852299 36.899509 31.898739 21.861551 23.203476 28.621298 28.256365 27.924707 29.417467 37.208073 30.253019 8.162723 15.501305 15.339104 16.710892 22.929281 32.127380 32.965672 25.951027 16.419924 20.609230 22.937551 23.759800 21.638672 20.087225 17.480124 14.083874 7.667577 14.163269 24.691452 30.503771 30.134985 23.804848 8.931226 12.934828 19.413897 17.890896 9.886769 6.483765 15.177876 24.208036 26.942656 26.600431 25.435488 22.959919 17.302107 9.495296 6.526423 16.877922 26.517334 26.388758 24.477163 31.142485 34.391991 34.227409 31.893166 33.617722 34.607475
11.472402 25.828732 40.064972 32.554096 32.451035 30.770824 26.689095 26.217520 29.575893 30.018045 31.234196 29.199606 26.210306 26.269968 4.448709 15.703817 13.028049 14.864430 17.733053 27.156807 35.771343 31.800064 16.920179 9.445954 14.339682 16.166918 11.084116 5.875083 5.354443 7.468299 8.647407 12.448392 19.145834 25.536989 26.520277 28.037239 26.424040 14.821507 6.268490 7.276668 11.620872 19.653217 29.946722 33.829548 34.377377 36.164455 37.228775 37.083214 34.199013 29.340673 20.472765 8.603747 26.041485 31.283804 28.294163 33.488121 36.499203 33.585854 27.107658 30.329422 33.501610
8.559200 30.457790 39.062656 38.368874 33.174084 27.467340 30.583860 31.044064 31.989603 31.290604 29.311020 24.224066 24.219404 24.504505 7.194951 17.209940 12.343453 16.279251 20.744112 26.375198 32.748611 30.734180 20.191990 11.378635 9.655576 11.856709 18.536833 24.158134 25.537649 23.942650 21.108204 22.017990 23.698601 27.677364 26.591272 27.243191 30.354883 26.519241 20.733425 17.524414 19.488100 27.248247 32.142834 30.632502 32.170593 36.703907 38.963802 38.048260 35.639980 35.960583 35.581303 19.573502 16.141232 30.855728 33.564281 37.778767 39.245403 36.840168 28.107267 30.287727 34.330715
18.310877 34.930004 39.691223 39.613556 33.220009 20.457100 13.219641 21.382421 26.763079 24.641094 25.572224 18.404238 17.098768 10.484811 14.179587 23.265259 15.296928 12.111889 23.680862 27.487480 26.579826 26.797346 25.486261 25.421934 26.553495 26.434378 28.336256 30.352280 30.789301 30.323019 28.587040 25.694881 21.978762 24.580923 24.110315 24.112156 27.785826 28.249374 26.048748 25.080397 28.659037 30.454750 32.142704 32.312698 34.546177 34.889755 32.849876 31.368553 30.311134 31.832006 38.452431 33.119789 9.191111 17.972515 29.101313 36.778206 38.665363 36.823544 28.664524 30.350439 32.657875
24.748549 37.542107 36.837353 34.016361 32.777653 31.295782 24.014408 19.560978 22.113651 18.589079 25.016249 17.624128 2.780350 14.043683 28.394186 30.232042 28.495562 21.683809 10.700315 28.097479 29.444969 30.389233 31.132532 30.128899 29.329632 29.394958 30.754335 30.354883 29.794086 29.452951 27.285950 21.497452 21.301479 20.065928 17.943399 18.445688 20.767015 23.559328 25.727747 26.930412 28.251816 27.009653 31.027809 32.443783 31.216347 23.419352 20.225573 26.902575 27.654581 28.614176 36.356628 37.380894 21.390793 6.590977 20.671604 31.654043 37.435055 35.920731 28.525127 30.941166 31.956314
26.638226 32.438278 31.520624 32.102760 30.930107 32.530804 33.558765 33.429680 32.571621 29.270718 30.789976 20.002653 14.957356 23.923237 26.922768 27.177263 22.107235 24.725981 12.461501 15.774446 26.749781 30.922489 32.027237 30.140045 26.185978 22.482613 18.429331 17.588081 20.698400 22.685278 21.123663 21.934721 24.605297 22.984760 21.400238 19.327951 17.599901 19.958252 22.269983 20.873344 19.927973 20.533760 25.684628 27.766880 19.734383 11.795630 22.121758 25.180712 24.586489 28.952469 34.945053 37.467911 28.780954 7.953538 13.064187 26.103910 36.488491 38.100033 34.481571 35.612617 34.875984
31.089472 31.433582 26.988562 27.148781 20.037634 11.684830 17.565891 27.156055 28.254503 30.709171 35.238708 26.522207 23.583900 24.533205 22.368967 26.117790 17.360182 23.680862 26.058823 8.774828 15.113382 23.033112 22.908070 20.214170 14.435765 9.522445 8.081573 13.271705 8.252129 4.866821 7.696779 20.362963 23.511782 25.657127 25.015392 17.706696 11.413327 13.419868 16.422249 16.921904 19.233242 23.884474 24.891504 27.081051 17.149763 19.433468 25.098063 22.019482 22.804453 31.217558 34.267548 33.652588 30.470528 15.890342 3.365632 14.896024 29.382650 37.044907 36.613766 36.232098 33.755550
29.443640 33.804043 33.927349 36.822205 33.063740 27.535572 24.380152 25.279739 17.203272 20.118494 30.065338 19.714275 23.718508 17.733704 15.485565 23.645405 14.456882 18.797243 29.316799 28.104805 11.070587 14.082746 22.023590 23.617075 20.393324 21.126598 22.425419 23.438416 26.017139 16.788006 7.771342 20.836308 26.791855 26.481991 27.159836 15.990127 8.559200 11.090662 17.369238 21.890308 25.833168 32.564789 33.356247 28.315748 14.438322 21.723419 29.107166 26.749214 30.587452 35.747662 33.886719 25.590189 24.246212 26.013159 18.944181 6.968828 7.184668 20.833000 27.055479 27.534725 24.399845
13.671610 32.453362 30.101181 27.100782 21.119244 20.748775 27.445438 26.699100 20.306414 24.918152 21.719355 10.158231 24.248405 23.501923 21.446836 26.126762 17.835091 15.220445 25.150969 33.183826 30.135784 28.305876 26.854008 24.592184 21.951973 24.294550 24.070936 18.303423 17.991001 23.147062 24.192183 17.060814 26.466505 29.905228 24.002760 15.385642 17.276030 23.943834 29.911591 31.945202 31.626949 28.468025 15.995852 2.065727 13.927308 23.166767 30.471342 36.769268 37.465130 33.742996 23.709843 12.985662 25.144943 32.086792 31.697807 26.301739 18.920389 12.436200 5.506752 5.514899 5.832456
13.933184 25.108944 34.918049 33.107079 29.236126 18.043652 16.903793 16.814440 17.000963 23.669901 7.016174 21.787573 22.196333 22.045486 27.008247 27.476254 17.658365 12.847764 20.231014 31.309299 33.741173 29.633028 27.953629 21.475586 20.240902 22.791506 19.042854 11.800689 26.671801 34.781307 25.888872 12.284577 31.768194 25.921469 18.532148 18.962502 25.041235 31.887074 34.236156 34.260941 27.846312 7.647799 16.604340 27.682867 31.618988 34.314533 35.995354 40.246658 37.041622 21.539520 10.399267 25.015644 28.437458 31.219112 32.217777 31.375540 28.447414 30.063379 30.304951 26.929441 28.723391
23.526281 6.626965 27.429552 32.794769 33.661903 29.885416 28.076691 19.168682 15.888713 14.166684 11.997383 24.570950 20.584082 14.353664 13.184742 15.043342 8.808838 10.039905 20.702944 29.733232 33.688107 29.298677 25.290747 22.673517 23.857056 24.221207 13.713400 14.760241 35.983318 37.028412 16.349794 20.887276 27.899117 27.388800 27.626053 27.968975 30.866928 33.365822 29.485231 19.963095 17.897324 20.212183 19.897072 20.836308 21.607849 26.375198 33.807472 37.926369 28.134912 5.761698 28.384031 33.838676 32.179665 32.704586 31.534195 28.776688 28.403206 32.450794 33.751492 31.753675 32.981831
29.493235 14.933562 12.954006 28.045033 30.954100 28.513365 31.464350 30.415239 21.676435 11.911524 19.444872 24.617832 21.102486 16.951735 15.046124 11.649302 6.779991 15.494396 27.515362 29.610754 33.056320 30.372086 21.712152 19.618067 21.487720 22.314074 14.198011 23.304884 37.636497 35.558762 17.003492 14.655380 16.257402 28.234287 35.263660 35.659447 35.952648 35.846802 26.366804 19.507261 22.528553 23.042925 19.752661 18.076805 18.098522 28.035563 33.681499 25.158665 8.027590 25.187822 37.259007 33.751019 32.455750 34.178108 34.876526 29.470427 27.476969 28.648458 31.766640 33.621323 32.988586
30.514002 25.688280 10.722467 18.408772 27.881378 31.318064 35.337650 33.059227 19.999178 7.087000 10.200350 23.343149 22.737000 20.863405 24.106930 16.355145 8.486752 18.386747 25.946243 21.228857 26.108177 30.535309 26.297249 21.636175 19.285671 19.666552 14.318151 29.353682 36.955536 32.883301 29.324245 23.984846 15.028272 11.953504 17.408226 27.084404 30.610691 21.941208 16.369022 25.831442 29.518024 31.432285 29.645351 23.794487 24.868958 36.683144 31.160656 10.050410 24.586878 33.329231 34.767502 25.531448 22.808186 26.592461 27.738077 23.206440 25.135662 28.331894 31.513170 30.781548 23.497269
30.969725 30.284929 22.989882 10.504100 25.130632 34.857773 38.282421 26.458778 19.847897 24.577400 17.317919 8.262762 19.516275 24.572298 29.546965 22.337265 20.794203 24.212729 25.275499 19.388773 10.032842 23.177542 28.364630 25.116735 19.391054 17.292063 9.954396 27.923527 32.701473 30.693066 29.796741 26.159687 25.025700 28.605616 19.478889 14.169297 7.873673 17.335659 14.932559 5.748613 24.622482 31.082590 34.342453 34.485638 36.290939 36.414001 14.111182 22.185404 33.921600 34.231438 28.799152 18.151445 18.687876 27.287989 18.835697 14.826156 27.344450 31.258440 30.816015 24.529829 22.568630
25.951954 28.568363 30.046329 17.960323 22.098757 33.195068 35.043427 24.327599 26.200186 24.033335 20.948227 15.423041 22.848394 31.000526 30.380072 24.072887 27.887808 30.576153 24.550104 21.849863 13.777712 7.412652 19.064087 25.806372 25.140966 21.721712 15.454172 25.782274 24.191069 21.759027 16.848839 9.701362 15.333323 22.654795 19.567707 11.183891 13.869050 26.487518 23.938446 24.850300 17.952684 30.318146 39.913948 42.842239 37.306377 21.360043 16.749830 35.541393 38.943542 35.453964 30.471903 19.987080 25.327185 27.412302 19.051121 23.168802 31.269386 25.127178 22.921783 25.846464 32.966400
21.405243 24.947416 29.802883 22.084942 16.283092 24.190777 28.527752 21.713551 17.282076 20.208620 28.741787 30.528805 14.314094 31.463261 25.428053 13.750571 27.475126 32.680180 22.667473 17.200232 18.524502 17.614336 12.339891 8.815244 19.564163 21.014751 21.970030 27.297285 23.951782 24.607210 20.902536 11.768581 17.939917 26.691187 26.612835 18.098522 23.723099 24.214663 16.177853 26.794498 30.165266 34.150131 40.949337 41.837063 29.228291 9.789421 33.086491 40.902020 35.978436 28.873957 27.053402 24.661282 30.762918 25.515202 22.371347 28.983841 26.513266 10.103620 26.086929 36.004967 35.723724
26.143938 26.217848 27.269251 17.388454 13.136125 13.827365 16.175119 11.300149 13.127564 26.578087 36.561989 29.571024 9.675682 33.237312 29.297920 21.066813 26.590059 28.855124 18.764885 15.766319 20.542645 26.952518 28.769352 24.137199 15.920700 9.923068 25.730255 31.170368 30.372650 26.733093 11.355626 11.723811 22.995832 28.367115 25.994373 8.479424 27.741661 31.523016 12.242544 11.771349 19.974239 27.621241 37.464333 35.702576 16.814831 22.985189 34.544609 29.081497 21.004871 18.696611 17.280733 24.056923 31.818993 26.214100 28.058432 31.836002 21.286421 20.290064 34.101875 38.136814 25.605703
28.007311 29.395615 29.201130 18.122379 9.694766 9.041341 10.540924 15.840444 20.699461 26.477844 34.005802 24.574059 16.983988 35.274609 31.512831 21.012054 19.119152 20.141266 17.558691 25.453785 33.025387 35.827835 35.935158 34.202789 31.920462 9.398431 25.026505 34.080799 32.303265 27.719887 21.946194 14.820491 28.369785 28.529055 25.805508 17.487860 25.654291 35.429184 26.735430 18.657976 14.887399 20.490536 29.576141 26.263550 23.471727 32.767521 31.038193 24.794306 26.494148 28.831436 24.746908 29.264397 34.840923 33.266155 33.013733 22.640877 21.048117 29.538090 37.471996 33.629326 12.733098
