geotop_simulations/templates/TEST_Venosta_3D_034_template/input-maps/slope.asc
ncols         252
nrows         194
xllcorner     598250.000000
yllcorner     5144500.000000
cellsize      250.000000
NODATA_value  -9999.0
[rows 108 to 134 of 194, columns 183 to 243 of 252]
30.687695 34.140862 34.749054 31.197615 25.935194 22.397278 18.900942 13.113483 7.083329 3.486163 2.143224 1.332426 0.636939 0.576494 0.395074 0.462019 0.813798 2.488459 9.173874 16.554287 22.036640 25.091566 26.527973 29.119730 30.931496 30.457882 28.278931 25.159164 20.089815 12.125216 10.848502 18.902008 24.744652 24.245338 22.753214 20.651119 33.995075 29.334301 27.673744 29.987591 20.034895 28.306433 25.467030 25.912048 26.191372 24.557859 23.810690 27.854767 22.290190 29.909382 28.096476 27.071478 25.669794 25.524780 26.451557 23.082994 19.029016 17.954325 15.978711 13.252244 8.846303
34.627445 36.215530 33.341522 27.541513 19.834360 10.890447 5.734320 2.545854 0.422465 0.681040 0.048383 0.665620 0.590056 0.690667 0.332100 3.972181 8.846571 14.612446 22.345741 28.017403 30.743576 30.910112 29.974363 30.169172 30.170553 28.121784 26.083176 25.164661 25.067387 19.093382 11.101845 22.339859 25.151167 22.111835 24.604290 20.850208 36.309029 28.888849 24.419357 30.880306 23.960424 24.128038 32.624325 24.859186 21.766455 20.273148 20.753799 26.944660 23.266159 32.731857 29.343985 26.514853 23.666201 21.102486 20.370016 17.270990 14.900024 13.028812 10.537204 7.662873 -9999.0
32.183609 25.418793 14.385991 6.470535 3.809738 4.528323 5.051313 3.916234 1.940350 0.126650 0.685781 0.296544 0.678380 0.713853 2.744316 11.371204 17.819340 23.257412 30.995464 34.067314 32.668262 31.082224 31.052149 30.787014 29.166939 28.413858 28.876825 28.330164 29.096733 24.791239 11.585126 23.646723 25.331043 18.149788 27.077875 22.691139 36.641724 30.584667 22.376554 26.828159 25.558065 18.349134 34.008076 23.247000 13.916257 16.472414 19.616356 27.380602 26.531326 33.783260 28.240601 22.271990 16.618580 15.846376 15.644618 11.978341 11.705134 10.583315 6.337981 -9999.0 -9999.0
12.003454 4.416575 7.319685 9.203396 8.445231 7.370629 7.170224 6.238961 4.767366 5.332591 6.362303 6.281075 6.490618 10.109253 15.917630 22.606359 25.250475 26.236542 32.216217 32.587330 27.405117 25.801186 27.843428 27.021759 24.928293 24.818512 25.840836 25.932455 30.015593 26.348049 13.206978 24.031942 27.698938 16.542837 27.647524 22.574066 36.615219 33.290028 24.688778 28.678942 30.774002 25.082506 27.981258 26.055866 18.091511 22.703178 25.533010 29.057402 27.115284 31.454811 28.037134 23.096130 17.342138 16.103136 13.260021 8.849538 6.243884 -9999.0 -9999.0 -9999.0 -9999.0
5.329554 6.448558 7.209343 7.106940 7.428658 7.165515 7.582119 8.405487 11.691801 16.897011 20.343708 20.569695 19.995146 23.956118 29.058880 31.266853 31.260061 28.666702 29.342997 28.156998 21.160524 21.615631 22.825397 21.137722 22.523691 24.086220 22.977001 23.468979 31.214773 23.648945 16.034029 27.473434 30.144695 20.875706 27.999037 26.291540 34.830402 33.442837 24.382460 27.662258 31.036497 29.767084 26.860537 24.335516 23.787088 23.553944 26.543081 27.750383 24.133152 25.951954 25.354288 20.445499 20.880526 17.418663 11.481617 5.749599 -9999.0 -9999.0 -9999.0 -9999.0 -9999.0
8.104085 8.584566 8.237121 7.486323 7.619663 7.571643 8.546626 14.334579 21.662020 25.050770 25.719301 26.145819 26.767900 29.763687 31.969086 33.730774 35.220100 32.805054 28.981804 29.040848 26.738514 28.602598 25.076632 20.930790 21.215300 20.262804 15.020755 25.166983 31.016510 16.953583 24.840111 32.713112 32.363300 28.582886 32.016502 30.587219 31.127892 33.764999 23.808842 20.471790 24.107916 28.480576 29.190229 22.284803 22.411057 23.715912 20.291698 19.096264 21.308365 20.139097 22.534180 14.684415 16.468271 15.536313 9.883498 -9999.0 -9999.0 -9999.0 -9999.0 -9999.0 -9999.0
7.468729 7.868692 7.971316 8.152931 8.483652 9.092023 12.509354 21.689407 27.088045 27.057205 24.517250 23.076197 23.728342 28.525414 32.413521 35.935764 37.239731 35.223244 30.553656 27.332447 29.419163 28.374241 26.450079 23.580704 21.670523 16.962049 18.029015 27.594915 29.486940 13.062606 29.496382 32.515587 30.651348 27.813187 28.042938 31.092764 31.242983 34.655582 24.324863 20.150042 24.361788 31.979620 32.068531 30.819273 27.031052 23.360125 19.572035 11.809619 20.519398 22.663822 24.388567 16.163271 10.501560 7.149344 -9999.0 -9999.0 -9999.0 -9999.0 -9999.0 -9999.0 -9999.0
6.673508 7.687927 7.409729 7.642768 8.599211 11.750314 20.432034 28.379908 28.483349 26.355734 25.944958 26.441376 24.651205 25.148767 32.039543 35.046558 32.828209 30.570274 29.441967 22.389282 26.195169 21.888222 23.065266 25.211149 21.408854 17.881731 20.279255 27.472393 31.348396 17.709301 32.177773 31.669237 28.829279 26.207613 24.833689 30.689283 33.399635 32.790653 22.255598 19.704069 25.961969 30.234079 28.013649 32.066216 34.939266 29.402735 22.313267 20.291153 26.247200 31.519537 29.531179 18.157795 -9999.0 -9999.0 -9999.0 -9999.0 -9999.0 -9999.0 -9999.0 -9999.0 -9999.0
7.970413 8.116695 7.565605 11.214801 19.082514 26.213305 31.868855 32.626385 28.329342 26.201803 27.089245 29.074690 28.064877 22.613707 32.543907 30.968197 24.713041 22.475874 23.025921 22.691139 23.463093 25.867790 23.795902 26.038527 23.820576 23.216484 17.921322 24.215061 32.954006 25.288443 31.419245 33.777435 28.318138 24.490944 21.565779 23.632799 28.066780 28.885963 20.545324 16.137671 16.823298 17.699528 19.954523 29.574003 33.791012 34.120529 31.053057 32.835842 33.932671 31.847437 23.172960 17.856052 -9999.0 -9999.0 -9999.0 -9999.0 -9999.0 -9999.0 -9999.0 -9999.0 -9999.0
8.144207 7.565499 10.379992 19.885485 28.725977 33.108604 33.678699 30.177549 27.255566 27.998743 27.728855 28.251175 29.413382 23.967421 29.043036 28.292347 20.865242 19.481913 17.253839 19.858637 20.613369 26.856373 27.474020 27.017122 31.113756 30.195230 21.467197 24.556019 31.700174 28.150944 25.236830 32.581093 23.878416 16.915222 17.545189 20.856413 24.296026 25.384081 20.324789 17.830168 13.613033 16.814613 23.053387 29.082756 29.667580 32.348053 36.064953 34.298130 21.938148 -9999.0 -9999.0 -9999.0 -9999.0 -9999.0 -9999.0 -9999.0 -9999.0 -9999.0 -9999.0 -9999.0 -9999.0
7.693656 7.995256 12.889238 24.736858 28.938765 27.963419 27.790890 26.878422 27.509716 29.875952 29.710222 29.660839 28.709810 24.928268 23.553944 29.388821 26.024509 23.191193 19.608580 17.639109 17.488068 23.849251 30.097240 19.819221 30.245834 31.591499 25.888273 24.667156 26.349512 25.987513 25.492210 26.984921 25.204273 15.266634 19.997335 24.451733 24.764507 22.205599 19.772364 21.222801 24.267958 28.987818 29.539219 28.528322 19.569746 -9999.0 -9999.0 -9999.0 -9999.0 -9999.0 -9999.0 -9999.0 -9999.0 -9999.0 -9999.0 -9999.0 -9999.0 -9999.0 -9999.0 -9999.0 -9999.0
15.635509 10.780134 11.265833 25.385338 29.964186 27.838657 29.892666 30.386234 30.730015 30.079935 28.019209 27.024435 26.549299 23.298599 22.788347 33.212475 33.472061 27.228296 23.048084 20.777514 21.639326 21.176479 25.594858 17.291433 22.625336 29.557632 24.557989 24.435617 26.314245 23.608273 24.938301 23.836805 27.241322 20.708714 21.766796 24.159838 21.733902 19.745592 19.698502 24.835625 33.063309 37.662617 35.667351 28.658491 11.200263 -9999.0 -9999.0 -9999.0 -9999.0 -9999.0 -9999.0 -9999.0 -9999.0 -9999.0 -9999.0 -9999.0 -9999.0 -9999.0 -9999.0 -9999.0 -9999.0
21.616817 16.088289 10.030722 22.721989 34.109009 30.301966 28.435555 29.146811 29.340113 27.055536 22.738569 18.993118 24.088116 22.903122 21.285145 35.349651 35.021618 24.372206 21.483278 18.435675 17.746702 14.697706 15.028321 21.306358 11.081580 27.628181 26.055962 25.993019 26.589899 21.597811 20.358213 23.009012 26.306261 22.889019 21.918583 21.784885 19.032949 20.657507 24.425083 32.565968 37.781631 35.204926 28.315933 17.024466 -9999.0 -9999.0 -9999.0 -9999.0 -9999.0 -9999.0 -9999.0 -9999.0 -9999.0 -9999.0 -9999.0 -9999.0 -9999.0 -9999.0 -9999.0 -9999.0 -9999.0
22.080212 25.140165 17.750679 17.999058 33.669708 34.374195 23.123901 17.853716 22.167534 24.494278 23.155558 20.296707 22.711073 25.732450 21.744162 36.265385 33.285286 18.067402 18.736963 16.057074 11.655631 11.288010 9.726319 17.875498 13.788067 18.143236 26.889818 28.388956 27.206249 21.427082 17.019930 20.097689 21.917572 21.272753 20.074471 20.032227 21.954998 26.260164 24.898233 18.791924 -9999.0 -9999.0 -9999.0 -9999.0 -9999.0 -9999.0 -9999.0 -9999.0 -9999.0 -9999.0 -9999.0 -9999.0 -9999.0 -9999.0 -9999.0 -9999.0 -9999.0 -9999.0 -9999.0 -9999.0 -9999.0
23.300283 28.091965 23.580400 11.813294 26.727535 31.911009 30.465319 28.320755 26.770027 21.827318 21.365759 27.133093 24.890614 25.656448 20.746857 32.198357 32.001427 15.267269 17.195585 16.430698 14.490231 19.064308 20.195454 16.276764 20.371372 14.604008 21.081829 28.529705 30.275141 27.635160 19.618851 20.886950 21.372711 20.615370 19.818483 22.126202 27.967186 26.932295 10.447470 -9999.0 -9999.0 -9999.0 -9999.0 -9999.0 -9999.0 -9999.0 -9999.0 -9999.0 -9999.0 -9999.0 -9999.0 -9999.0 -9999.0 -9999.0 -9999.0 -9999.0 -9999.0 -9999.0 -9999.0 -9999.0 -9999.0
21.303999 24.766989 27.888294 12.432852 18.531418 24.647259 25.126778 26.421989 29.900400 32.463573 20.759979 25.974258 27.017122 25.686951 21.332315 25.817604 31.961008 14.896354 14.388341 12.074559 10.673344 20.693888 21.191999 19.712999 15.983565 17.592516 16.000469 26.974373 30.803806 31.044674 26.282192 26.968918 24.607004 22.692539 23.189583 25.844166 24.736755 9.030360 -9999.0 -9999.0 -9999.0 -9999.0 -9999.0 -9999.0 -9999.0 -9999.0 -9999.0 -9999.0 -9999.0 -9999.0 -9999.0 -9999.0 -9999.0 -9999.0 -9999.0 -9999.0 -9999.0 -9999.0 -9999.0 -9999.0 -9999.0
21.610380 20.858383 30.930582 21.536945 15.302190 26.501904 30.341019 29.388821 30.350531 36.065338 28.698158 23.652569 31.132757 28.172052 23.486069 22.839386 29.680201 16.357929 15.125388 13.530951 9.166922 19.275820 15.672050 14.778377 9.892510 16.294292 15.890342 16.293209 26.558632 30.282917 28.347879 27.080141 24.742525 24.436245 24.202446 19.687895 7.075986 -9999.0 -9999.0 -9999.0 -9999.0 -9999.0 -9999.0 -9999.0 -9999.0 -9999.0 -9999.0 -9999.0 -9999.0 -9999.0 -9999.0 -9999.0 -9999.0 -9999.0 -9999.0 -9999.0 -9999.0 -9999.0 -9999.0 -9999.0 -9999.0
27.176336 22.836958 32.585709 30.784298 18.087587 19.613573 30.279165 29.444275 28.363152 33.745327 30.297598 16.136803 26.060595 31.791235 27.360964 22.221832 24.765736 18.884138 14.978008 16.478249 11.622275 14.709401 15.913407 9.080233 16.015646 12.908494 19.973717 14.346359 20.500856 27.045034 26.070873 25.361593 25.703194 26.445093 20.415514 -9999.0 -9999.0 -9999.0 -9999.0 -9999.0 -9999.0 -9999.0 -9999.0 -9999.0 -9999.0 -9999.0 -9999.0 -9999.0 -9999.0 -9999.0 -9999.0 -9999.0 -9999.0 -9999.0 -9999.0 -9999.0 -9999.0 -9999.0 -9999.0 -9999.0 -9999.0
26.699100 19.389788 28.824785 32.151215 28.487938 20.422104 23.322515 24.112795 32.630577 37.456970 34.924561 27.658184 10.837394 27.731247 29.872652 25.172451 20.967274 18.530649 10.922271 14.597364 10.134965 13.029283 15.324574 15.484028 18.124908 19.316856 15.685863 19.647703 14.353664 23.624031 23.608273 23.007641 26.101318 24.818182 15.554140 -9999.0 -9999.0 -9999.0 -9999.0 -9999.0 -9999.0 -9999.0 -9999.0 -9999.0 -9999.0 -9999.0 -9999.0 -9999.0 -9999.0 -9999.0 -9999.0 -9999.0 -9999.0 -9999.0 -9999.0 -9999.0 -9999.0 -9999.0 -9999.0 -9999.0 -9999.0
24.361788 13.838554 22.321867 27.323280 27.989731 28.733292 32.752079 25.672504 19.538626 30.742971 35.176437 35.414902 24.632191 18.160633 27.111849 26.535185 19.738485 17.564245 12.810031 16.967463 17.330935 19.695417 19.057642 22.487103 21.588800 22.572510 17.019674 21.560011 15.912896 15.086066 15.655759 11.228416 -9999.0 -9999.0 -9999.0 -9999.0 -9999.0 -9999.0 -9999.0 -9999.0 -9999.0 -9999.0 -9999.0 -9999.0 -9999.0 -9999.0 -9999.0 -9999.0 -9999.0 -9999.0 -9999.0 -9999.0 -9999.0 -9999.0 -9999.0 -9999.0 -9999.0 -9999.0 -9999.0 -9999.0 -9999.0
27.052935 21.686298 24.985722 30.452143 30.845884 32.297695 32.217453 30.537724 28.206249 25.150969 30.903261 34.903294 34.789501 19.849829 22.282051 27.626591 27.140285 23.893559 20.679279 22.873175 24.965733 24.780807 22.331924 23.861254 22.524752 22.914339 27.663630 25.086046 11.782937 -9999.0 -9999.0 -9999.0 -9999.0 -9999.0 -9999.0 -9999.0 -9999.0 -9999.0 -9999.0 -9999.0 -9999.0 -9999.0 -9999.0 -9999.0 -9999.0 -9999.0 -9999.0 -9999.0 -9999.0 -9999.0 -9999.0 -9999.0 -9999.0 -9999.0 -9999.0 -9999.0 -9999.0 -9999.0 -9999.0 -9999.0 -9999.0
24.544914 18.496223 21.070665 30.013063 31.752539 30.443594 27.483318 25.073290 26.613794 31.288401 33.298092 30.108189 36.307785 25.940647 15.291129 21.762650 21.533272 17.909569 19.290339 23.535213 24.640268 23.669710 23.924450 23.828421 22.689011 20.462896 21.983889 16.511515 -9999.0 -9999.0 -9999.0 -9999.0 -9999.0 -9999.0 -9999.0 -9999.0 -9999.0 -9999.0 -9999.0 -9999.0 -9999.0 -9999.0 -9999.0 -9999.0 -9999.0 -9999.0 -9999.0 -9999.0 -9999.0 -9999.0 -9999.0 -9999.0 -9999.0 -9999.0 -9999.0 -9999.0 -9999.0 -9999.0 -9999.0 -9999.0 -9999.0
21.951729 16.308010 16.146849 20.002895 26.811981 24.308041 22.305887 21.772394 23.167332 31.082571 33.093246 26.910162 29.043489 26.601976 13.467766 10.161484 -9999.0 -9999.0 -9999.0 -9999.0 -9999.0 -9999.0 20.768402 22.889336 18.810398 6.155919 3.710206 5.302065 -9999.0 -9999.0 -9999.0 -9999.0 -9999.0 -9999.0 -9999.0 -9999.0 -9999.0 -9999.0 -9999.0 -9999.0 -9999.0 -9999.0 -9999.0 -9999.0 -9999.0 -9999.0 -9999.0 -9999.0 -9999.0 -9999.0 -9999.0 -9999.0 -9999.0 -9999.0 -9999.0 -9999.0 -9999.0 -9999.0 -9999.0 -9999.0 -9999.0
23.101898 17.964163 17.817408 17.301203 25.643164 27.841455 24.799723 23.218430 24.122578 28.669043 24.852364 18.272673 19.901236 21.047112 20.723558 7.939144 -9999.0 -9999.0 -9999.0 -9999.0 -9999.0 -9999.0 -9999.0 -9999.0 -9999.0 -9999.0 -9999.0 -9999.0 -9999.0 -9999.0 -9999.0 -9999.0 -9999.0 -9999.0 -9999.0 -9999.0 -9999.0 -9999.0 -9999.0 -9999.0 -9999.0 -9999.0 -9999.0 -9999.0 -9999.0 -9999.0 -9999.0 -9999.0 -9999.0 -9999.0 -9999.0 -9999.0 -9999.0 -9999.0 -9999.0 -9999.0 -9999.0 -9999.0 -9999.0 -9999.0 -9999.0
23.289955 19.771940 17.195459 22.051805 22.569571 27.798906 26.990570 23.436886 23.072666 24.031137 19.697084 15.122820 18.571314 22.239010 23.943214 12.095030 -9999.0 -9999.0 -9999.0 -9999.0 -9999.0 -9999.0 -9999.0 -9999.0 -9999.0 -9999.0 -9999.0 -9999.0 -9999.0 -9999.0 -9999.0 -9999.0 -9999.0 -9999.0 -9999.0 -9999.0 -9999.0 -9999.0 -9999.0 -9999.0 -9999.0 -9999.0 -9999.0 -9999.0 -9999.0 -9999.0 -9999.0 -9999.0 -9999.0 -9999.0 -9999.0 -9999.0 -9999.0 -9999.0 -9999.0 -9999.0 -9999.0 -9999.0 -9999.0 -9999.0 -9999.0
24.933615 19.906866 16.792183 19.076780 18.702383 15.432446 21.383024 21.882233 20.494907 20.726805 20.253172 18.498920 20.708052 23.953962 22.541452 11.583517 -9999.0 -9999.0 -9999.0 -9999.0 -9999.0 -9999.0 -9999.0 -9999.0 -9999.0 -9999.0 -9999.0 -9999.0 -9999.0 -9999.0 -9999.0 -9999.0 -9999.0 -9999.0 -9999.0 -9999.0 -9999.0 -9999.0 -9999.0 -9999.0 -9999.0 -9999.0 -9999.0 -9999.0 -9999.0 -9999.0 -9999.0 -9999.0 -9999.0 -9999.0 -9999.0 -9999.0 -9999.0 -9999.0 -9999.0 -9999.0 -9999.0 -9999.0 -9999.0 -9999.0 -9999.0
25.875656 28.282894 26.144619 24.701427 21.151285 17.540575 17.248707 21.184805 22.384674 23.375546 22.173443 20.535772 19.881948 13.797973 -9999.0 -9999.0 -9999.0 -9999.0 -9999.0 -9999.0 -9999.0 -9999.0 -9999.0 -9999.0 -9999.0 -9999.0 -9999.0 -9999.0 -9999.0 -9999.0 -9999.0 -9999.0 -9999.0 -9999.0 -9999.0 -9999.0 -9999.0 -9999.0 -9999.0 -9999.0 -9999.0 -9999.0 -9999.0 -9999.0 -9999.0 -9999.0 -9999.0 -9999.0 -9999.0 -9999.0 -9999.0 -9999.0 -9999.0 -9999.0 -9999.0 -9999.0 -9999.0 -9999.0 -9999.0 -9999.0 -9999.0
